Timestamp,EEG.Counter,EEG.AF3,EEG.AF4,EEG.F7,EEG.F3,EEG.FC5,EEG.T7,EEG.P7,EEG.O1,EEG.O2,EEG.P8,EEG.T8,EEG.FC6,EEG.F4,EEG.F8,Label
1668946352.010674,3.0,4261.922852,4261.794922,4233.717773,4255.641113,4245.897461,4244.358887,4246.794922,4247.307617,4272.436035,4271.922852,4266.538574,4269.230957,4272.436035,4269.615234,2
1668946352.014576,4.0,4257.820313,4258.333496,4235.384766,4255.641113,4246.666504,4243.717773,4246.410156,4247.05127,4267.307617,4266.538574,4257.179688,4263.077148,4268.589844,4266.410156,2
1668946352.018477,5.0,4252.820313,4255.641113,4236.794922,4254.487305,4247.05127,4243.846191,4246.025879,4247.436035,4262.94873,4261.922852,4248.333496,4258.717773,4266.410156,4262.94873,2
1668946352.022378,6.0,4249.102539,4253.205078,4236.922852,4251.666504,4246.666504,4244.358887,4246.153809,4247.563965,4259.615234,4258.461426,4243.077148,4258.205078,4265.256348,4260.897461,2
1668946352.02628,7.0,4248.461426,4251.282227,4235.897461,4248.974121,4245.512695,4245.0,4246.794922,4247.05127,4256.538574,4256.025879,4242.692383,4260.897461,4264.358887,4261.025879,2
1668946352.030181,8.0,4251.666504,4250.512695,4234.871582,4248.717773,4244.487305,4245.512695,4247.307617,4246.922852,4252.436035,4253.589844,4246.410156,4263.846191,4263.077148,4262.563965,2
1668946352.034083,9.0,4257.563965,4250.897461,4234.487305,4251.794922,4245.0,4246.025879,4247.436035,4247.692383,4247.820313,4250.769043,4251.922852,4263.717773,4261.538574,4263.589844,2
1668946352.037984,10.0,4263.589844,4251.410156,4234.743652,4256.538574,4247.05127,4246.666504,4247.307617,4249.743652,4244.615234,4247.820313,4256.922852,4259.230957,4260.0,4262.436035,2
1668946352.041885,11.0,4266.410156,4250.384766,4234.743652,4259.358887,4248.974121,4246.410156,4247.179688,4252.05127,4244.615234,4245.769043,4260.0,4252.307617,4258.461426,4259.358887,2
1668946352.045787,12.0,4264.102539,4247.94873,4234.230957,4258.205078,4248.205078,4244.871582,4246.922852,4252.94873,4247.05127,4245.256348,4260.0,4245.512695,4256.922852,4255.512695,2
1668946352.049688,13.0,4257.820313,4246.410156,4232.94873,4253.589844,4243.974121,4242.563965,4246.538574,4250.897461,4249.230957,4244.743652,4256.410156,4241.666504,4255.384766,4252.436035,2
1668946352.053589,14.0,4251.153809,4248.077148,4231.538574,4248.461426,4237.94873,4241.025879,4245.769043,4245.384766,4248.717773,4243.461426,4250.256348,4241.922852,4254.743652,4251.794922,2
1668946352.057491,15.0,4248.333496,4252.94873,4230.512695,4245.769043,4233.717773,4240.769043,4245.0,4238.589844,4246.025879,4241.794922,4244.615234,4245.897461,4255.384766,4254.358887,2
1668946352.061392,16.0,4250.769043,4258.205078,4230.641113,4246.153809,4233.461426,4241.025879,4244.487305,4233.589844,4244.358887,4241.922852,4242.436035,4251.922852,4257.563965,4259.358887,2
1668946352.065294,17.0,4256.538574,4260.512695,4231.666504,4248.205078,4236.922852,4240.256348,4244.230957,4232.94873,4246.153809,4245.512695,4244.487305,4257.94873,4260.384766,4264.487305,2
1668946352.069195,18.0,4261.538574,4258.461426,4232.692383,4249.230957,4241.922852,4238.333496,4244.358887,4236.538574,4251.410156,4251.538574,4248.589844,4261.794922,4262.436035,4267.05127,2
1668946352.073096,19.0,4262.692383,4253.717773,4233.205078,4248.205078,4245.512695,4237.05127,4244.743652,4242.307617,4257.436035,4257.05127,4251.538574,4262.563965,4262.820313,4265.769043,2
1668946352.076998,20.0,4259.230957,4249.358887,4233.589844,4246.153809,4246.666504,4237.94873,4245.128418,4248.077148,4261.666504,4259.743652,4251.794922,4260.897461,4261.025879,4262.179688,2
1668946352.080899,21.0,4252.94873,4247.692383,4234.358887,4244.358887,4245.897461,4241.410156,4245.641113,4251.538574,4262.563965,4259.615234,4250.512695,4258.846191,4258.205078,4259.230957,2
1668946352.0848,22.0,4247.307617,4248.717773,4236.538574,4243.589844,4245.128418,4245.897461,4245.897461,4252.05127,4260.897461,4258.974121,4250.256348,4257.820313,4255.897461,4259.102539,2
1668946352.088702,23.0,4244.871582,4251.153809,4239.743652,4243.717773,4245.641113,4249.871582,4245.897461,4250.512695,4258.974121,4259.871582,4252.820313,4258.717773,4255.384766,4261.922852,2
1668946352.092603,24.0,4245.512695,4252.820313,4242.692383,4244.102539,4246.922852,4252.05127,4245.769043,4248.205078,4258.333496,4261.922852,4257.820313,4260.769043,4256.410156,4265.641113,2
1668946352.096505,25.0,4247.307617,4252.436035,4244.358887,4244.230957,4248.205078,4252.94873,4245.641113,4246.666504,4258.589844,4262.436035,4262.820313,4262.436035,4257.820313,4268.205078,2
1668946352.100406,26.0,4248.205078,4249.871582,4244.615234,4244.230957,4248.717773,4253.846191,4245.256348,4246.410156,4258.077148,4258.974121,4265.0,4262.563965,4258.077148,4267.820313,2
1668946352.104307,27.0,4248.205078,4247.05127,4244.230957,4244.230957,4248.717773,4255.128418,4244.871582,4247.05127,4255.769043,4252.436035,4263.461426,4261.153809,4256.922852,4265.641113,2
1668946352.108209,28.0,4247.820313,4246.282227,4244.102539,4244.615234,4248.974121,4256.153809,4245.128418,4248.077148,4252.820313,4246.794922,4259.743652,4260.128418,4255.256348,4263.589844,2
1668946352.11211,29.0,4247.820313,4248.589844,4244.743652,4244.871582,4249.487305,4255.384766,4246.410156,4248.846191,4251.282227,4245.769043,4256.538574,4261.153809,4254.230957,4263.205078,2
1668946352.116012,30.0,4247.307617,4252.05127,4245.256348,4244.487305,4249.487305,4251.922852,4248.077148,4249.358887,4251.794922,4250.128418,4255.769043,4263.333496,4253.974121,4264.230957,2
1668946352.119913,31.0,4245.512695,4254.230957,4244.615234,4243.333496,4248.077148,4247.179688,4248.846191,4249.230957,4253.333496,4256.282227,4257.307617,4263.846191,4253.333496,4265.384766,2
1668946352.123814,32.0,4243.077148,4253.974121,4241.794922,4241.666504,4245.512695,4243.717773,4247.94873,4248.077148,4253.461426,4259.230957,4258.717773,4261.538574,4251.922852,4265.256348,2
1668946352.127716,33.0,4241.794922,4252.563965,4237.436035,4240.641113,4243.077148,4243.461426,4245.512695,4246.025879,4251.538574,4256.410156,4257.436035,4258.461426,4250.641113,4264.102539,2
1668946352.131617,34.0,4242.94873,4251.794922,4234.230957,4241.153809,4242.179688,4245.897461,4243.077148,4244.102539,4248.589844,4249.615234,4253.205078,4257.563965,4250.897461,4263.077148,2
1668946352.135518,35.0,4245.769043,4252.820313,4234.615234,4242.94873,4243.205078,4249.102539,4242.05127,4243.589844,4246.410156,4243.333496,4248.333496,4259.487305,4252.692383,4263.077148,2
1668946352.13942,36.0,4248.717773,4255.128418,4238.717773,4245.384766,4245.256348,4251.410156,4243.205078,4244.743652,4245.256348,4240.769043,4245.384766,4261.666504,4255.128418,4264.102539,2
1668946352.143321,37.0,4250.769043,4256.922852,4243.461426,4247.05127,4247.307617,4251.666504,4245.512695,4246.538574,4244.358887,4241.410156,4245.641113,4261.153809,4256.666504,4265.256348,2
1668946352.147223,38.0,4251.282227,4256.410156,4245.512695,4247.436035,4248.333496,4249.230957,4247.179688,4247.563965,4243.461426,4243.333496,4247.820313,4257.820313,4256.025879,4266.025879,2
1668946352.151124,39.0,4250.384766,4253.461426,4244.102539,4246.538574,4248.205078,4245.769043,4247.692383,4247.692383,4243.846191,4245.128418,4249.230957,4254.230957,4253.846191,4266.282227,2
1668946352.155025,40.0,4248.205078,4249.871582,4240.897461,4245.0,4247.307617,4243.846191,4247.94873,4248.333496,4246.794922,4247.436035,4248.461426,4252.820313,4251.666504,4265.512695,2
1668946352.158927,41.0,4245.256348,4247.179688,4238.717773,4244.102539,4246.153809,4245.384766,4249.487305,4251.153809,4252.563965,4251.153809,4246.153809,4253.717773,4251.025879,4263.077148,2
1668946352.162828,42.0,4242.179688,4246.282227,4238.846191,4244.102539,4245.641113,4250.128418,4252.820313,4256.794922,4259.615234,4256.153809,4245.128418,4255.256348,4252.05127,4258.846191,2
1668946352.16673,43.0,4240.384766,4246.538574,4240.897461,4244.871582,4245.641113,4255.256348,4256.538574,4263.077148,4265.384766,4261.025879,4247.436035,4255.512695,4253.717773,4254.871582,2
1668946352.170631,44.0,4240.641113,4247.05127,4243.077148,4246.153809,4246.153809,4257.692383,4258.205078,4266.794922,4267.307617,4264.230957,4252.179688,4254.358887,4254.615234,4253.589844,2
1668946352.174532,45.0,4243.205078,4247.563965,4243.846191,4247.307617,4246.666504,4256.153809,4256.410156,4265.512695,4265.384766,4265.128418,4256.282227,4252.692383,4254.615234,4256.025879,2
1668946352.178434,46.0,4246.922852,4248.077148,4243.589844,4247.94873,4247.05127,4252.307617,4252.179688,4260.0,4261.666504,4263.974121,4256.666504,4251.666504,4254.615234,4260.0,2
1668946352.182335,47.0,4250.0,4248.717773,4243.333496,4248.333496,4247.05127,4248.846191,4247.820313,4253.461426,4258.589844,4261.922852,4253.333496,4252.05127,4255.256348,4261.794922,2
1668946352.186237,48.0,4251.025879,4249.102539,4243.974121,4248.205078,4246.794922,4247.436035,4245.769043,4249.358887,4256.538574,4259.230957,4248.589844,4253.077148,4256.538574,4259.358887,2
1668946352.190138,49.0,4250.256348,4248.846191,4245.512695,4247.820313,4246.666504,4247.820313,4246.153809,4248.717773,4254.487305,4255.769043,4245.641113,4253.589844,4257.307617,4254.230957,2
1668946352.194039,50.0,4248.717773,4248.589844,4246.794922,4247.307617,4247.179688,4249.358887,4247.563965,4250.0,4251.794922,4251.538574,4245.897461,4252.94873,4256.282227,4250.512695,2
1668946352.19794,51.0,4247.820313,4249.487305,4247.179688,4246.794922,4247.94873,4251.538574,4248.461426,4250.897461,4248.846191,4247.436035,4247.94873,4252.05127,4253.717773,4251.538574,2
1668946352.201842,52.0,4248.333496,4252.820313,4246.794922,4246.794922,4248.846191,4254.487305,4248.333496,4250.769043,4247.436035,4244.615234,4249.102539,4253.077148,4251.922852,4257.307617,2
1668946352.205743,53.0,4249.743652,4258.589844,4246.538574,4247.436035,4249.871582,4257.820313,4248.077148,4250.256348,4248.461426,4244.743652,4247.820313,4256.282227,4252.692383,4265.0,2
1668946352.209645,54.0,4250.897461,4264.615234,4247.179688,4248.333496,4250.769043,4260.0,4247.94873,4249.871582,4251.282227,4247.692383,4245.641113,4260.128418,4256.153809,4270.769043,2
1668946352.213546,55.0,4251.153809,4267.94873,4248.333496,4249.102539,4251.410156,4259.615234,4247.820313,4249.102539,4253.589844,4252.179688,4245.769043,4262.692383,4260.897461,4272.820313,2
1668946352.217447,56.0,4250.641113,4267.05127,4248.846191,4248.974121,4250.897461,4256.025879,4247.05127,4246.794922,4254.102539,4256.153809,4250.384766,4264.102539,4264.743652,4271.922852,2
1668946352.221349,57.0,4249.871582,4263.077148,4247.820313,4247.94873,4248.846191,4250.512695,4245.512695,4243.205078,4253.589844,4257.692383,4257.563965,4265.256348,4265.897461,4270.256348,2
1668946352.22525,58.0,4248.333496,4258.333496,4245.769043,4246.410156,4246.153809,4245.512695,4244.102539,4239.871582,4253.333496,4257.179688,4262.179688,4265.897461,4263.717773,4269.230957,2
1668946352.229152,59.0,4245.641113,4254.743652,4243.974121,4245.128418,4244.230957,4243.846191,4244.102539,4238.461426,4254.230957,4255.641113,4259.871582,4264.871582,4258.846191,4268.846191,2
1668946352.233053,60.0,4242.94873,4253.205078,4243.205078,4244.358887,4244.102539,4245.512695,4245.0,4239.487305,4254.743652,4254.487305,4251.922852,4262.307617,4253.589844,4268.461426,2
1668946352.236954,61.0,4242.307617,4254.358887,4243.717773,4244.358887,4245.384766,4248.461426,4246.153809,4242.307617,4253.717773,4254.487305,4245.128418,4260.641113,4250.897461,4269.102539,2
1668946352.240856,62.0,4245.512695,4257.94873,4245.256348,4245.641113,4247.179688,4250.384766,4246.666504,4244.743652,4251.666504,4256.410156,4246.538574,4263.077148,4252.820313,4272.307617,2
1668946352.244757,63.0,4252.307617,4263.333496,4247.436035,4248.333496,4248.846191,4250.641113,4245.897461,4245.256348,4251.025879,4260.512695,4257.94873,4270.769043,4259.230957,4278.717773,2
1668946352.248659,64.0,4260.0,4269.871582,4249.871582,4252.436035,4250.512695,4249.487305,4244.358887,4243.846191,4253.077148,4266.025879,4273.717773,4280.256348,4268.077148,4286.922852,2
1668946352.25256,65.0,4265.384766,4276.282227,4251.794922,4256.922852,4252.94873,4247.692383,4243.205078,4242.05127,4257.436035,4270.384766,4285.0,4286.922852,4275.897461,4293.974121,2
1668946352.256461,66.0,4267.436035,4281.025879,4252.307617,4260.641113,4256.153809,4246.025879,4243.333496,4242.307617,4261.922852,4272.179688,4286.410156,4287.94873,4279.871582,4297.179688,2
1668946352.260363,67.0,4267.05127,4283.077148,4251.282227,4263.589844,4258.974121,4244.615234,4245.0,4245.128418,4263.846191,4271.025879,4278.974121,4284.743652,4279.615234,4296.538574,2
1668946352.264264,68.0,4266.666504,4282.05127,4249.743652,4265.512695,4260.256348,4244.358887,4247.436035,4249.102539,4261.794922,4268.461426,4268.974121,4281.025879,4276.410156,4293.717773,2
1668946352.268165,69.0,4267.179688,4278.846191,4248.974121,4266.410156,4259.487305,4245.512695,4249.358887,4252.179688,4256.666504,4265.897461,4262.563965,4279.358887,4272.307617,4290.256348,2
1668946352.272067,70.0,4267.563965,4274.871582,4249.230957,4265.641113,4256.922852,4247.563965,4250.128418,4253.205078,4251.153809,4263.461426,4261.282227,4279.487305,4269.102539,4286.538574,2
1668946352.275968,71.0,4265.769043,4270.641113,4250.0,4262.436035,4253.077148,4249.230957,4249.615234,4252.436035,4247.692383,4261.025879,4261.794922,4278.974121,4267.05127,4281.666504,2
1668946352.27987,72.0,4261.153809,4266.282227,4249.358887,4257.436035,4248.205078,4248.461426,4247.563965,4250.897461,4247.436035,4258.205078,4259.615234,4275.128418,4265.256348,4275.256348,2
1668946352.283771,73.0,4254.487305,4261.538574,4246.410156,4252.05127,4243.205078,4245.384766,4245.128418,4249.615234,4249.871582,4255.384766,4253.974121,4267.307617,4262.692383,4269.102539,2
1668946352.287672,74.0,4248.205078,4256.025879,4241.794922,4248.333496,4238.589844,4241.538574,4243.717773,4248.974121,4252.563965,4252.94873,4248.333496,4257.692383,4258.974121,4265.128418,2
1668946352.291574,75.0,4243.717773,4250.512695,4237.307617,4246.794922,4234.871582,4239.615234,4244.102539,4249.102539,4253.205078,4250.384766,4246.666504,4250.384766,4254.358887,4263.461426,2
1668946352.295475,76.0,4241.025879,4246.410156,4234.487305,4245.641113,4232.05127,4241.025879,4245.512695,4249.358887,4250.512695,4246.922852,4248.846191,4247.307617,4249.230957,4262.94873,2
1668946352.299376,77.0,4238.717773,4244.871582,4233.717773,4243.333496,4230.128418,4244.487305,4246.153809,4248.846191,4245.769043,4242.563965,4251.025879,4247.692383,4244.230957,4261.666504,2
1668946352.303278,78.0,4235.256348,4245.256348,4233.846191,4239.871582,4229.871582,4247.179688,4244.487305,4247.692383,4241.666504,4238.974121,4249.487305,4248.589844,4240.0,4258.846191,2
1668946352.307179,79.0,4231.282227,4245.512695,4233.077148,4236.922852,4231.794922,4246.410156,4241.153809,4246.922852,4241.025879,4238.333496,4244.358887,4248.717773,4238.077148,4255.256348,2
1668946352.311081,80.0,4228.974121,4244.358887,4231.410156,4236.538574,4235.769043,4242.820313,4238.333496,4247.820313,4244.615234,4240.897461,4239.230957,4248.333496,4239.358887,4252.436035,2
1668946352.314982,81.0,4229.487305,4242.820313,4230.641113,4239.102539,4240.384766,4239.743652,4238.461426,4249.102539,4250.384766,4245.0,4237.820313,4248.461426,4243.205078,4252.179688,2
1668946352.318883,82.0,4231.666504,4242.692383,4232.563965,4243.205078,4243.333496,4240.769043,4241.538574,4248.333496,4253.974121,4247.436035,4240.641113,4249.615234,4247.820313,4255.128418,2
1668946352.322785,83.0,4233.461426,4245.384766,4236.922852,4245.769043,4243.333496,4246.025879,4245.384766,4244.230957,4251.794922,4246.153809,4244.487305,4251.282227,4251.153809,4259.743652,2
1668946352.326686,84.0,4233.205078,4250.641113,4241.282227,4245.512695,4240.769043,4251.153809,4247.692383,4238.717773,4243.974121,4241.282227,4245.897461,4252.820313,4252.692383,4263.333496,2
1668946352.330588,85.0,4232.05127,4256.282227,4242.563965,4243.205078,4237.692383,4251.538574,4246.794922,4235.769043,4235.128418,4236.153809,4244.487305,4253.589844,4252.563965,4263.717773,2
1668946352.334489,86.0,4231.922852,4259.743652,4240.769043,4241.410156,4236.282227,4245.769043,4243.717773,4237.692383,4231.153809,4234.743652,4243.589844,4254.487305,4252.307617,4261.153809,2
1668946352.33839,87.0,4234.743652,4260.512695,4237.820313,4242.307617,4237.563965,4237.179688,4240.512695,4242.94873,4234.487305,4238.589844,4246.794922,4256.410156,4253.717773,4258.717773,2
1668946352.342292,88.0,4240.641113,4260.512695,4236.922852,4245.897461,4241.410156,4231.153809,4238.974121,4247.436035,4242.692383,4245.897461,4254.615234,4259.871582,4257.179688,4259.487305,2
1668946352.346193,89.0,4247.436035,4262.436035,4238.717773,4250.512695,4246.410156,4231.666504,4240.384766,4248.333496,4250.384766,4252.307617,4262.820313,4263.589844,4260.897461,4263.077148,2
1668946352.350094,90.0,4252.436035,4266.538574,4241.538574,4253.589844,4250.256348,4238.333496,4243.717773,4245.512695,4253.333496,4254.743652,4266.794922,4266.025879,4262.436035,4267.05127,2
1668946352.353996,91.0,4253.846191,4270.769043,4243.589844,4253.333496,4250.641113,4247.05127,4247.179688,4241.922852,4251.666504,4252.94873,4264.871582,4266.153809,4260.897461,4268.846191,2
1668946352.357897,92.0,4251.666504,4272.563965,4243.846191,4249.358887,4247.692383,4252.307617,4248.974121,4240.769043,4247.692383,4248.846191,4258.974121,4264.615234,4257.307617,4268.077148,2
1668946352.361799,93.0,4247.692383,4270.769043,4242.820313,4243.846191,4243.205078,4251.538574,4248.333496,4242.307617,4244.358887,4244.487305,4251.922852,4262.436035,4253.846191,4266.282227,2
1668946352.3657,94.0,4244.487305,4266.538574,4241.282227,4239.358887,4238.846191,4246.410156,4245.384766,4243.974121,4242.692383,4240.512695,4245.512695,4260.769043,4251.794922,4264.230957,2
1668946352.369601,95.0,4243.846191,4262.307617,4239.871582,4237.436035,4235.769043,4241.538574,4240.897461,4242.692383,4241.794922,4236.922852,4240.256348,4259.487305,4250.769043,4261.794922,2
1668946352.373503,96.0,4245.256348,4259.871582,4238.589844,4238.077148,4234.615234,4240.256348,4236.153809,4237.820313,4239.871582,4233.717773,4236.410156,4257.563965,4249.487305,4258.205078,2
1668946352.377404,97.0,4247.179688,4259.487305,4237.820313,4240.0,4235.512695,4241.794922,4232.820313,4232.179688,4236.153809,4231.025879,4234.743652,4254.230957,4246.794922,4253.717773,2
1668946352.381306,98.0,4247.692383,4260.256348,4237.94873,4241.922852,4238.461426,4243.205078,4231.922852,4229.615234,4231.153809,4229.230957,4235.512695,4250.0,4242.820313,4249.487305,2
1668946352.385207,99.0,4246.666504,4261.153809,4238.974121,4242.563965,4241.922852,4242.05127,4233.205078,4231.282227,4226.794922,4228.333496,4237.692383,4246.410156,4239.102539,4246.410156,2
1668946352.389108,100.0,4245.641113,4261.794922,4240.897461,4241.922852,4244.102539,4238.846191,4234.743652,4234.743652,4224.358887,4227.436035,4239.230957,4244.487305,4236.666504,4245.512695,2
1668946352.39301,101.0,4245.897461,4262.436035,4242.94873,4241.025879,4244.358887,4236.025879,4235.0,4236.666504,4223.717773,4226.410156,4237.94873,4243.974121,4236.025879,4246.025879,2
1668946352.396911,102.0,4248.461426,4262.692383,4244.358887,4241.410156,4243.846191,4235.384766,4233.717773,4236.153809,4225.128418,4225.897461,4233.974121,4244.102539,4236.410156,4246.794922,2
1668946352.400813,103.0,4253.333496,4262.563965,4245.0,4243.589844,4244.102539,4237.692383,4232.307617,4234.743652,4228.589844,4227.179688,4229.743652,4244.871582,4237.563965,4246.410156,2
1668946352.404714,104.0,4259.487305,4262.94873,4245.769043,4247.179688,4246.153809,4241.794922,4232.05127,4234.358887,4233.205078,4230.0,4228.589844,4246.538574,4239.102539,4245.512695,2
1668946352.408615,105.0,4264.487305,4264.487305,4247.820313,4250.641113,4248.974121,4246.282227,4233.205078,4234.743652,4237.563965,4233.205078,4231.922852,4248.846191,4240.641113,4246.025879,2
1668946352.412516,106.0,4266.025879,4266.666504,4250.384766,4251.922852,4250.897461,4248.589844,4234.743652,4234.615234,4238.846191,4234.487305,4237.05127,4250.641113,4241.153809,4248.461426,2
1668946352.416418,107.0,4263.333496,4267.436035,4251.666504,4249.230957,4250.384766,4247.05127,4235.128418,4233.077148,4235.641113,4232.692383,4238.589844,4250.0,4239.743652,4250.641113,2
1668946352.420319,108.0,4257.436035,4264.487305,4250.0,4243.205078,4247.436035,4241.666504,4233.846191,4230.897461,4227.94873,4227.563965,4233.461426,4245.769043,4236.153809,4249.230957,2
1668946352.424221,109.0,4251.153809,4257.94873,4246.025879,4236.282227,4243.589844,4236.025879,4231.410156,4229.358887,4218.717773,4220.641113,4223.589844,4238.846191,4230.897461,4243.333496,2
1668946352.428122,110.0,4247.436035,4251.538574,4242.563965,4232.179688,4240.384766,4234.102539,4229.230957,4228.974121,4212.179688,4214.743652,4215.512695,4232.436035,4226.282227,4236.153809,2
1668946352.432023,111.0,4247.307617,4248.846191,4242.179688,4233.205078,4240.0,4237.436035,4228.589844,4229.743652,4211.538574,4212.94873,4214.871582,4230.0,4224.871582,4232.179688,2
1668946352.435925,112.0,4249.230957,4250.897461,4244.230957,4238.717773,4242.820313,4243.589844,4230.0,4230.897461,4216.794922,4216.025879,4222.563965,4232.563965,4227.05127,4233.846191,2
1668946352.439826,113.0,4250.769043,4255.128418,4246.282227,4245.384766,4247.05127,4247.692383,4232.436035,4231.282227,4224.743652,4222.563965,4234.230957,4238.205078,4231.025879,4239.358887,2
1668946352.443728,114.0,4250.384766,4258.077148,4246.282227,4249.487305,4249.615234,4247.307617,4234.487305,4230.256348,4231.282227,4229.358887,4244.743652,4243.974121,4234.102539,4245.0,2
1668946352.447629,115.0,4249.230957,4258.333496,4245.0,4249.102539,4248.846191,4243.333496,4235.0,4228.974121,4234.358887,4234.102539,4251.025879,4247.436035,4235.512695,4248.205078,2
1668946352.45153,116.0,4249.615234,4256.922852,4244.230957,4245.641113,4245.641113,4239.487305,4234.358887,4228.974121,4234.743652,4235.769043,4252.179688,4248.717773,4236.282227,4248.846191,2
1668946352.455432,117.0,4252.307617,4256.410156,4245.256348,4242.436035,4243.077148,4239.487305,4233.589844,4231.153809,4234.487305,4235.384766,4249.230957,4249.358887,4237.436035,4248.461426,2
1668946352.459333,118.0,4256.282227,4258.333496,4247.692383,4241.538574,4243.077148,4243.717773,4233.333496,4234.743652,4235.384766,4234.487305,4244.487305,4250.128418,4238.974121,4248.461426,2
1668946352.463235,119.0,4258.333496,4261.538574,4250.0,4242.563965,4245.128418,4249.615234,4233.333496,4237.307617,4237.179688,4234.358887,4240.0,4250.256348,4240.0,4248.846191,2
1668946352.467136,120.0,4256.794922,4263.846191,4250.384766,4243.461426,4247.179688,4252.692383,4232.436035,4236.794922,4238.077148,4235.128418,4236.410156,4248.589844,4239.615234,4248.846191,2
1668946352.471037,121.0,4253.077148,4263.717773,4248.717773,4243.077148,4247.307617,4250.384766,4230.769043,4232.94873,4237.436035,4236.666504,4233.974121,4246.153809,4238.077148,4248.077148,2
1668946352.474939,122.0,4251.153809,4262.05127,4246.410156,4242.307617,4246.025879,4244.358887,4229.615234,4227.94873,4236.794922,4239.230957,4234.615234,4245.897461,4236.922852,4247.307617,2
1668946352.47884,123.0,4253.205078,4261.282227,4245.641113,4242.94873,4245.0,4239.230957,4230.0,4225.256348,4238.974121,4243.077148,4240.384766,4249.358887,4237.94873,4248.205078,2
1668946352.482741,124.0,4257.692383,4262.563965,4247.05127,4245.512695,4245.641113,4238.333496,4231.794922,4228.205078,4244.487305,4247.692383,4251.025879,4255.256348,4240.897461,4252.05127,2
1668946352.486643,125.0,4260.384766,4264.871582,4249.102539,4248.333496,4247.692383,4241.666504,4234.102539,4236.794922,4251.153809,4251.922852,4262.05127,4260.0,4244.358887,4257.563965,2
1668946352.490544,126.0,4259.358887,4265.769043,4249.743652,4249.615234,4249.230957,4245.512695,4235.897461,4246.538574,4255.641113,4254.102539,4267.307617,4260.769043,4246.153809,4262.179688,2
1668946352.494446,127.0,4256.153809,4263.974121,4248.461426,4248.077148,4249.230957,4246.922852,4237.05127,4252.05127,4256.153809,4253.589844,4264.487305,4257.820313,4245.384766,4264.102539,2
1668946352.498347,128.0,4254.358887,4261.282227,4247.179688,4245.256348,4248.333496,4245.384766,4238.077148,4250.897461,4253.333496,4251.153809,4257.307617,4254.102539,4243.077148,4263.717773,2
1668946352.502248,129.0,4255.641113,4260.384766,4247.692383,4243.333496,4247.94873,4242.820313,4239.487305,4245.384766,4249.743652,4248.846191,4252.179688,4252.820313,4240.384766,4262.436035,2
1668946352.50615,130.0,4258.846191,4262.179688,4250.384766,4243.589844,4249.230957,4241.282227,4241.922852,4240.384766,4247.94873,4248.589844,4252.820313,4255.384766,4238.717773,4261.794922,2
1668946352.510051,131.0,4260.769043,4265.0,4253.589844,4245.384766,4251.410156,4241.282227,4245.0,4240.0,4248.461426,4250.384766,4258.461426,4260.0,4238.717773,4262.563965,2
1668946352.513953,132.0,4259.230957,4266.410156,4255.0,4246.922852,4252.820313,4242.307617,4247.307617,4243.333496,4250.384766,4253.589844,4265.512695,4263.077148,4240.641113,4264.487305,2
1668946352.517854,133.0,4254.615234,4265.256348,4253.717773,4246.153809,4252.05127,4244.230957,4247.307617,4246.153809,4251.922852,4257.05127,4269.615234,4262.692383,4243.333496,4266.282227,2
1668946352.521755,134.0,4249.102539,4262.05127,4250.384766,4242.820313,4249.230957,4247.307617,4244.871582,4244.358887,4251.538574,4259.743652,4268.717773,4259.487305,4245.512695,4266.282227,2
1668946352.525657,135.0,4245.128418,4257.436035,4247.179688,4237.94873,4245.897461,4250.769043,4240.897461,4237.692383,4249.102539,4259.871582,4262.820313,4255.384766,4245.0,4263.589844,2
1668946352.529558,136.0,4242.307617,4251.794922,4245.128418,4233.589844,4243.846191,4253.205078,4237.692383,4230.769043,4244.743652,4256.025879,4254.230957,4251.922852,4241.153809,4258.846191,2
1668946352.533459,137.0,4238.974121,4245.769043,4244.102539,4231.153809,4243.589844,4252.563965,4236.666504,4228.333496,4239.230957,4248.333496,4245.897461,4248.333496,4234.358887,4252.94873,2
1668946352.537361,138.0,4234.487305,4240.256348,4243.461426,4230.769043,4244.487305,4249.358887,4237.563965,4231.794922,4233.846191,4238.974121,4240.384766,4243.846191,4227.05127,4247.179688,2
1668946352.541262,139.0,4230.0,4235.512695,4242.94873,4231.666504,4245.256348,4245.769043,4239.615234,4238.205078,4230.256348,4231.922852,4238.077148,4238.077148,4221.538574,4242.179688,2
1668946352.545164,140.0,4228.077148,4231.922852,4242.692383,4232.94873,4245.128418,4244.615234,4241.794922,4243.974121,4229.615234,4229.230957,4238.333496,4232.820313,4219.230957,4238.333496,2
1668946352.549065,141.0,4230.256348,4229.871582,4243.461426,4234.230957,4244.487305,4246.282227,4243.846191,4247.179688,4231.282227,4230.769043,4240.0,4230.0,4218.974121,4235.641113,2
1668946352.552966,142.0,4235.256348,4229.358887,4245.641113,4235.512695,4244.358887,4248.461426,4245.128418,4247.692383,4234.102539,4233.846191,4242.94873,4230.128418,4219.230957,4233.846191,2
1668946352.556868,143.0,4240.384766,4229.871582,4247.820313,4236.410156,4245.512695,4248.846191,4245.0,4245.769043,4236.282227,4235.384766,4246.410156,4231.282227,4219.102539,4232.563965,2
1668946352.560769,144.0,4242.94873,4230.512695,4248.461426,4236.922852,4247.05127,4246.410156,4243.589844,4242.820313,4237.436035,4234.487305,4248.717773,4231.794922,4218.717773,4232.179688,2
1668946352.56467,145.0,4242.820313,4230.256348,4247.05127,4237.436035,4247.436035,4242.692383,4242.692383,4240.256348,4238.589844,4232.820313,4248.717773,4231.538574,4218.846191,4232.94873,2
1668946352.568572,146.0,4242.05127,4230.256348,4245.256348,4238.205078,4246.410156,4241.025879,4243.461426,4239.358887,4241.282227,4233.717773,4246.410156,4231.666504,4220.512695,4235.0,2
1668946352.572473,147.0,4242.436035,4231.922852,4245.256348,4239.615234,4245.641113,4243.333496,4245.384766,4240.256348,4245.128418,4237.94873,4242.94873,4233.077148,4223.205078,4238.717773,2
1668946352.576375,148.0,4244.871582,4235.897461,4247.94873,4241.666504,4247.94873,4248.077148,4246.282227,4242.05127,4247.820313,4243.333496,4239.743652,4235.897461,4225.769043,4243.461426,2
1668946352.580276,149.0,4248.333496,4240.769043,4251.538574,4244.358887,4253.461426,4251.666504,4244.487305,4243.077148,4247.179688,4246.666504,4238.333496,4238.846191,4226.922852,4247.94873,2
1668946352.584177,150.0,4251.153809,4244.358887,4253.205078,4247.05127,4259.743652,4250.897461,4240.384766,4241.922852,4243.974121,4246.666504,4239.230957,4241.025879,4227.05127,4250.641113,2
1668946352.588079,151.0,4252.179688,4244.871582,4251.282227,4248.846191,4263.205078,4246.153809,4235.769043,4238.589844,4240.897461,4243.846191,4240.641113,4241.025879,4227.692383,4250.512695,2
1668946352.59198,152.0,4251.153809,4241.922852,4247.05127,4249.230957,4261.794922,4240.769043,4232.563965,4234.743652,4239.615234,4240.128418,4239.871582,4239.102539,4228.974121,4246.922852,2
1668946352.595882,153.0,4248.461426,4236.794922,4243.461426,4247.820313,4256.922852,4238.717773,4231.538574,4232.820313,4238.846191,4236.410156,4234.743652,4236.153809,4229.871582,4240.384766,2
1668946352.599783,154.0,4245.769043,4231.153809,4243.717773,4244.487305,4252.179688,4241.538574,4232.436035,4233.589844,4236.410156,4232.307617,4225.897461,4232.94873,4228.077148,4232.94873,2
1668946352.603684,155.0,4244.487305,4226.922852,4248.589844,4239.871582,4250.769043,4246.666504,4234.102539,4235.0,4231.794922,4227.436035,4217.179688,4228.717773,4223.205078,4227.179688,2
1668946352.607586,156.0,4245.256348,4224.615234,4255.769043,4235.769043,4253.717773,4250.256348,4234.871582,4234.102539,4226.666504,4222.436035,4213.077148,4222.94873,4217.05127,4224.230957,2
1668946352.611487,157.0,4247.692383,4223.333496,4262.436035,4233.846191,4259.358887,4249.615234,4233.846191,4229.487305,4221.794922,4218.205078,4215.0,4216.153809,4211.538574,4222.820313,2
1668946352.615389,158.0,4250.0,4221.153809,4266.153809,4233.846191,4264.743652,4245.256348,4231.538574,4223.717773,4217.179688,4214.358887,4220.0,4209.871582,4207.307617,4219.871582,2
1668946352.61929,159.0,4250.384766,4216.794922,4266.922852,4234.615234,4267.179688,4240.897461,4230.0,4221.410156,4211.794922,4209.743652,4223.077148,4204.615234,4204.102539,4213.205078,2
1668946352.623191,160.0,4247.820313,4210.897461,4266.153809,4233.974121,4265.512695,4239.487305,4230.384766,4224.743652,4205.512695,4203.717773,4221.153809,4200.128418,4200.641113,4203.077148,2
1668946352.627092,161.0,4242.563965,4204.871582,4265.128418,4231.025879,4260.769043,4241.666504,4232.179688,4230.769043,4199.230957,4196.922852,4214.230957,4195.769043,4196.666504,4192.307617,2
1668946352.630994,162.0,4236.410156,4200.256348,4264.102539,4226.538574,4255.641113,4245.641113,4233.461426,4233.461426,4194.743652,4191.538574,4205.769043,4191.410156,4192.563965,4185.0,2
1668946352.634895,163.0,4231.538574,4197.436035,4262.820313,4223.333496,4252.563965,4248.974121,4233.589844,4230.384766,4193.077148,4189.743652,4199.358887,4187.94873,4189.102539,4183.333496,2
1668946352.638797,164.0,4228.974121,4196.666504,4261.410156,4223.461426,4252.436035,4249.871582,4233.205078,4224.615234,4194.230957,4191.666504,4196.538574,4186.922852,4187.436035,4186.922852,2
1668946352.642698,165.0,4228.333496,4198.717773,4260.897461,4226.538574,4254.358887,4248.717773,4233.077148,4221.794922,4197.179688,4196.282227,4197.05127,4189.615234,4187.94873,4192.692383,2
1668946352.646599,166.0,4228.974121,4203.846191,4261.794922,4230.128418,4257.05127,4246.794922,4233.461426,4224.230957,4200.512695,4200.769043,4200.128418,4195.641113,4191.025879,4197.94873,2
1668946352.650501,167.0,4230.512695,4211.282227,4263.589844,4232.563965,4259.615234,4245.641113,4233.589844,4229.358887,4202.436035,4203.333496,4205.641113,4202.563965,4196.025879,4201.794922,2
1668946352.654402,168.0,4233.461426,4218.846191,4265.384766,4233.461426,4261.282227,4246.153809,4233.205078,4231.794922,4202.563965,4203.974121,4213.077148,4208.461426,4201.666504,4204.871582,2
1668946352.658304,169.0,4237.563965,4225.128418,4266.025879,4233.589844,4261.922852,4248.589844,4232.563965,4228.717773,4202.179688,4204.615234,4221.282227,4212.179688,4206.794922,4208.205078,2
1668946352.662205,170.0,4241.922852,4228.974121,4265.128418,4233.846191,4261.794922,4251.282227,4232.179688,4221.666504,4202.94873,4206.666504,4226.922852,4214.102539,4210.897461,4211.410156,2
1668946352.666106,171.0,4244.615234,4230.384766,4263.077148,4234.487305,4260.897461,4251.794922,4232.05127,4215.641113,4205.256348,4209.102539,4227.820313,4214.871582,4213.077148,4212.692383,2
1668946352.670008,172.0,4243.974121,4229.358887,4261.282227,4235.384766,4258.717773,4249.230957,4232.307617,4215.384766,4207.820313,4210.512695,4223.846191,4214.871582,4213.205078,4210.897461,2
1668946352.673909,173.0,4240.0,4226.538574,4260.641113,4235.641113,4255.256348,4244.358887,4232.692383,4221.666504,4210.0,4210.256348,4217.692383,4213.974121,4211.794922,4206.153809,2
1668946352.677811,174.0,4234.871582,4223.077148,4261.025879,4234.871582,4251.282227,4239.615234,4233.077148,4229.743652,4212.436035,4209.871582,4212.820313,4212.692383,4210.512695,4201.153809,2
1668946352.681712,175.0,4231.794922,4220.641113,4261.282227,4233.974121,4248.333496,4237.05127,4232.820313,4233.846191,4216.153809,4210.897461,4210.897461,4212.05127,4211.153809,4199.102539,2
1668946352.685613,176.0,4231.922852,4220.128418,4259.743652,4234.358887,4247.692383,4237.436035,4231.922852,4232.307617,4221.153809,4214.230957,4211.794922,4212.820313,4213.974121,4201.153809,2
1668946352.689515,177.0,4234.102539,4221.153809,4255.897461,4235.641113,4248.589844,4239.487305,4230.769043,4228.589844,4225.641113,4218.333496,4213.974121,4214.871582,4217.692383,4205.897461,2
1668946352.693416,178.0,4235.512695,4222.94873,4251.282227,4236.666504,4249.487305,4241.153809,4230.128418,4227.179688,4227.94873,4220.897461,4216.153809,4216.794922,4220.641113,4210.0,2
1668946352.697317,179.0,4234.743652,4225.128418,4248.589844,4236.794922,4248.974121,4240.897461,4230.512695,4229.102539,4228.333496,4221.153809,4218.077148,4217.179688,4222.307617,4212.05127,2
1668946352.701219,180.0,4233.461426,4227.563965,4250.256348,4236.794922,4247.94873,4239.230957,4232.05127,4231.410156,4228.717773,4220.897461,4221.666504,4216.538574,4223.589844,4212.820313,2
1668946352.70512,181.0,4234.102539,4230.384766,4255.769043,4237.94873,4247.94873,4238.717773,4234.102539,4230.769043,4231.282227,4222.94873,4228.077148,4216.922852,4225.0,4213.846191,2
1668946352.709022,182.0,4237.307617,4232.692383,4262.05127,4240.384766,4249.615234,4241.282227,4235.897461,4227.692383,4235.769043,4228.333496,4235.769043,4219.615234,4226.538574,4215.641113,2
1668946352.712923,183.0,4240.512695,4233.589844,4264.743652,4242.820313,4251.538574,4246.153809,4236.666504,4225.256348,4239.615234,4234.230957,4240.0,4223.077148,4227.179688,4215.897461,2
1668946352.716824,184.0,4240.512695,4230.897461,4261.922852,4243.333496,4251.666504,4249.358887,4236.282227,4225.769043,4239.358887,4235.256348,4236.538574,4223.717773,4225.384766,4212.94873,2
1668946352.720726,185.0,4235.769043,4223.846191,4254.871582,4240.769043,4249.487305,4247.692383,4234.743652,4228.717773,4233.333496,4228.205078,4225.384766,4218.589844,4220.256348,4206.666504,2
1668946352.724627,186.0,4228.461426,4213.717773,4247.692383,4235.769043,4246.282227,4241.410156,4232.692383,4231.153809,4222.820313,4215.384766,4212.179688,4207.563965,4212.692383,4198.333496,2
1668946352.728529,187.0,4222.563965,4204.615234,4244.230957,4230.769043,4244.230957,4235.0,4231.153809,4231.025879,4212.179688,4203.333496,4203.077148,4195.128418,4205.384766,4190.384766,2
1668946352.73243,188.0,4221.153809,4200.641113,4245.128418,4227.692383,4244.615234,4232.820313,4230.512695,4228.461426,4206.153809,4198.205078,4200.384766,4187.179688,4201.794922,4185.0,2
1668946352.736331,189.0,4224.102539,4203.333496,4248.461426,4227.820313,4246.538574,4236.153809,4230.897461,4226.025879,4207.94873,4201.538574,4201.922852,4187.307617,4203.077148,4183.205078,2
1668946352.740233,190.0,4228.974121,4209.615234,4251.153809,4230.128418,4248.333496,4241.922852,4231.538574,4225.512695,4215.641113,4208.974121,4204.102539,4193.333496,4207.692383,4184.743652,2
1668946352.744134,191.0,4232.05127,4215.256348,4251.410156,4233.077148,4248.717773,4246.025879,4231.922852,4227.307617,4223.077148,4214.358887,4204.743652,4199.743652,4212.05127,4187.94873,2
1668946352.748035,192.0,4232.436035,4217.563965,4249.743652,4235.128418,4247.820313,4247.05127,4231.410156,4229.487305,4224.615234,4214.487305,4205.0,4202.563965,4213.717773,4191.410156,2
1668946352.751937,193.0,4232.05127,4217.05127,4248.461426,4235.128418,4247.179688,4246.282227,4230.641113,4230.641113,4220.0,4211.282227,4206.922852,4202.307617,4213.461426,4194.743652,2
1668946352.755838,194.0,4233.333496,4216.538574,4249.102539,4233.974121,4247.820313,4245.0,4229.871582,4230.128418,4214.102539,4208.846191,4211.153809,4202.307617,4213.205078,4198.077148,2
1668946352.75974,195.0,4236.922852,4217.692383,4251.666504,4233.333496,4250.0,4244.487305,4230.128418,4229.102539,4212.436035,4210.0,4216.153809,4205.0,4214.743652,4201.153809,2
1668946352.763641,196.0,4240.641113,4220.769043,4254.615234,4233.846191,4252.563965,4245.0,4231.410156,4229.487305,4216.666504,4214.358887,4219.358887,4210.512695,4217.94873,4203.589844,2
1668946352.767542,197.0,4242.179688,4223.589844,4256.794922,4235.256348,4254.487305,4246.538574,4233.589844,4231.922852,4224.487305,4219.358887,4220.0,4216.282227,4221.922852,4205.128418,2
1668946352.771444,198.0,4241.025879,4224.230957,4258.077148,4236.666504,4254.743652,4247.563965,4235.897461,4235.256348,4231.794922,4222.436035,4219.615234,4220.128418,4225.128418,4205.512695,2
1668946352.775345,199.0,4238.974121,4222.692383,4259.358887,4237.436035,4253.461426,4246.794922,4237.563965,4237.436035,4235.384766,4223.333496,4221.153809,4221.794922,4227.179688,4205.641113,2
1668946352.779246,200.0,4237.94873,4220.384766,4260.897461,4237.563965,4251.538574,4244.230957,4237.94873,4237.179688,4235.256348,4223.333496,4225.128418,4222.692383,4228.205078,4206.666504,2
1668946352.783148,201.0,4238.461426,4219.102539,4261.922852,4236.538574,4250.256348,4240.769043,4236.922852,4235.256348,4233.589844,4224.487305,4229.358887,4224.102539,4228.461426,4209.230957,2
1668946352.787049,202.0,4239.487305,4219.102539,4261.025879,4234.871582,4250.128418,4238.077148,4235.128418,4232.820313,4233.077148,4227.05127,4230.769043,4225.769043,4228.205078,4212.94873,2
1668946352.790951,203.0,4238.974121,4219.615234,4257.692383,4233.077148,4250.512695,4237.307617,4233.846191,4231.153809,4235.384766,4229.615234,4228.589844,4225.897461,4227.692383,4216.153809,2
1668946352.794852,204.0,4236.794922,4219.615234,4253.205078,4232.05127,4250.384766,4238.846191,4233.974121,4230.512695,4239.615234,4231.282227,4224.358887,4223.589844,4226.922852,4217.05127,2
1668946352.798753,205.0,4233.974121,4218.974121,4250.128418,4231.666504,4249.358887,4242.307617,4235.128418,4230.641113,4242.563965,4231.153809,4220.256348,4219.615234,4226.025879,4214.871582,2
1668946352.802655,206.0,4232.436035,4218.333496,4250.256348,4231.794922,4248.077148,4246.153809,4236.025879,4230.897461,4242.179688,4229.615234,4216.153809,4216.410156,4224.871582,4210.128418,2
1668946352.806556,207.0,4232.820313,4217.820313,4252.94873,4231.794922,4247.692383,4248.846191,4235.897461,4231.025879,4238.589844,4226.794922,4211.282227,4215.641113,4223.589844,4205.0,2
1668946352.810458,208.0,4233.846191,4217.05127,4255.897461,4231.538574,4248.589844,4249.230957,4234.743652,4230.769043,4234.615234,4223.333496,4206.922852,4216.794922,4222.307617,4201.282227,2
1668946352.814359,209.0,4233.974121,4215.128418,4256.794922,4231.282227,4250.512695,4248.077148,4233.589844,4230.256348,4232.307617,4220.256348,4206.153809,4217.820313,4220.897461,4199.871582,2
1668946352.81826,210.0,4232.820313,4211.666504,4255.0,4230.897461,4251.666504,4246.922852,4234.102539,4230.512695,4231.410156,4218.077148,4211.282227,4217.563965,4219.743652,4199.871582,2
1668946352.822162,211.0,4231.025879,4207.307617,4251.666504,4230.384766,4250.769043,4247.05127,4236.666504,4231.666504,4229.487305,4216.538574,4221.153809,4215.512695,4218.846191,4200.128418,2
1668946352.826063,212.0,4229.743652,4203.333496,4248.846191,4229.871582,4248.205078,4248.077148,4240.512695,4233.077148,4225.641113,4215.256348,4230.897461,4212.94873,4218.077148,4200.384766,2
1668946352.829965,213.0,4229.615234,4201.794922,4248.205078,4229.230957,4246.282227,4248.717773,4243.846191,4233.974121,4221.410156,4215.0,4235.256348,4211.666504,4217.563965,4201.666504,2
1668946352.833866,214.0,4230.384766,4203.589844,4249.615234,4228.974121,4247.179688,4248.461426,4245.769043,4234.230957,4219.871582,4217.179688,4232.563965,4212.692383,4217.307617,4203.974121,2
1668946352.837767,215.0,4231.410156,4207.820313,4252.05127,4229.358887,4250.512695,4247.692383,4246.794922,4234.102539,4222.436035,4222.05127,4225.256348,4215.897461,4217.94873,4207.179688,2
1668946352.841668,216.0,4232.692383,4212.307617,4254.615234,4230.641113,4254.358887,4247.692383,4247.692383,4233.974121,4227.94873,4228.077148,4218.077148,4220.128418,4220.128418,4209.871582,2
1668946352.84557,217.0,4234.871582,4215.128418,4256.794922,4232.436035,4255.897461,4248.717773,4248.717773,4234.230957,4233.589844,4231.794922,4215.128418,4223.461426,4223.205078,4211.282227,2
1668946352.849471,218.0,4238.461426,4216.282227,4258.589844,4233.974121,4254.487305,4249.871582,4249.615234,4235.384766,4236.282227,4230.256348,4216.922852,4224.230957,4226.025879,4211.282227,2
1668946352.853373,219.0,4242.307617,4216.922852,4259.102539,4234.743652,4251.410156,4249.743652,4249.487305,4237.179688,4234.871582,4223.846191,4220.769043,4222.436035,4227.307617,4210.897461,2
1668946352.857274,220.0,4245.256348,4218.077148,4257.563965,4234.871582,4249.487305,4248.205078,4248.333496,4238.846191,4231.538574,4216.410156,4222.563965,4219.615234,4227.179688,4211.025879,2
1668946352.861175,221.0,4246.282227,4219.871582,4253.974121,4235.512695,4250.641113,4246.282227,4246.922852,4239.487305,4229.615234,4212.563965,4220.512695,4217.563965,4226.666504,4212.307617,2
1668946352.865077,222.0,4245.641113,4221.538574,4250.128418,4237.820313,4254.871582,4244.871582,4246.153809,4239.102539,4230.384766,4213.846191,4216.282227,4216.922852,4226.153809,4213.846191,2
1668946352.868978,223.0,4244.358887,4223.205078,4248.333496,4241.922852,4259.743652,4244.871582,4246.922852,4238.589844,4232.436035,4218.077148,4213.333496,4217.563965,4226.538574,4214.615234,2
1668946352.87288,224.0,4244.102539,4225.0,4249.487305,4245.897461,4262.94873,4246.282227,4248.589844,4238.461426,4233.974121,4222.05127,4214.358887,4218.589844,4227.692383,4213.205078,2
1668946352.876781,225.0,4245.256348,4226.794922,4251.794922,4247.436035,4262.94873,4248.205078,4250.384766,4238.846191,4234.615234,4224.230957,4219.358887,4219.487305,4229.743652,4209.871582,2
1668946352.880682,226.0,4247.05127,4228.333496,4252.820313,4245.769043,4260.0,4249.487305,4251.025879,4239.102539,4235.384766,4225.512695,4225.256348,4220.641113,4231.410156,4205.897461,2
1668946352.884584,227.0,4247.563965,4229.358887,4252.05127,4242.563965,4256.025879,4249.487305,4249.743652,4238.461426,4236.794922,4227.05127,4228.077148,4222.179688,4232.179688,4203.717773,2
1668946352.888485,228.0,4246.666504,4229.871582,4250.769043,4240.897461,4253.077148,4248.589844,4247.307617,4237.436035,4237.94873,4229.487305,4225.512695,4224.487305,4232.820313,4204.615234,2
1668946352.892387,229.0,4245.641113,4230.512695,4250.512695,4242.05127,4251.666504,4247.436035,4245.256348,4237.307617,4237.820313,4232.179688,4220.0,4227.307617,4234.743652,4207.820313,2
1668946352.896288,230.0,4245.897461,4230.897461,4251.025879,4244.871582,4251.410156,4246.538574,4245.641113,4239.487305,4236.282227,4233.461426,4216.538574,4229.615234,4238.077148,4211.538574,2
1668946352.900189,231.0,4247.05127,4230.256348,4250.641113,4246.538574,4251.153809,4246.282227,4248.974121,4243.846191,4234.230957,4231.794922,4218.589844,4229.615234,4240.769043,4213.077148,2
1668946352.904091,232.0,4247.436035,4227.94873,4248.717773,4244.358887,4250.0,4246.538574,4253.589844,4248.461426,4232.94873,4227.692383,4224.615234,4226.922852,4240.128418,4211.025879,2
1668946352.907992,233.0,4245.512695,4223.589844,4246.538574,4238.974121,4248.077148,4247.436035,4256.794922,4251.153809,4232.436035,4222.820313,4229.871582,4222.563965,4235.512695,4206.282227,2
1668946352.911893,234.0,4241.538574,4218.333496,4245.641113,4232.94873,4245.769043,4248.717773,4256.666504,4251.153809,4232.179688,4219.743652,4230.384766,4217.820313,4229.102539,4200.897461,2
1668946352.915795,235.0,4236.922852,4213.717773,4245.769043,4229.615234,4243.846191,4250.0,4253.974121,4248.717773,4232.179688,4219.871582,4225.897461,4214.487305,4224.230957,4197.563965,2
1668946352.919696,236.0,4233.205078,4211.538574,4245.128418,4229.871582,4242.436035,4250.512695,4250.128418,4245.641113,4232.563965,4223.077148,4219.615234,4213.205078,4222.692383,4196.666504,2
1668946352.923598,237.0,4231.410156,4212.307617,4242.436035,4232.179688,4242.179688,4250.0,4247.05127,4244.230957,4234.102539,4227.692383,4215.512695,4213.846191,4224.487305,4196.538574,2
1668946352.927499,238.0,4231.538574,4214.230957,4238.333496,4234.230957,4242.692383,4248.461426,4245.384766,4245.641113,4237.05127,4231.153809,4215.897461,4215.128418,4227.307617,4196.538574,2
1668946352.9314,239.0,4232.179688,4215.0,4235.384766,4234.230957,4243.461426,4246.153809,4245.128418,4248.205078,4241.410156,4232.436035,4219.871582,4215.641113,4228.846191,4197.05127,2
1668946352.935302,240.0,4231.666504,4213.846191,4235.769043,4232.563965,4243.717773,4244.615234,4245.512695,4249.102539,4245.384766,4232.05127,4223.974121,4214.871582,4227.563965,4199.615234,2
1668946352.939203,241.0,4230.128418,4212.436035,4240.256348,4231.282227,4243.974121,4244.615234,4245.897461,4246.538574,4247.436035,4231.538574,4226.153809,4213.846191,4224.102539,4204.871582,2
1668946352.943105,242.0,4229.102539,4213.205078,4246.410156,4232.436035,4245.128418,4245.897461,4245.512695,4241.922852,4246.922852,4232.307617,4226.922852,4214.487305,4221.025879,4211.282227,2
1668946352.947006,243.0,4230.256348,4217.05127,4251.410156,4235.897461,4247.307617,4247.563965,4244.102539,4238.077148,4245.384766,4234.487305,4229.487305,4218.205078,4221.410156,4215.897461,2
1668946352.950907,244.0,4234.230957,4222.820313,4253.717773,4239.871582,4249.743652,4248.717773,4242.307617,4236.922852,4245.256348,4237.05127,4235.384766,4224.102539,4225.897461,4217.692383,2
1668946352.954809,245.0,4239.615234,4228.461426,4254.230957,4242.05127,4251.410156,4249.102539,4241.282227,4238.589844,4246.794922,4238.717773,4242.436035,4230.0,4232.179688,4218.077148,2
1668946352.95871,246.0,4244.230957,4232.179688,4255.384766,4242.05127,4251.922852,4248.717773,4241.410156,4241.538574,4247.563965,4237.94873,4246.153809,4233.461426,4236.153809,4219.871582,2
1668946352.962611,247.0,4246.666504,4233.461426,4258.205078,4240.769043,4251.538574,4247.436035,4242.692383,4244.102539,4245.0,4234.743652,4243.589844,4234.230957,4235.897461,4224.230957,2
1668946352.966513,248.0,4246.410156,4232.94873,4261.282227,4239.230957,4250.641113,4245.512695,4244.743652,4245.128418,4240.128418,4231.025879,4237.179688,4233.589844,4232.692383,4229.615234,2
1668946352.970414,249.0,4244.615234,4231.794922,4261.922852,4237.692383,4249.615234,4244.102539,4247.05127,4245.128418,4236.282227,4229.871582,4231.922852,4232.820313,4229.358887,4233.589844,2
1668946352.974316,250.0,4242.05127,4231.025879,4258.846191,4236.282227,4248.717773,4245.0,4248.717773,4245.512695,4236.794922,4232.179688,4232.179688,4232.179688,4228.205078,4234.615234,2
1668946352.978217,251.0,4240.0,4230.641113,4253.717773,4234.743652,4248.205078,4248.846191,4249.487305,4247.05127,4241.538574,4236.794922,4238.077148,4231.410156,4229.615234,4232.820313,2
1668946352.982118,252.0,4238.974121,4230.128418,4249.487305,4233.717773,4247.94873,4254.230957,4249.230957,4248.974121,4247.179688,4240.641113,4245.897461,4230.641113,4232.94873,4230.0,2
1668946352.98602,253.0,4239.102539,4229.743652,4247.94873,4233.461426,4248.205078,4258.333496,4249.102539,4250.256348,4249.871582,4241.922852,4251.666504,4230.897461,4236.538574,4228.461426,2
1668946352.989921,254.0,4239.871582,4230.128418,4248.846191,4234.487305,4248.717773,4258.974121,4249.487305,4249.871582,4247.563965,4240.512695,4252.563965,4233.205078,4239.230957,4229.743652,2
1668946352.993822,255.0,4240.897461,4231.922852,4250.512695,4237.179688,4249.615234,4256.153809,4249.871582,4247.436035,4242.820313,4238.205078,4249.358887,4238.333496,4240.897461,4233.589844,2
1668946352.997724,0.0,4242.307617,4235.0,4251.538574,4240.384766,4250.256348,4252.179688,4248.974121,4243.205078,4239.487305,4237.05127,4245.128418,4244.743652,4242.307617,4237.563965,2
1668946353.001625,1.0,4244.102539,4237.94873,4251.666504,4243.077148,4249.871582,4248.974121,4246.666504,4238.717773,4240.641113,4237.94873,4242.94873,4249.487305,4243.717773,4239.871582,2
1668946353.005527,2.0,4245.897461,4238.974121,4251.025879,4244.358887,4248.717773,4247.563965,4244.358887,4235.512695,4245.641113,4240.769043,4243.205078,4250.0,4245.256348,4239.871582,2
1668946353.009428,3.0,4246.922852,4237.94873,4250.128418,4244.358887,4247.436035,4246.922852,4243.846191,4234.487305,4251.153809,4244.102539,4243.205078,4246.666504,4246.153809,4238.589844,2
1668946353.013329,4.0,4247.05127,4235.897461,4249.102539,4244.487305,4247.05127,4246.282227,4245.256348,4236.025879,4253.589844,4246.153809,4240.256348,4242.563965,4245.769043,4236.794922,2
1668946353.017231,5.0,4247.05127,4234.358887,4248.589844,4245.641113,4247.94873,4245.0,4247.436035,4239.615234,4251.538574,4245.769043,4234.871582,4240.641113,4244.871582,4235.512695,2
1668946353.021132,6.0,4247.436035,4233.974121,4248.717773,4247.179688,4249.358887,4243.846191,4248.846191,4244.230957,4246.794922,4243.589844,4230.512695,4241.282227,4244.230957,4234.487305,2
1668946353.025034,7.0,4248.589844,4234.358887,4249.102539,4247.436035,4250.128418,4243.846191,4248.717773,4247.94873,4242.563965,4241.282227,4230.769043,4242.692383,4244.102539,4233.717773,2
1668946353.028935,8.0,4250.128418,4234.871582,4249.358887,4245.897461,4249.743652,4245.128418,4247.820313,4249.358887,4241.538574,4240.769043,4236.282227,4242.563965,4244.102539,4232.94873,2
1668946353.032836,9.0,4251.282227,4235.384766,4249.102539,4243.717773,4248.461426,4246.922852,4247.436035,4248.974121,4244.102539,4242.563965,4244.871582,4240.769043,4244.358887,4232.307617,2
1668946353.036738,10.0,4252.05127,4236.025879,4248.205078,4242.692383,4247.179688,4247.692383,4248.205078,4248.589844,4248.717773,4245.769043,4253.846191,4239.102539,4245.769043,4232.94873,2
1668946353.040639,11.0,4253.077148,4237.436035,4247.179688,4243.461426,4247.05127,4246.794922,4249.871582,4248.846191,4253.333496,4248.717773,4261.282227,4239.615234,4248.717773,4235.897461,2
1668946353.044541,12.0,4255.384766,4240.128418,4246.922852,4245.256348,4247.820313,4246.025879,4251.666504,4249.358887,4256.538574,4250.512695,4265.897461,4243.077148,4251.922852,4241.153809,2
1668946353.048442,13.0,4258.846191,4243.589844,4247.820313,4246.922852,4248.717773,4246.794922,4252.94873,4250.128418,4257.307617,4251.153809,4266.153809,4247.563965,4253.589844,4246.666504,2
1668946353.052343,14.0,4261.794922,4246.282227,4249.358887,4247.820313,4248.846191,4249.102539,4253.205078,4251.153809,4255.641113,4251.025879,4261.282227,4250.769043,4252.307617,4249.487305,2
1668946353.056244,15.0,4261.922852,4246.153809,4250.641113,4247.692383,4248.077148,4250.897461,4252.820313,4252.307617,4251.922852,4250.384766,4252.179688,4250.897461,4248.717773,4247.820313,2
1668946353.060146,16.0,4258.461426,4242.94873,4250.897461,4247.307617,4247.05127,4249.743652,4251.922852,4252.05127,4247.436035,4248.589844,4241.666504,4248.077148,4244.743652,4242.436035,2
1668946353.064047,17.0,4253.461426,4238.461426,4250.512695,4247.05127,4246.922852,4245.384766,4250.897461,4248.974121,4243.589844,4245.256348,4233.461426,4243.974121,4242.05127,4236.282227,2
1668946353.067949,18.0,4249.871582,4235.128418,4250.128418,4247.436035,4247.820313,4240.384766,4249.615234,4243.461426,4240.897461,4240.769043,4230.128418,4240.641113,4241.025879,4232.563965,2
1668946353.07185,19.0,4250.0,4234.487305,4250.256348,4247.94873,4249.230957,4238.333496,4248.333496,4237.436035,4239.487305,4236.282227,4232.05127,4238.717773,4241.153809,4232.05127,2
1668946353.075751,20.0,4253.461426,4236.410156,4250.641113,4247.05127,4250.384766,4240.769043,4247.563965,4234.102539,4238.589844,4232.692383,4236.538574,4237.692383,4241.153809,4233.205078,2
1668946353.079653,21.0,4257.436035,4238.846191,4250.641113,4244.230957,4250.641113,4246.153809,4247.692383,4235.512695,4237.436035,4230.769043,4239.615234,4236.153809,4240.384766,4233.717773,2
1668946353.083554,22.0,4260.0,4239.871582,4250.0,4240.641113,4250.256348,4250.0,4248.333496,4240.512695,4235.512695,4230.0,4237.820313,4234.230957,4238.974121,4232.436035,2
1668946353.087456,23.0,4260.641113,4238.205078,4248.974121,4238.589844,4249.615234,4248.461426,4249.358887,4245.769043,4233.077148,4229.102539,4231.153809,4232.692383,4237.05127,4230.128418,2
1668946353.091357,24.0,4260.769043,4234.743652,4248.333496,4239.358887,4249.230957,4242.05127,4249.871582,4248.333496,4230.897461,4227.179688,4222.692383,4232.436035,4234.615234,4228.461426,2
1668946353.095258,25.0,4260.769043,4231.025879,4248.974121,4242.179688,4249.358887,4235.897461,4249.743652,4247.179688,4229.230957,4225.256348,4216.538574,4232.563965,4232.05127,4228.333496,2
1668946353.09916,26.0,4260.769043,4229.230957,4250.769043,4244.487305,4250.128418,4235.384766,4249.102539,4244.102539,4228.717773,4224.871582,4216.025879,4231.794922,4230.256348,4229.358887,2
1668946353.103061,27.0,4260.256348,4229.871582,4252.563965,4243.846191,4251.153809,4240.641113,4248.461426,4241.922852,4229.230957,4226.922852,4221.153809,4229.487305,4229.743652,4229.743652,2
1668946353.106963,28.0,4257.94873,4231.538574,4252.05127,4240.0,4251.153809,4246.794922,4248.333496,4241.922852,4230.769043,4230.512695,4228.974121,4225.769043,4230.256348,4227.563965,2
1668946353.110864,29.0,4253.333496,4231.922852,4248.461426,4234.487305,4249.230957,4247.563965,4248.461426,4243.974121,4232.179688,4233.333496,4234.487305,4221.538574,4230.897461,4222.436035,2
1668946353.114765,30.0,4246.922852,4230.256348,4242.94873,4230.0,4245.641113,4241.538574,4248.589844,4246.538574,4232.05127,4233.077148,4234.743652,4217.563965,4230.128418,4216.538574,2
1668946353.118667,31.0,4240.641113,4227.563965,4238.205078,4228.461426,4241.922852,4232.820313,4248.589844,4248.589844,4230.128418,4229.615234,4231.025879,4214.615234,4227.436035,4213.461426,2
1668946353.122568,32.0,4236.410156,4226.153809,4236.538574,4229.743652,4239.358887,4228.461426,4248.974121,4249.358887,4228.717773,4226.025879,4227.94873,4213.846191,4223.717773,4215.641113,2
1668946353.126469,33.0,4234.743652,4227.563965,4237.563965,4232.563965,4238.461426,4231.794922,4249.871582,4248.717773,4229.871582,4225.384766,4229.230957,4216.025879,4221.410156,4222.05127,2
1668946353.130371,34.0,4234.358887,4231.025879,4239.230957,4234.358887,4238.461426,4240.128418,4250.897461,4246.666504,4233.333496,4227.563965,4234.102539,4220.0,4221.538574,4228.589844,2
1668946353.134272,35.0,4233.974121,4233.846191,4238.846191,4233.589844,4237.820313,4247.436035,4250.769043,4243.461426,4235.128418,4228.974121,4236.666504,4224.102539,4223.205078,4230.769043,2
1668946353.138174,36.0,4233.077148,4233.846191,4236.410156,4230.384766,4235.769043,4249.102539,4249.230957,4240.512695,4231.922852,4226.025879,4231.922852,4226.666504,4224.487305,4227.179688,2
1668946353.142075,37.0,4232.307617,4231.666504,4233.974121,4227.307617,4232.307617,4245.256348,4247.307617,4239.871582,4224.871582,4219.487305,4221.025879,4227.820313,4224.487305,4220.384766,2
1668946353.145976,38.0,4232.05127,4229.358887,4233.846191,4227.692383,4229.871582,4240.0,4246.538574,4242.563965,4219.102539,4214.615234,4212.179688,4228.589844,4223.974121,4216.025879,2
1668946353.149878,39.0,4232.692383,4230.0,4236.666504,4232.179688,4230.769043,4238.205078,4248.077148,4247.179688,4220.0,4216.538574,4213.974121,4230.0,4225.256348,4217.692383,2
1668946353.153779,40.0,4233.717773,4233.717773,4241.538574,4238.205078,4235.641113,4240.641113,4250.897461,4250.769043,4227.692383,4225.641113,4228.077148,4232.307617,4228.846191,4224.615234,2
1668946353.157681,41.0,4234.615234,4238.461426,4245.897461,4242.436035,4242.179688,4244.743652,4253.205078,4251.282227,4237.05127,4236.794922,4247.05127,4234.871582,4233.589844,4232.179688,2
1668946353.161582,42.0,4235.0,4241.153809,4248.205078,4242.820313,4246.666504,4246.922852,4253.333496,4249.487305,4241.666504,4242.820313,4259.871582,4236.410156,4236.538574,4236.282227,2
1668946353.165483,43.0,4235.128418,4239.871582,4247.563965,4240.641113,4247.05127,4246.538574,4251.666504,4247.94873,4238.589844,4239.743652,4259.358887,4236.410156,4236.666504,4235.384766,2
1668946353.169385,44.0,4235.897461,4235.897461,4244.743652,4238.077148,4244.358887,4245.769043,4249.487305,4248.205078,4231.153809,4229.743652,4247.563965,4235.128418,4234.615234,4231.922852,2
1668946353.173286,45.0,4238.205078,4232.05127,4241.025879,4237.436035,4241.666504,4246.666504,4248.077148,4249.358887,4224.615234,4219.102539,4232.692383,4233.461426,4232.563965,4228.846191,2
1668946353.177187,46.0,4241.666504,4230.384766,4237.94873,4238.846191,4241.538574,4248.461426,4247.692383,4248.589844,4222.05127,4213.589844,4222.307617,4232.307617,4231.794922,4227.307617,2
1668946353.181089,47.0,4245.128418,4231.025879,4236.153809,4241.282227,4243.461426,4248.461426,4247.94873,4245.128418,4222.436035,4213.974121,4218.077148,4231.410156,4231.410156,4226.153809,2
1668946353.18499,48.0,4246.922852,4232.307617,4236.025879,4243.333496,4245.512695,4244.871582,4247.820313,4240.256348,4223.205078,4216.922852,4216.922852,4229.487305,4230.641113,4224.102539,2
1668946353.188892,49.0,4246.794922,4233.205078,4237.820313,4243.974121,4246.282227,4239.358887,4247.05127,4236.922852,4222.436035,4218.461426,4215.512695,4226.538574,4229.358887,4221.282227,2
1668946353.192793,50.0,4247.179688,4233.974121,4241.282227,4243.846191,4245.769043,4235.769043,4246.025879,4235.897461,4221.025879,4217.179688,4214.871582,4224.102539,4229.230957,4219.615234,2
1668946353.196694,51.0,4250.384766,4236.153809,4245.256348,4244.615234,4245.769043,4236.794922,4245.256348,4236.153809,4220.769043,4215.256348,4218.974121,4225.0,4232.436035,4221.153809,2
1668946353.200596,52.0,4257.05127,4240.641113,4248.589844,4247.436035,4247.436035,4242.05127,4245.0,4236.025879,4223.461426,4215.897461,4229.358887,4230.512695,4239.102539,4226.025879,2
1668946353.204497,53.0,4264.615234,4247.307617,4250.256348,4251.794922,4250.897461,4248.461426,4245.256348,4235.128418,4228.205078,4219.487305,4241.794922,4238.717773,4246.794922,4232.05127,2
1668946353.208398,54.0,4269.102539,4253.589844,4250.512695,4255.641113,4254.102539,4252.436035,4245.897461,4234.358887,4232.05127,4223.461426,4247.820313,4245.0,4251.794922,4236.282227,2
1668946353.2123,55.0,4268.589844,4256.282227,4250.0,4256.922852,4254.871582,4251.922852,4246.794922,4235.256348,4232.307617,4224.871582,4242.436035,4246.153809,4251.922852,4237.05127,2
1668946353.216201,56.0,4263.461426,4253.205078,4248.846191,4255.769043,4252.692383,4247.820313,4248.077148,4238.205078,4229.230957,4222.563965,4228.589844,4241.666504,4247.307617,4234.230957,2
1668946353.220103,57.0,4256.282227,4246.025879,4247.05127,4253.589844,4248.974121,4243.461426,4249.102539,4242.179688,4225.128418,4218.333496,4215.0,4234.358887,4240.769043,4229.230957,2
1668946353.224004,58.0,4249.871582,4238.205078,4244.871582,4251.794922,4245.641113,4241.794922,4249.615234,4245.641113,4222.563965,4215.256348,4209.230957,4228.333496,4235.512695,4223.333496,2
1668946353.227905,59.0,4246.282227,4233.333496,4242.820313,4250.769043,4243.846191,4243.589844,4248.974121,4247.307617,4222.563965,4215.256348,4212.692383,4226.410156,4233.974121,4218.205078,2
1668946353.231807,60.0,4246.282227,4232.94873,4241.666504,4250.0,4243.461426,4246.410156,4247.563965,4247.179688,4224.743652,4218.205078,4221.538574,4228.333496,4235.897461,4215.384766,2
1668946353.235708,61.0,4248.846191,4236.025879,4241.666504,4248.974121,4243.333496,4246.666504,4246.282227,4246.282227,4227.820313,4222.307617,4230.384766,4231.410156,4239.358887,4216.025879,2
1668946353.23961,62.0,4252.179688,4240.384766,4242.563965,4248.333496,4243.461426,4242.692383,4246.153809,4246.153809,4230.641113,4225.769043,4236.538574,4232.820313,4242.307617,4219.615234,2
1668946353.243511,63.0,4254.615234,4243.846191,4243.461426,4248.974121,4244.230957,4236.410156,4247.307617,4246.922852,4232.307617,4227.692383,4240.256348,4232.307617,4243.461426,4224.102539,2
1668946353.247412,64.0,4255.512695,4245.256348,4243.974121,4251.410156,4245.897461,4231.410156,4248.717773,4247.94873,4233.077148,4229.230957,4242.94873,4231.538574,4243.461426,4227.820313,2
1668946353.251314,65.0,4254.615234,4245.256348,4244.358887,4254.743652,4247.692383,4230.384766,4249.358887,4248.717773,4235.0,4231.410156,4244.615234,4232.94873,4243.717773,4230.0,2
1668946353.255215,66.0,4252.436035,4245.0,4244.871582,4257.563965,4248.589844,4233.589844,4248.974121,4248.846191,4238.461426,4234.615234,4243.589844,4237.05127,4245.384766,4232.307617,2
1668946353.259117,67.0,4249.487305,4245.384766,4245.256348,4258.717773,4248.205078,4238.846191,4248.461426,4249.102539,4242.563965,4237.94873,4238.717773,4242.436035,4248.077148,4235.897461,2
1668946353.263018,68.0,4247.179688,4247.179688,4245.641113,4257.563965,4247.05127,4243.333496,4248.333496,4249.358887,4244.743652,4239.743652,4232.436035,4246.666504,4250.769043,4240.897461,2
1668946353.266919,69.0,4246.666504,4250.128418,4245.897461,4255.256348,4246.410156,4245.256348,4248.846191,4249.102539,4243.717773,4238.974121,4229.487305,4248.589844,4252.179688,4245.769043,2
1668946353.270821,70.0,4248.974121,4253.333496,4246.282227,4253.589844,4247.05127,4245.256348,4249.102539,4247.692383,4240.256348,4236.282227,4233.461426,4248.589844,4252.94873,4248.717773,2
1668946353.274722,71.0,4253.974121,4256.410156,4246.922852,4253.974121,4248.589844,4245.128418,4248.717773,4245.512695,4237.692383,4233.589844,4243.077148,4248.333496,4254.487305,4249.358887,2
1668946353.278623,72.0,4259.743652,4258.846191,4248.205078,4255.897461,4250.0,4245.769043,4248.205078,4243.717773,4238.589844,4233.333496,4251.666504,4249.230957,4257.179688,4249.102539,2
1668946353.282525,73.0,4263.589844,4259.487305,4249.743652,4257.05127,4250.512695,4246.794922,4247.820313,4242.94873,4242.436035,4235.256348,4252.563965,4250.897461,4259.743652,4248.974121,2
1668946353.286426,74.0,4263.205078,4256.794922,4250.128418,4255.641113,4250.128418,4246.922852,4247.563965,4242.307617,4245.0,4236.282227,4244.487305,4251.410156,4259.615234,4248.589844,2
1668946353.290327,75.0,4259.230957,4251.282227,4248.846191,4251.922852,4249.487305,4245.512695,4246.666504,4240.256348,4242.692383,4233.846191,4233.589844,4249.615234,4255.769043,4247.692383,2
1668946353.294229,76.0,4254.230957,4245.512695,4246.794922,4248.077148,4248.974121,4243.846191,4244.743652,4236.538574,4236.025879,4229.102539,4228.333496,4246.410156,4250.128418,4246.282227,2
1668946353.29813,77.0,4251.666504,4242.94873,4246.282227,4246.538574,4248.589844,4243.461426,4242.436035,4232.692383,4229.615234,4226.410156,4232.563965,4244.871582,4246.025879,4245.384766,2
1668946353.302032,78.0,4253.974121,4245.769043,4248.461426,4247.307617,4248.717773,4245.128418,4241.282227,4231.282227,4227.436035,4229.615234,4243.077148,4247.436035,4246.538574,4245.769043,2
1668946353.305933,79.0,4260.128418,4252.563965,4252.820313,4249.487305,4249.615234,4247.179688,4242.436035,4233.717773,4230.641113,4237.820313,4253.333496,4253.974121,4251.282227,4247.692383,2
1668946353.309834,80.0,4266.282227,4259.743652,4257.179688,4250.897461,4251.922852,4248.077148,4245.384766,4239.102539,4237.179688,4246.794922,4258.461426,4261.153809,4257.05127,4250.641113,2
1668946353.313736,81.0,4267.692383,4263.717773,4259.102539,4250.128418,4255.128418,4246.922852,4248.461426,4245.128418,4244.102539,4251.794922,4258.461426,4265.256348,4260.0,4253.461426,2
1668946353.317637,82.0,4262.692383,4262.820313,4258.205078,4247.563965,4257.820313,4245.128418,4250.128418,4249.230957,4249.487305,4252.05127,4256.666504,4264.615234,4258.846191,4255.256348,2
1668946353.321539,83.0,4254.102539,4258.461426,4255.897461,4245.128418,4258.717773,4244.487305,4250.0,4250.641113,4253.077148,4249.743652,4256.410156,4260.769043,4255.128418,4256.538574,2
1668946353.32544,84.0,4246.922852,4253.589844,4254.743652,4245.256348,4258.205078,4245.769043,4249.487305,4250.384766,4255.384766,4247.820313,4258.589844,4257.179688,4252.05127,4258.333496,2
1668946353.329341,85.0,4245.641113,4251.666504,4256.153809,4248.589844,4258.461426,4248.461426,4249.743652,4250.256348,4257.05127,4247.820313,4260.641113,4256.666504,4251.794922,4260.769043,2
1668946353.333243,86.0,4250.256348,4253.846191,4259.871582,4253.461426,4260.512695,4250.897461,4250.897461,4251.025879,4258.461426,4249.487305,4259.743652,4259.358887,4254.358887,4263.333496,2
1668946353.337144,87.0,4257.820313,4258.974121,4264.102539,4257.307617,4263.589844,4252.179688,4252.179688,4252.307617,4259.615234,4251.025879,4255.256348,4263.461426,4257.307617,4264.615234,2
1668946353.341046,88.0,4263.846191,4263.974121,4266.153809,4258.077148,4265.128418,4251.922852,4252.307617,4252.307617,4260.128418,4250.769043,4249.615234,4265.769043,4258.333496,4263.974121,2
1668946353.344947,89.0,4265.897461,4266.153809,4264.358887,4255.641113,4262.94873,4250.769043,4250.769043,4250.384766,4259.102539,4248.461426,4246.794922,4265.128418,4257.307617,4262.179688,2
1668946353.348848,90.0,4264.871582,4265.0,4259.358887,4251.666504,4257.307617,4248.974121,4248.333496,4246.922852,4255.897461,4246.153809,4248.205078,4262.692383,4255.384766,4260.384766,2
1668946353.35275,91.0,4263.205078,4262.05127,4253.974121,4249.102539,4250.897461,4247.179688,4246.666504,4243.974121,4251.410156,4245.897461,4252.94873,4260.641113,4254.487305,4259.487305,2
1668946353.356651,92.0,4262.94873,4259.743652,4251.025879,4249.230957,4246.794922,4245.256348,4246.538574,4243.717773,4247.436035,4247.05127,4257.820313,4259.871582,4255.0,4259.871582,2
1668946353.360552,93.0,4264.358887,4259.230957,4251.794922,4251.153809,4246.282227,4243.333496,4247.820313,4246.025879,4245.641113,4247.05127,4259.615234,4258.974121,4255.897461,4260.641113,2
1668946353.364454,94.0,4266.025879,4260.384766,4254.358887,4252.692383,4248.589844,4241.538574,4249.230957,4249.358887,4246.153809,4244.230957,4256.538574,4256.282227,4255.384766,4260.897461,2
1668946353.368355,95.0,4266.538574,4262.179688,4256.282227,4252.820313,4251.282227,4240.384766,4250.128418,4251.538574,4247.692383,4240.384766,4249.230957,4252.179688,4253.205078,4260.897461,2
1668946353.372257,96.0,4265.641113,4263.717773,4255.769043,4251.538574,4252.563965,4239.358887,4250.384766,4252.179688,4249.230957,4238.461426,4240.384766,4248.717773,4250.512695,4260.769043,2
1668946353.376158,97.0,4264.615234,4264.358887,4253.077148,4249.615234,4251.922852,4238.589844,4250.128418,4251.410156,4249.487305,4239.487305,4233.717773,4248.461426,4248.717773,4260.769043,2
1668946353.380059,98.0,4264.743652,4264.102539,4250.512695,4248.077148,4250.384766,4238.589844,4250.0,4249.743652,4247.94873,4241.666504,4231.922852,4251.794922,4248.846191,4260.897461,2
1668946353.383961,99.0,4265.769043,4263.333496,4250.512695,4247.94873,4249.358887,4240.384766,4249.871582,4248.077148,4245.128418,4242.179688,4235.512695,4257.179688,4250.384766,4261.025879,2
1668946353.387862,100.0,4266.153809,4263.077148,4253.846191,4248.974121,4249.615234,4243.974121,4249.615234,4247.563965,4243.077148,4240.128418,4242.05127,4262.05127,4252.179688,4261.025879,2
1668946353.391763,101.0,4265.384766,4264.358887,4258.717773,4250.641113,4251.153809,4247.692383,4249.358887,4249.230957,4243.333496,4237.436035,4248.205078,4264.358887,4253.717773,4261.025879,2
1668946353.395665,102.0,4263.846191,4267.692383,4262.179688,4252.563965,4253.974121,4248.717773,4250.128418,4253.205078,4246.538574,4237.05127,4251.666504,4263.974121,4255.769043,4261.538574,2
1668946353.399566,103.0,4263.846191,4272.563965,4262.820313,4255.256348,4257.436035,4246.282227,4252.307617,4257.563965,4252.05127,4240.897461,4253.077148,4262.436035,4258.717773,4263.333496,2
1668946353.403468,104.0,4266.666504,4277.436035,4261.153809,4258.846191,4261.025879,4241.922852,4256.282227,4259.743652,4258.461426,4249.102539,4254.871582,4262.307617,4263.077148,4267.179688,2
1668946353.407369,105.0,4271.794922,4280.897461,4260.0,4262.436035,4263.846191,4239.230957,4260.769043,4258.974121,4264.871582,4259.615234,4259.102539,4264.743652,4267.307617,4272.307617,2
1668946353.41127,106.0,4277.05127,4281.794922,4260.897461,4263.846191,4264.871582,4240.384766,4264.487305,4256.666504,4269.871582,4268.846191,4265.384766,4268.717773,4269.743652,4277.179688,2
1668946353.415172,107.0,4280.128418,4280.641113,4263.077148,4261.538574,4263.974121,4244.487305,4265.897461,4255.128418,4271.922852,4273.589844,4270.897461,4271.922852,4269.358887,4279.230957,2
1668946353.419073,108.0,4280.256348,4278.461426,4264.230957,4256.794922,4262.179688,4248.717773,4264.230957,4255.512695,4270.128418,4272.05127,4272.179688,4272.436035,4266.410156,4276.922852,2
1668946353.422974,109.0,4278.461426,4276.922852,4263.461426,4252.436035,4260.897461,4250.512695,4261.025879,4257.820313,4265.128418,4265.384766,4267.05127,4270.384766,4262.563965,4271.410156,2
1668946353.426876,110.0,4276.922852,4277.307617,4261.794922,4251.025879,4261.025879,4250.0,4258.077148,4259.615234,4259.615234,4257.563965,4257.692383,4267.436035,4259.615234,4266.410156,2
1668946353.430777,111.0,4276.538574,4278.974121,4261.153809,4252.820313,4262.307617,4248.846191,4257.179688,4258.589844,4255.512695,4252.179688,4249.230957,4264.871582,4258.077148,4265.256348,2
1668946353.434679,112.0,4277.436035,4280.384766,4262.436035,4255.769043,4263.974121,4248.846191,4257.820313,4253.974121,4253.461426,4250.384766,4246.794922,4262.820313,4257.05127,4268.333496,2
1668946353.43858,113.0,4278.974121,4279.230957,4264.358887,4257.05127,4265.384766,4251.025879,4258.717773,4248.333496,4253.205078,4251.666504,4251.666504,4261.922852,4255.641113,4272.820313,2
1668946353.442481,114.0,4280.128418,4275.641113,4265.512695,4255.769043,4266.025879,4254.358887,4257.94873,4245.641113,4254.871582,4254.358887,4260.0,4262.307617,4253.974121,4275.769043,2
1668946353.446383,115.0,4280.256348,4271.153809,4265.128418,4252.94873,4265.0,4256.794922,4255.512695,4247.94873,4258.205078,4257.179688,4266.153809,4263.717773,4253.205078,4275.256348,2
1668946353.450284,116.0,4278.846191,4267.692383,4263.461426,4250.0,4262.307617,4256.025879,4252.436035,4253.717773,4261.666504,4258.461426,4266.410156,4264.487305,4253.589844,4271.794922,2
1668946353.454186,117.0,4275.769043,4265.641113,4261.666504,4247.692383,4259.358887,4252.307617,4249.871582,4258.461426,4262.692383,4257.436035,4261.025879,4263.077148,4254.487305,4267.05127,2
1668946353.458087,118.0,4271.666504,4263.974121,4260.512695,4245.897461,4257.820313,4248.205078,4248.461426,4259.102539,4259.743652,4253.589844,4253.717773,4259.102539,4254.358887,4262.563965,2
1668946353.461988,119.0,4267.563965,4261.153809,4260.769043,4243.846191,4258.077148,4246.794922,4248.333496,4256.153809,4253.461426,4247.563965,4247.692383,4253.589844,4252.436035,4259.230957,2
1668946353.46589,120.0,4264.743652,4256.794922,4261.922852,4241.794922,4258.717773,4249.615234,4249.743652,4252.436035,4246.410156,4240.769043,4244.743652,4248.589844,4249.358887,4256.794922,2
1668946353.469791,121.0,4263.846191,4252.307617,4262.820313,4240.384766,4257.436035,4255.0,4252.307617,4250.256348,4241.410156,4235.641113,4245.128418,4245.512695,4246.410156,4254.743652,2
1668946353.473693,122.0,4264.358887,4248.974121,4262.563965,4240.641113,4254.102539,4259.743652,4254.615234,4249.615234,4240.128418,4234.358887,4247.820313,4244.487305,4244.743652,4252.820313,2
1668946353.477594,123.0,4265.128418,4247.692383,4261.025879,4242.563965,4250.512695,4261.538574,4254.743652,4249.102539,4242.563965,4237.563965,4251.282227,4244.743652,4244.487305,4251.282227,2
1668946353.481495,124.0,4265.256348,4247.563965,4258.461426,4245.384766,4248.974121,4259.615234,4252.307617,4248.589844,4247.436035,4243.846191,4253.974121,4245.128418,4245.512695,4250.512695,2
1668946353.485397,125.0,4264.871582,4247.820313,4256.410156,4247.436035,4250.769043,4255.384766,4249.487305,4249.102539,4252.179688,4250.256348,4255.0,4245.256348,4247.94873,4250.384766,2
1668946353.489298,126.0,4264.743652,4248.589844,4256.666504,4248.589844,4255.384766,4251.025879,4249.230957,4251.794922,4254.615234,4253.333496,4254.358887,4245.769043,4251.666504,4250.256348,2
1668946353.493199,127.0,4265.256348,4250.384766,4259.743652,4250.128418,4260.769043,4248.205078,4252.05127,4256.153809,4254.102539,4252.307617,4253.333496,4247.179688,4255.897461,4250.256348,2
1668946353.497101,128.0,4266.410156,4253.205078,4264.358887,4252.820313,4264.871582,4247.692383,4256.025879,4259.615234,4251.922852,4248.846191,4252.692383,4248.717773,4259.102539,4250.769043,2
1668946353.501002,129.0,4267.179688,4255.769043,4267.179688,4255.384766,4266.153809,4248.461426,4258.205078,4259.615234,4250.0,4246.282227,4252.436035,4247.94873,4259.230957,4251.282227,2
1668946353.504903,130.0,4266.794922,4256.282227,4265.512695,4255.512695,4264.487305,4248.974121,4257.05127,4255.384766,4248.846191,4246.025879,4251.922852,4244.102539,4254.871582,4250.897461,2
1668946353.508805,131.0,4265.0,4253.717773,4259.230957,4252.436035,4260.641113,4248.205078,4254.102539,4249.615234,4247.563965,4247.05127,4250.897461,4238.589844,4247.436035,4248.846191,2
1668946353.512706,132.0,4262.563965,4249.230957,4252.05127,4248.205078,4256.153809,4247.05127,4252.436035,4246.794922,4245.897461,4247.692383,4250.0,4235.897461,4240.897461,4246.282227,2
1668946353.516608,133.0,4261.025879,4245.641113,4247.94873,4245.897461,4252.436035,4246.922852,4254.230957,4250.0,4245.0,4247.563965,4249.871582,4238.846191,4238.974121,4246.025879,2
1668946353.520509,134.0,4261.538574,4245.512695,4249.230957,4247.307617,4250.769043,4248.205078,4258.589844,4257.563965,4246.410156,4247.692383,4251.538574,4246.794922,4242.94873,4249.615234,2
1668946353.52441,135.0,4263.205078,4248.461426,4253.717773,4250.769043,4250.641113,4249.871582,4262.692383,4264.743652,4249.615234,4248.717773,4254.487305,4255.0,4249.871582,4255.769043,2
1668946353.528312,136.0,4263.974121,4251.794922,4257.563965,4253.205078,4251.153809,4250.769043,4263.974121,4267.563965,4251.922852,4250.128418,4257.307617,4258.589844,4255.0,4260.384766,2
1668946353.532213,137.0,4262.436035,4252.692383,4257.563965,4252.94873,4251.282227,4251.025879,4262.307617,4265.897461,4251.666504,4250.512695,4258.077148,4256.410156,4255.641113,4260.384766,2
1668946353.536115,138.0,4259.358887,4250.897461,4253.589844,4250.256348,4250.384766,4250.769043,4259.358887,4262.820313,4249.230957,4249.358887,4255.641113,4250.769043,4251.922852,4255.641113,2
1668946353.540016,139.0,4256.410156,4248.077148,4248.077148,4247.179688,4248.461426,4249.487305,4257.179688,4260.897461,4246.410156,4247.563965,4250.641113,4245.769043,4246.410156,4249.358887,2
1668946353.543917,140.0,4255.128418,4246.153809,4243.974121,4245.256348,4246.666504,4247.05127,4255.769043,4260.128418,4244.615234,4246.282227,4245.641113,4243.846191,4242.179688,4245.0,2
1668946353.547819,141.0,4255.512695,4245.897461,4242.94873,4245.384766,4246.025879,4244.230957,4254.230957,4259.102539,4245.128418,4246.153809,4243.333496,4244.743652,4241.025879,4244.358887,2
1668946353.55172,142.0,4256.794922,4246.794922,4244.230957,4247.05127,4246.794922,4243.077148,4252.05127,4256.922852,4247.820313,4246.666504,4244.358887,4246.410156,4242.563965,4246.410156,2
1668946353.555622,143.0,4257.94873,4247.307617,4246.153809,4248.846191,4248.589844,4244.358887,4249.743652,4253.974121,4251.282227,4246.794922,4246.794922,4246.666504,4244.871582,4248.461426,2
1668946353.559523,144.0,4258.589844,4246.922852,4246.922852,4249.358887,4250.769043,4247.436035,4248.461426,4251.153809,4253.205078,4246.025879,4249.102539,4245.256348,4245.769043,4248.589844,2
1668946353.563424,145.0,4258.974121,4245.769043,4246.538574,4248.717773,4253.205078,4250.897461,4248.717773,4248.974121,4252.307617,4244.487305,4250.384766,4243.846191,4244.615234,4247.05127,2
1668946353.567326,146.0,4259.615234,4244.487305,4246.282227,4248.333496,4255.897461,4253.205078,4250.0,4247.820313,4249.230957,4243.205078,4250.769043,4243.717773,4242.307617,4245.897461,2
1668946353.571227,147.0,4260.384766,4244.230957,4247.563965,4249.358887,4258.461426,4254.358887,4252.179688,4248.205078,4246.410156,4243.589844,4250.256348,4245.512695,4241.025879,4247.05127,2
1668946353.575128,148.0,4261.410156,4245.897461,4251.025879,4251.410156,4260.256348,4255.128418,4255.0,4250.769043,4246.025879,4245.512695,4248.589844,4248.846191,4242.94873,4251.153809,2
1668946353.57903,149.0,4262.692383,4250.128418,4255.769043,4253.461426,4261.794922,4256.922852,4258.717773,4254.871582,4248.461426,4248.077148,4246.794922,4253.846191,4248.205078,4256.794922,2
1668946353.582931,150.0,4264.230957,4256.538574,4260.128418,4254.615234,4263.846191,4260.384766,4261.794922,4257.820313,4251.794922,4249.230957,4246.282227,4260.128418,4254.358887,4262.05127,2
1668946353.586833,151.0,4265.256348,4262.436035,4262.179688,4254.615234,4266.153809,4264.615234,4262.436035,4257.307617,4253.717773,4248.717773,4247.307617,4266.025879,4258.077148,4265.0,2
1668946353.590734,152.0,4264.871582,4264.743652,4260.769043,4253.717773,4266.922852,4266.922852,4259.487305,4253.717773,4252.05127,4247.179688,4248.077148,4268.461426,4257.05127,4264.871582,2
1668946353.594635,153.0,4262.436035,4261.794922,4256.153809,4252.692383,4264.487305,4265.128418,4254.487305,4250.256348,4246.538574,4245.128418,4247.05127,4265.641113,4251.794922,4261.666504,2
1668946353.598537,154.0,4257.94873,4255.641113,4250.641113,4251.794922,4258.974121,4258.974121,4250.0,4250.384766,4238.846191,4242.692383,4244.615234,4258.589844,4244.871582,4256.410156,2
1668946353.602438,155.0,4252.94873,4249.615234,4246.922852,4250.897461,4252.820313,4251.282227,4248.589844,4254.615234,4232.436035,4240.512695,4243.461426,4250.769043,4239.487305,4251.153809,2
1668946353.606339,156.0,4249.871582,4246.666504,4246.922852,4249.871582,4249.615234,4245.384766,4249.743652,4260.384766,4229.871582,4238.846191,4245.0,4245.897461,4237.94873,4247.820313,2
1668946353.610241,157.0,4250.0,4247.05127,4249.487305,4248.717773,4250.769043,4243.589844,4251.282227,4263.461426,4231.282227,4237.94873,4247.820313,4245.512695,4239.743652,4246.922852,2
1668946353.614142,158.0,4253.205078,4249.102539,4252.307617,4247.820313,4255.0,4245.256348,4251.153809,4260.512695,4234.230957,4237.563965,4249.487305,4249.102539,4242.94873,4247.94873,2
1668946353.618044,159.0,4257.436035,4250.641113,4252.94873,4247.692383,4259.230957,4248.461426,4248.974121,4252.563965,4236.410156,4237.307617,4249.230957,4254.487305,4245.512695,4250.384766,2
1668946353.621945,160.0,4260.641113,4250.769043,4251.410156,4248.205078,4261.282227,4250.769043,4246.538574,4243.333496,4237.436035,4237.94873,4248.205078,4258.846191,4246.794922,4253.717773,2
1668946353.625846,161.0,4262.05127,4250.0,4249.230957,4248.846191,4260.897461,4250.897461,4245.769043,4237.692383,4238.461426,4239.358887,4247.692383,4260.897461,4247.179688,4257.563965,2
1668946353.629748,162.0,4261.922852,4249.615234,4248.077148,4248.461426,4259.230957,4249.487305,4247.05127,4237.563965,4240.769043,4241.025879,4247.436035,4259.871582,4246.538574,4260.641113,2
1668946353.633649,163.0,4260.256348,4250.0,4248.205078,4247.05127,4257.179688,4247.94873,4249.102539,4241.025879,4243.974121,4241.922852,4247.05127,4256.794922,4244.871582,4261.410156,2
1668946353.63755,164.0,4257.563965,4250.384766,4249.102539,4245.256348,4255.0,4248.205078,4250.256348,4244.743652,4246.794922,4242.563965,4247.179688,4252.563965,4242.436035,4258.846191,2
1668946353.641452,165.0,4253.974121,4249.871582,4249.487305,4244.230957,4252.563965,4249.871582,4250.128418,4246.794922,4248.333496,4243.589844,4249.102539,4248.717773,4240.128418,4254.102539,2
1668946353.645353,166.0,4251.025879,4248.717773,4249.358887,4244.615234,4250.512695,4251.025879,4248.974121,4247.692383,4248.589844,4245.384766,4252.94873,4246.666504,4238.846191,4250.0,2
1668946353.649255,167.0,4249.871582,4247.692383,4249.102539,4246.025879,4250.128418,4250.384766,4247.692383,4248.333496,4248.846191,4247.563965,4256.794922,4248.077148,4239.871582,4248.974121,2
1668946353.653156,168.0,4250.512695,4247.307617,4249.102539,4247.307617,4252.05127,4248.717773,4246.922852,4248.333496,4249.743652,4248.974121,4258.717773,4253.077148,4242.94873,4251.922852,2
1668946353.657057,169.0,4251.794922,4247.436035,4248.974121,4247.94873,4254.743652,4248.205078,4246.666504,4246.666504,4250.256348,4248.717773,4257.307617,4259.358887,4246.538574,4257.307617,2
1668946353.660959,170.0,4252.05127,4247.307617,4247.94873,4247.692383,4255.897461,4250.384766,4246.538574,4243.461426,4248.717773,4247.307617,4253.461426,4263.205078,4248.461426,4262.436035,2
1668946353.66486,171.0,4250.641113,4246.666504,4245.897461,4247.05127,4253.846191,4253.974121,4245.897461,4240.128418,4243.974121,4245.641113,4248.846191,4262.692383,4247.94873,4265.0,2
1668946353.668762,172.0,4248.589844,4246.538574,4243.974121,4246.153809,4249.487305,4256.410156,4244.487305,4238.077148,4237.692383,4244.743652,4245.384766,4259.358887,4245.769043,4264.487305,2
1668946353.672663,173.0,4246.794922,4247.05127,4243.333496,4245.128418,4245.384766,4255.897461,4242.94873,4238.077148,4233.461426,4244.487305,4244.615234,4256.410156,4243.077148,4262.307617,2
1668946353.676564,174.0,4245.512695,4247.179688,4244.230957,4243.461426,4243.333496,4252.820313,4242.692383,4240.256348,4233.461426,4244.358887,4246.153809,4255.512695,4240.769043,4259.358887,2
1668946353.680466,175.0,4243.077148,4245.128418,4245.641113,4241.153809,4242.692383,4249.358887,4244.358887,4244.743652,4237.692383,4244.615234,4248.461426,4255.256348,4239.230957,4256.025879,2
1668946353.684367,176.0,4239.102539,4240.641113,4245.128418,4239.358887,4241.282227,4247.436035,4247.436035,4250.897461,4243.974121,4245.897461,4250.0,4254.102539,4238.717773,4251.794922,2
1668946353.688269,177.0,4234.230957,4235.512695,4241.666504,4238.974121,4237.820313,4247.563965,4250.128418,4257.05127,4249.615234,4248.589844,4250.641113,4251.666504,4240.0,4247.179688,2
1668946353.69217,178.0,4231.025879,4232.692383,4236.410156,4240.641113,4233.717773,4248.589844,4251.025879,4260.769043,4253.717773,4252.563965,4251.153809,4249.743652,4242.820313,4243.717773,2
1668946353.696071,179.0,4231.538574,4233.974121,4232.05127,4243.333496,4232.05127,4249.358887,4250.0,4260.512695,4257.05127,4256.922852,4252.05127,4249.102539,4245.897461,4242.820313,2
1668946353.699973,180.0,4236.153809,4238.846191,4231.538574,4245.897461,4234.615234,4249.358887,4248.461426,4257.179688,4259.487305,4260.256348,4251.922852,4250.0,4247.820313,4245.0,2
1668946353.703874,181.0,4243.077148,4244.871582,4235.512695,4247.820313,4240.512695,4249.487305,4247.563965,4253.333496,4260.128418,4260.641113,4249.871582,4251.922852,4248.205078,4248.717773,2
1668946353.707775,182.0,4249.102539,4249.230957,4242.05127,4249.358887,4246.410156,4250.512695,4247.94873,4251.025879,4258.077148,4257.563965,4247.05127,4254.102539,4247.94873,4251.666504,2
1668946353.711677,183.0,4251.794922,4250.641113,4247.820313,4251.153809,4249.358887,4251.922852,4248.974121,4250.641113,4253.589844,4252.692383,4246.922852,4255.128418,4248.717773,4252.307617,2
1668946353.715578,184.0,4250.769043,4249.615234,4250.256348,4253.205078,4249.102539,4252.820313,4249.743652,4250.384766,4248.589844,4248.461426,4251.025879,4254.487305,4251.282227,4251.025879,2
1668946353.719479,185.0,4248.205078,4248.077148,4249.230957,4254.743652,4248.077148,4252.179688,4249.358887,4248.589844,4245.384766,4246.794922,4257.820313,4252.820313,4254.358887,4248.974121,2
1668946353.723381,186.0,4247.179688,4247.436035,4246.922852,4254.871582,4248.461426,4250.512695,4247.820313,4244.230957,4245.128418,4247.692383,4263.461426,4251.538574,4256.538574,4247.692383,2
1668946353.727282,187.0,4249.487305,4248.077148,4245.512695,4253.333496,4250.512695,4249.487305,4245.897461,4239.102539,4247.820313,4249.615234,4264.358887,4252.05127,4256.025879,4247.94873,2
1668946353.731184,188.0,4254.102539,4249.102539,4245.897461,4250.897461,4252.05127,4249.871582,4245.0,4235.512695,4251.153809,4250.512695,4259.615234,4253.846191,4252.94873,4249.358887,2
1668946353.735085,189.0,4258.846191,4249.102539,4247.820313,4248.333496,4251.794922,4250.384766,4245.0,4235.128418,4252.179688,4249.230957,4251.410156,4255.0,4248.974121,4250.512695,2
1668946353.738986,190.0,4261.410156,4248.077148,4249.615234,4246.922852,4250.128418,4249.871582,4245.384766,4237.436035,4249.743652,4246.282227,4243.461426,4254.102539,4246.153809,4250.256348,2
1668946353.742888,191.0,4261.538574,4246.922852,4250.256348,4247.05127,4249.230957,4247.820313,4245.128418,4239.743652,4245.0,4243.717773,4239.358887,4251.794922,4246.025879,4248.589844,2
1668946353.746789,192.0,4260.641113,4247.436035,4249.487305,4248.205078,4250.769043,4245.769043,4244.358887,4239.487305,4240.641113,4243.077148,4239.871582,4249.871582,4248.589844,4247.05127,2
1668946353.750691,193.0,4260.384766,4250.128418,4247.692383,4249.102539,4254.871582,4246.282227,4243.846191,4236.282227,4238.846191,4244.487305,4243.205078,4249.871582,4251.794922,4247.692383,2
1668946353.754592,194.0,4261.410156,4254.102539,4246.794922,4249.102539,4259.358887,4250.512695,4244.102539,4231.666504,4239.743652,4246.794922,4246.538574,4251.666504,4253.461426,4251.025879,2
1668946353.758493,195.0,4263.077148,4258.077148,4248.333496,4248.589844,4261.410156,4256.410156,4244.743652,4228.333496,4241.794922,4248.077148,4248.205078,4254.102539,4253.205078,4255.769043,2
1668946353.762395,196.0,4264.230957,4261.025879,4252.307617,4248.461426,4260.512695,4260.128418,4245.0,4228.077148,4243.333496,4247.94873,4248.589844,4255.769043,4252.179688,4258.974121,2
1668946353.766296,197.0,4264.871582,4262.563965,4257.179688,4249.743652,4258.846191,4259.615234,4244.487305,4231.282227,4244.230957,4247.563965,4249.230957,4256.025879,4252.05127,4258.461426,2
1668946353.770198,198.0,4265.769043,4262.820313,4260.512695,4251.922852,4258.974121,4255.769043,4243.974121,4236.922852,4245.256348,4248.333496,4251.153809,4255.0,4253.205078,4254.743652,2
1668946353.774099,199.0,4267.179688,4262.563965,4260.641113,4254.102539,4261.794922,4251.538574,4243.974121,4243.205078,4246.410156,4250.512695,4252.436035,4253.589844,4255.0,4250.641113,2
1668946353.778,200.0,4268.333496,4261.153809,4257.436035,4255.0,4265.0,4248.717773,4245.0,4247.692383,4246.794922,4252.05127,4250.897461,4252.179688,4255.384766,4248.589844,2
1668946353.781902,201.0,4267.179688,4257.307617,4252.692383,4253.974121,4265.128418,4246.666504,4246.153809,4249.102539,4245.128418,4250.256348,4245.769043,4250.0,4252.563965,4248.717773,2
1668946353.785803,202.0,4261.922852,4250.641113,4248.461426,4250.384766,4260.897461,4243.717773,4246.794922,4247.820313,4241.410156,4243.974121,4239.230957,4246.025879,4246.025879,4248.589844,2
1668946353.789704,203.0,4252.94873,4242.563965,4245.897461,4245.512695,4253.846191,4240.384766,4246.794922,4245.897461,4237.692383,4236.025879,4234.871582,4239.743652,4237.94873,4246.153809,2
1668946353.793606,204.0,4243.205078,4236.025879,4245.0,4240.769043,4247.436035,4238.205078,4246.922852,4245.128418,4235.512695,4230.512695,4233.461426,4233.205078,4231.794922,4241.538574,2
1668946353.797507,205.0,4236.153809,4231.922852,4245.256348,4237.179688,4243.974121,4238.974121,4247.307617,4246.025879,4235.512695,4230.0,4232.692383,4229.615234,4229.230957,4236.282227,2
1668946353.801409,206.0,4233.461426,4229.615234,4245.769043,4234.743652,4243.333496,4242.179688,4248.205078,4247.179688,4236.538574,4232.820313,4229.358887,4229.230957,4228.974121,4232.563965,2
1668946353.80531,207.0,4233.974121,4227.692383,4246.153809,4232.94873,4243.974121,4246.538574,4248.974121,4247.179688,4236.282227,4235.384766,4222.692383,4229.358887,4227.179688,4231.153809,2
1668946353.809211,208.0,4234.871582,4225.256348,4246.410156,4231.666504,4244.358887,4250.512695,4249.102539,4245.769043,4232.692383,4235.128418,4215.769043,4226.538574,4221.666504,4231.025879,2
1668946353.813113,209.0,4233.846191,4222.94873,4247.05127,4230.641113,4244.487305,4253.717773,4248.717773,4244.487305,4226.538574,4232.820313,4213.461426,4220.128418,4213.717773,4230.897461,2
1668946353.817014,210.0,4231.666504,4221.153809,4247.94873,4229.871582,4244.743652,4256.025879,4248.205078,4244.615234,4221.410156,4231.282227,4219.102539,4213.205078,4207.563965,4229.615234,2
1668946353.820915,211.0,4230.384766,4220.512695,4248.717773,4230.256348,4245.641113,4257.692383,4249.487305,4247.05127,4222.307617,4232.307617,4230.512695,4210.256348,4207.436035,4228.205078,2
1668946353.824817,212.0,4231.794922,4220.769043,4248.974121,4232.307617,4247.179688,4258.205078,4253.077148,4250.641113,4230.512695,4235.512695,4241.410156,4213.461426,4214.487305,4227.692383,2
1668946353.828718,213.0,4236.153809,4221.282227,4248.846191,4236.025879,4248.974121,4256.538574,4257.94873,4253.333496,4242.179688,4238.589844,4245.512695,4220.641113,4225.897461,4229.358887,2
1668946353.83262,214.0,4241.282227,4222.05127,4248.974121,4239.743652,4250.769043,4252.563965,4261.410156,4253.589844,4250.641113,4239.358887,4240.641113,4227.307617,4236.153809,4232.307617,2
1668946353.836521,215.0,4244.102539,4223.461426,4249.615234,4241.922852,4251.666504,4247.94873,4261.282227,4251.794922,4250.897461,4237.05127,4230.256348,4229.487305,4240.641113,4234.615234,2
1668946353.840422,216.0,4242.94873,4225.897461,4250.0,4241.666504,4251.410156,4245.512695,4258.077148,4248.846191,4243.333496,4233.205078,4220.128418,4226.922852,4238.461426,4233.974121,2
1668946353.844324,217.0,4238.077148,4228.846191,4249.358887,4238.846191,4250.0,4246.282227,4253.333496,4246.153809,4233.461426,4230.512695,4214.487305,4221.794922,4232.05127,4229.615234,2
1668946353.848225,218.0,4232.692383,4230.897461,4247.05127,4235.641113,4247.820313,4248.846191,4249.230957,4245.0,4227.436035,4230.0,4213.846191,4217.307617,4225.512695,4223.333496,2
1668946353.852126,219.0,4230.0,4231.153809,4244.358887,4234.358887,4245.512695,4249.615234,4246.794922,4245.641113,4227.692383,4230.641113,4216.153809,4215.384766,4222.94873,4218.717773,2
1668946353.856028,220.0,4232.179688,4229.871582,4242.436035,4236.666504,4243.717773,4245.641113,4246.282227,4247.436035,4232.179688,4230.641113,4219.230957,4216.410156,4225.641113,4217.94873,2
1668946353.859929,221.0,4238.205078,4228.461426,4241.922852,4241.025879,4242.94873,4238.077148,4246.666504,4248.717773,4237.307617,4230.512695,4222.692383,4219.230957,4231.538574,4221.025879,2
1668946353.863831,222.0,4244.871582,4228.333496,4242.179688,4244.871582,4243.077148,4230.512695,4247.436035,4247.94873,4239.871582,4231.666504,4226.922852,4222.820313,4237.307617,4225.897461,2
1668946353.867732,223.0,4248.846191,4229.871582,4242.05127,4246.153809,4243.333496,4227.05127,4247.94873,4244.743652,4238.974121,4235.0,4231.922852,4225.769043,4240.0,4229.871582,2
1668946353.871633,224.0,4249.230957,4232.05127,4241.410156,4245.0,4242.94873,4229.230957,4248.205078,4240.897461,4236.153809,4239.743652,4236.025879,4227.179688,4239.102539,4231.410156,2
1668946353.875535,225.0,4247.820313,4233.461426,4241.282227,4243.461426,4242.307617,4235.897461,4248.333496,4238.974121,4234.615234,4243.077148,4237.436035,4226.794922,4236.538574,4231.153809,2
1668946353.879436,226.0,4246.922852,4233.846191,4242.307617,4243.077148,4242.05127,4243.974121,4248.333496,4240.128418,4235.897461,4243.205078,4235.897461,4225.769043,4234.615234,4230.897461,2
1668946353.883338,227.0,4247.692383,4234.230957,4243.974121,4244.487305,4243.077148,4249.743652,4248.333496,4243.846191,4238.461426,4240.384766,4233.205078,4225.641113,4234.615234,4231.922852,2
1668946353.887239,228.0,4249.230957,4235.128418,4244.871582,4246.153809,4244.615234,4251.025879,4248.461426,4247.820313,4238.589844,4235.769043,4231.538574,4227.05127,4236.153809,4233.205078,2
1668946353.89114,229.0,4249.871582,4236.153809,4243.974121,4246.410156,4245.641113,4247.436035,4248.461426,4250.0,4235.0,4231.153809,4231.538574,4229.230957,4237.820313,4232.94873,2
1668946353.895042,230.0,4249.230957,4237.179688,4242.436035,4245.0,4245.256348,4241.794922,4248.461426,4249.743652,4229.743652,4227.563965,4232.307617,4230.384766,4238.974121,4231.025879,2
1668946353.898943,231.0,4247.820313,4238.974121,4242.179688,4243.461426,4244.102539,4238.077148,4248.589844,4248.077148,4227.563965,4226.282227,4233.077148,4230.512695,4240.512695,4229.230957,2
1668946353.902845,232.0,4246.922852,4242.820313,4243.846191,4243.589844,4243.333496,4238.333496,4249.102539,4246.410156,4231.153809,4228.205078,4233.846191,4231.025879,4243.461426,4230.512695,2
1668946353.906746,233.0,4247.563965,4248.717773,4245.769043,4245.641113,4243.461426,4241.538574,4249.358887,4245.128418,4239.358887,4232.94873,4235.769043,4233.589844,4247.94873,4235.769043,2
1668946353.910647,234.0,4249.102539,4255.128418,4245.0,4248.333496,4244.230957,4244.743652,4249.230957,4244.230957,4248.077148,4238.461426,4239.487305,4238.333496,4252.436035,4242.563965,2
1668946353.914549,235.0,4250.128418,4260.384766,4240.512695,4249.871582,4244.615234,4245.641113,4248.589844,4243.717773,4252.820313,4242.179688,4244.358887,4243.846191,4255.384766,4247.692383,2
1668946353.91845,236.0,4249.615234,4263.717773,4234.358887,4249.102539,4244.615234,4244.230957,4247.94873,4243.974121,4251.538574,4243.077148,4248.333496,4247.563965,4256.153809,4248.974121,2
1668946353.922351,237.0,4248.333496,4265.256348,4231.025879,4246.666504,4244.358887,4242.563965,4247.563965,4245.256348,4246.153809,4241.666504,4249.615234,4248.333496,4255.0,4247.307617,2
1668946353.926253,238.0,4248.077148,4265.897461,4233.333496,4244.102539,4244.487305,4242.94873,4248.077148,4247.307617,4240.641113,4239.743652,4248.205078,4247.05127,4253.333496,4245.256348,2
1668946353.930154,239.0,4249.358887,4266.410156,4240.256348,4243.333496,4245.0,4245.641113,4249.487305,4249.615234,4238.717773,4239.230957,4245.897461,4245.897461,4252.436035,4245.128418,2
1668946353.934055,240.0,4250.897461,4267.05127,4247.436035,4244.743652,4245.0,4248.717773,4251.538574,4251.410156,4241.666504,4241.282227,4244.743652,4245.641113,4252.563965,4247.05127,2
1668946353.937957,241.0,4250.769043,4267.307617,4251.025879,4247.05127,4243.974121,4249.743652,4253.461426,4252.307617,4247.563965,4245.256348,4244.615234,4245.384766,4252.94873,4249.102539,2
1668946353.941858,242.0,4248.974121,4266.282227,4250.128418,4248.461426,4242.436035,4248.205078,4254.615234,4252.692383,4253.077148,4248.974121,4244.487305,4243.589844,4252.307617,4249.743652,2
1668946353.94576,243.0,4248.077148,4264.358887,4247.307617,4248.077148,4241.922852,4245.0,4255.512695,4253.077148,4255.256348,4250.128418,4243.077148,4239.871582,4251.410156,4248.333496,2
1668946353.949661,244.0,4250.641113,4262.94873,4245.384766,4246.794922,4243.205078,4242.94873,4256.794922,4253.589844,4254.230957,4248.974121,4241.410156,4236.794922,4251.794922,4246.025879,2
1668946353.953562,245.0,4256.666504,4262.820313,4246.153809,4246.538574,4246.025879,4243.589844,4258.717773,4253.461426,4252.692383,4247.94873,4242.436035,4236.922852,4254.102539,4244.615234,2
1668946353.957464,246.0,4263.077148,4263.717773,4248.717773,4248.205078,4248.974121,4246.282227,4260.256348,4252.563965,4252.179688,4248.846191,4247.692383,4240.769043,4256.666504,4245.256348,2
1668946353.961365,247.0,4266.025879,4263.717773,4251.282227,4251.025879,4250.512695,4248.974121,4260.641113,4251.153809,4252.179688,4250.897461,4254.743652,4245.256348,4257.05127,4246.922852,2
1668946353.965267,248.0,4263.333496,4260.384766,4252.05127,4252.820313,4250.128418,4250.128418,4259.102539,4250.0,4250.512695,4251.153809,4258.589844,4245.641113,4253.589844,4246.794922,2
1668946353.969168,249.0,4255.897461,4252.307617,4250.128418,4251.666504,4248.077148,4249.358887,4256.025879,4249.358887,4245.769043,4247.692383,4255.641113,4239.743652,4247.179688,4242.436035,2
1668946353.973069,250.0,4247.307617,4241.153809,4246.153809,4248.205078,4245.384766,4247.05127,4252.563965,4248.974121,4239.230957,4240.897461,4247.179688,4230.256348,4240.384766,4234.358887,2
1668946353.976971,251.0,4241.794922,4230.769043,4241.922852,4244.358887,4243.461426,4244.358887,4250.0,4248.589844,4233.077148,4233.846191,4238.846191,4222.563965,4235.897461,4226.153809,2
1668946353.980872,252.0,4241.282227,4225.641113,4239.615234,4242.692383,4243.205078,4242.563965,4248.974121,4248.077148,4229.230957,4229.230957,4235.512695,4220.897461,4234.615234,4222.820313,2
1668946353.984774,253.0,4244.871582,4227.179688,4240.256348,4243.717773,4244.615234,4242.436035,4249.230957,4247.179688,4228.333496,4228.205078,4237.820313,4225.897461,4235.897461,4227.05127,2
1668946353.988675,254.0,4249.102539,4233.461426,4243.205078,4246.410156,4246.666504,4243.077148,4250.128418,4246.025879,4229.487305,4229.615234,4242.179688,4234.102539,4237.692383,4237.563965,2
1668946353.992576,255.0,4250.897461,4241.282227,4246.153809,4248.205078,4247.563965,4243.589844,4250.769043,4245.128418,4231.410156,4231.538574,4245.128418,4241.282227,4238.717773,4249.871582,2
1668946353.996478,0.0,4250.128418,4247.94873,4246.282227,4247.692383,4246.282227,4243.333496,4250.769043,4244.615234,4233.205078,4232.94873,4245.256348,4245.128418,4238.846191,4259.358887,2
1668946354.000379,1.0,4249.102539,4252.307617,4242.692383,4245.128418,4243.589844,4242.563965,4249.871582,4244.743652,4233.717773,4233.205078,4244.102539,4246.153809,4239.102539,4264.102539,2
1668946354.00428,2.0,4250.0,4255.0,4237.307617,4243.077148,4241.153809,4242.436035,4248.461426,4245.769043,4232.94873,4232.05127,4244.102539,4246.410156,4240.384766,4265.769043,2
1668946354.008182,3.0,4253.205078,4257.436035,4233.077148,4243.205078,4241.410156,4243.333496,4247.179688,4247.179688,4232.179688,4231.025879,4246.025879,4247.692383,4242.94873,4267.94873,2
1668946354.012083,4.0,4256.922852,4260.384766,4232.179688,4245.512695,4244.230957,4244.615234,4246.794922,4247.94873,4232.436035,4231.538574,4248.846191,4250.769043,4246.153809,4272.563965,2
1668946354.015985,5.0,4258.589844,4263.717773,4234.102539,4247.436035,4247.563965,4245.0,4247.436035,4247.692383,4234.743652,4234.230957,4250.897461,4255.384766,4248.974121,4278.717773,2
1668946354.019886,6.0,4256.922852,4265.769043,4236.153809,4246.538574,4247.94873,4244.102539,4248.589844,4246.282227,4238.846191,4238.333496,4251.794922,4260.128418,4251.025879,4283.717773,2
1668946354.023787,7.0,4252.563965,4265.769043,4236.153809,4242.436035,4244.230957,4242.820313,4249.487305,4244.487305,4244.358887,4243.461426,4252.436035,4263.589844,4251.794922,4285.128418,2
1668946354.027689,8.0,4247.563965,4264.358887,4233.461426,4237.307617,4238.205078,4242.436035,4248.846191,4243.205078,4249.358887,4248.974121,4255.128418,4264.487305,4251.410156,4282.563965,2
1668946354.03159,9.0,4244.487305,4262.820313,4229.871582,4234.230957,4233.461426,4243.333496,4246.666504,4242.94873,4251.153809,4252.94873,4260.0,4262.94873,4250.128418,4278.589844,2
1668946354.035491,10.0,4244.487305,4261.794922,4227.563965,4235.128418,4233.205078,4244.743652,4244.487305,4243.974121,4248.077148,4252.820313,4265.256348,4260.384766,4248.461426,4276.153809,2
1668946354.039393,11.0,4246.538574,4261.538574,4227.307617,4238.846191,4237.563965,4246.153809,4243.717773,4245.769043,4241.025879,4247.692383,4267.563965,4258.717773,4246.922852,4276.922852,2
1668946354.043294,12.0,4248.717773,4261.538574,4228.589844,4243.205078,4243.461426,4247.820313,4245.256348,4247.563965,4234.487305,4240.0,4265.769043,4258.846191,4246.538574,4279.615234,2
1668946354.047196,13.0,4249.358887,4261.794922,4230.512695,4246.025879,4247.05127,4250.0,4248.205078,4248.717773,4232.692383,4234.743652,4261.153809,4260.641113,4247.692383,4282.05127,2
1668946354.051097,14.0,4248.589844,4262.563965,4232.179688,4246.666504,4247.05127,4251.922852,4251.153809,4249.358887,4236.794922,4235.897461,4256.538574,4262.307617,4250.256348,4282.563965,2
1668946354.054998,15.0,4247.563965,4264.487305,4233.333496,4245.897461,4244.615234,4252.436035,4252.307617,4249.487305,4243.717773,4242.05127,4253.846191,4262.820313,4253.333496,4281.538574,2
1668946354.0589,16.0,4247.307617,4267.179688,4233.717773,4244.743652,4242.436035,4250.897461,4251.538574,4249.230957,4248.333496,4248.717773,4252.563965,4262.436035,4255.769043,4280.384766,2
1668946354.062801,17.0,4247.692383,4270.128418,4233.461426,4244.487305,4241.538574,4248.205078,4249.615234,4249.102539,4247.436035,4251.153809,4250.641113,4262.307617,4256.538574,4281.025879,2
1668946354.066702,18.0,4248.333496,4272.94873,4233.077148,4245.512695,4241.666504,4246.538574,4248.461426,4248.846191,4241.922852,4248.333496,4247.692383,4263.333496,4255.897461,4284.358887,2
1668946354.070604,19.0,4249.230957,4275.897461,4232.820313,4247.307617,4242.179688,4247.307617,4249.358887,4248.461426,4235.128418,4242.820313,4245.512695,4265.256348,4255.128418,4289.102539,2
1668946354.074505,20.0,4251.410156,4278.717773,4233.333496,4248.974121,4243.077148,4251.025879,4252.05127,4247.436035,4230.256348,4237.94873,4246.410156,4266.922852,4255.384766,4293.333496,2
1668946354.078407,21.0,4255.0,4280.897461,4234.230957,4249.871582,4244.871582,4256.538574,4255.256348,4246.153809,4228.205078,4235.512695,4250.641113,4267.563965,4256.922852,4295.641113,2
1668946354.082308,22.0,4259.102539,4281.794922,4235.384766,4250.512695,4247.563965,4261.666504,4257.436035,4246.025879,4228.589844,4235.384766,4255.641113,4267.179688,4258.846191,4295.384766,2
1668946354.086209,23.0,4261.538574,4281.410156,4237.179688,4251.922852,4249.615234,4264.871582,4258.717773,4248.333496,4231.282227,4236.410156,4258.077148,4266.922852,4260.0,4293.846191,2
1668946354.090111,24.0,4261.282227,4280.641113,4239.487305,4253.974121,4249.871582,4265.512695,4259.487305,4253.077148,4236.410156,4238.205078,4256.794922,4267.820313,4260.0,4292.692383,2
1668946354.094012,25.0,4258.589844,4280.256348,4242.179688,4256.538574,4249.102539,4263.333496,4260.641113,4258.461426,4243.333496,4241.282227,4253.333496,4270.384766,4259.487305,4293.333496,2
1668946354.097914,26.0,4255.0,4279.871582,4244.615234,4258.717773,4249.102539,4258.846191,4261.794922,4262.179688,4250.0,4245.769043,4251.794922,4273.974121,4259.102539,4295.128418,2
1668946354.101815,27.0,4252.307617,4278.461426,4245.641113,4259.487305,4250.897461,4253.077148,4262.179688,4263.205078,4254.358887,4251.666504,4254.487305,4276.922852,4258.846191,4296.922852,2
1668946354.105716,28.0,4251.794922,4275.769043,4244.487305,4257.94873,4252.692383,4248.205078,4261.538574,4262.563965,4255.256348,4257.563965,4261.025879,4277.94873,4258.333496,4296.922852,2
1668946354.109618,29.0,4252.563965,4271.794922,4240.897461,4253.974121,4251.666504,4246.922852,4260.384766,4262.05127,4254.102539,4262.05127,4267.94873,4276.538574,4257.436035,4294.487305,2
1668946354.113519,30.0,4252.692383,4267.179688,4236.282227,4248.846191,4246.410156,4250.384766,4259.358887,4262.436035,4253.333496,4263.974121,4270.897461,4272.820313,4256.153809,4289.743652,2
1668946354.117421,31.0,4250.256348,4262.179688,4232.05127,4244.743652,4238.846191,4256.410156,4259.102539,4263.077148,4254.743652,4263.205078,4268.974121,4267.563965,4254.230957,4284.358887,2
1668946354.121322,32.0,4245.384766,4257.692383,4229.743652,4243.589844,4233.205078,4260.384766,4259.871582,4263.589844,4257.436035,4260.897461,4264.487305,4262.436035,4252.307617,4280.0,2
1668946354.125223,33.0,4239.615234,4254.743652,4229.743652,4245.641113,4233.077148,4259.358887,4261.410156,4264.102539,4259.615234,4258.589844,4261.538574,4259.487305,4250.897461,4278.077148,2
1668946354.129125,34.0,4235.384766,4253.717773,4231.282227,4248.717773,4238.461426,4254.487305,4263.205078,4265.256348,4258.974121,4257.94873,4262.436035,4259.358887,4249.871582,4278.717773,2
1668946354.133026,35.0,4233.846191,4253.846191,4232.820313,4249.487305,4245.128418,4250.128418,4264.358887,4266.282227,4255.256348,4258.717773,4265.897461,4261.025879,4248.717773,4279.871582,2
1668946354.136927,36.0,4234.615234,4253.461426,4233.205078,4246.025879,4247.820313,4250.384766,4264.230957,4265.512695,4249.487305,4259.743652,4269.102539,4261.794922,4246.410156,4279.615234,2
1668946354.140829,37.0,4235.512695,4252.05127,4232.436035,4239.102539,4244.102539,4255.128418,4263.077148,4261.666504,4244.102539,4259.358887,4270.128418,4259.615234,4243.205078,4277.179688,2
1668946354.14473,38.0,4234.487305,4250.0,4231.666504,4232.307617,4236.538574,4261.153809,4261.538574,4256.025879,4240.769043,4257.436035,4269.358887,4254.871582,4240.512695,4274.230957,2
1668946354.148631,39.0,4232.05127,4248.846191,4231.794922,4229.615234,4231.025879,4264.615234,4260.512695,4252.692383,4240.512695,4254.615234,4267.94873,4250.256348,4240.128418,4272.94873,2
1668946354.152533,40.0,4230.0,4250.256348,4232.563965,4232.692383,4231.538574,4264.230957,4260.256348,4254.358887,4243.589844,4253.077148,4266.410156,4248.974121,4242.820313,4274.615234,2
1668946354.156434,41.0,4230.769043,4253.974121,4233.717773,4239.743652,4237.94873,4262.436035,4260.897461,4259.743652,4248.846191,4254.615234,4265.128418,4252.692383,4247.436035,4278.589844,2
1668946354.160336,42.0,4234.230957,4258.589844,4234.358887,4246.666504,4246.282227,4261.666504,4262.05127,4264.230957,4254.358887,4258.461426,4264.230957,4259.102539,4251.410156,4282.179688,2
1668946354.164237,43.0,4238.461426,4262.179688,4234.743652,4250.128418,4251.282227,4262.05127,4262.94873,4263.974121,4256.922852,4261.538574,4264.102539,4264.487305,4252.436035,4283.333496,2
1668946354.168138,44.0,4241.025879,4263.717773,4234.871582,4249.615234,4251.025879,4261.410156,4262.820313,4258.846191,4254.102539,4260.512695,4264.358887,4265.512695,4250.128418,4281.794922,2
1668946354.17204,45.0,4240.512695,4262.307617,4235.256348,4247.179688,4247.563965,4257.94873,4261.282227,4252.307617,4246.666504,4254.871582,4264.871582,4261.666504,4245.512695,4279.230957,2
1668946354.175941,46.0,4237.436035,4258.589844,4235.512695,4244.615234,4244.487305,4251.922852,4259.102539,4248.589844,4238.589844,4247.05127,4265.512695,4254.615234,4240.769043,4277.179688,2
1668946354.179843,47.0,4233.461426,4254.102539,4235.256348,4242.692383,4243.589844,4246.153809,4257.94873,4249.358887,4234.230957,4241.025879,4265.897461,4247.692383,4238.205078,4275.897461,2
1668946354.183744,48.0,4230.769043,4250.512695,4234.230957,4241.153809,4243.974121,4244.230957,4258.205078,4252.692383,4235.256348,4239.743652,4265.0,4243.589844,4238.333496,4275.384766,2
1668946354.187645,49.0,4230.0,4249.615234,4232.94873,4240.128418,4243.974121,4248.205078,4259.743652,4255.0,4239.615234,4243.077148,4262.563965,4244.230957,4240.256348,4275.512695,2
1668946354.191547,50.0,4230.641113,4251.410156,4232.307617,4240.0,4242.179688,4256.410156,4261.282227,4254.871582,4244.487305,4249.358887,4259.487305,4249.102539,4242.820313,4276.666504,2
1668946354.195448,51.0,4231.666504,4254.615234,4232.563965,4241.282227,4239.230957,4264.871582,4262.692383,4253.974121,4248.717773,4256.794922,4258.589844,4256.282227,4245.384766,4278.205078,2
1668946354.19935,52.0,4232.436035,4258.077148,4233.205078,4243.205078,4236.922852,4268.717773,4264.230957,4255.769043,4252.692383,4264.615234,4263.077148,4263.077148,4248.205078,4279.487305,2
1668946354.203251,53.0,4232.563965,4260.641113,4233.846191,4244.615234,4237.179688,4265.897461,4266.025879,4261.538574,4257.05127,4271.282227,4273.077148,4267.179688,4252.179688,4279.871582,2
1668946354.207152,54.0,4231.666504,4262.179688,4233.717773,4245.0,4239.615234,4258.205078,4267.307617,4268.333496,4261.025879,4275.384766,4284.871582,4267.94873,4256.794922,4279.358887,2
1668946354.211054,55.0,4230.384766,4262.94873,4233.077148,4244.743652,4242.820313,4251.025879,4267.94873,4272.307617,4263.461426,4276.410156,4293.974121,4266.794922,4261.153809,4279.615234,2
1668946354.214955,56.0,4229.871582,4264.102539,4232.563965,4244.871582,4244.871582,4249.358887,4267.94873,4271.410156,4265.384766,4277.05127,4298.333496,4267.05127,4264.487305,4281.922852,2
1668946354.218856,57.0,4231.153809,4266.666504,4233.077148,4246.282227,4245.512695,4253.974121,4267.94873,4267.436035,4268.717773,4280.128418,4298.846191,4271.282227,4267.179688,4287.179688,2
1668946354.222758,58.0,4234.102539,4270.0,4234.487305,4248.589844,4245.512695,4260.769043,4267.820313,4263.717773,4274.358887,4286.666504,4297.692383,4279.487305,4270.128418,4294.230957,2
1668946354.226659,59.0,4237.307617,4272.307617,4235.769043,4250.128418,4245.512695,4263.846191,4267.563965,4262.307617,4280.256348,4293.333496,4296.538574,4287.563965,4272.820313,4300.384766,2
1668946354.230561,60.0,4239.230957,4271.794922,4235.641113,4249.871582,4245.384766,4261.153809,4266.538574,4263.077148,4283.333496,4296.153809,4295.384766,4290.769043,4273.846191,4302.436035,2
1668946354.234462,61.0,4238.974121,4268.846191,4234.358887,4248.077148,4245.0,4255.384766,4264.871582,4264.358887,4281.794922,4293.205078,4292.692383,4287.05127,4272.179688,4299.358887,2
1668946354.238363,62.0,4236.410156,4265.256348,4233.077148,4246.538574,4244.102539,4251.538574,4263.077148,4265.0,4276.025879,4286.025879,4287.820313,4278.333496,4268.589844,4292.563965,2
1668946354.242265,63.0,4233.205078,4263.333496,4233.461426,4246.794922,4243.077148,4252.05127,4261.794922,4264.615234,4268.846191,4278.333496,4282.05127,4268.846191,4264.871582,4285.769043,2
1668946354.246166,64.0,4231.153809,4263.589844,4236.025879,4248.461426,4242.563965,4255.128418,4261.794922,4263.589844,4263.461426,4272.94873,4278.461426,4263.077148,4262.179688,4281.922852,2
1668946354.250068,65.0,4231.794922,4264.871582,4239.871582,4249.615234,4243.205078,4257.436035,4262.436035,4261.922852,4261.410156,4270.512695,4278.333496,4262.436035,4260.512695,4281.538574,2
1668946354.253969,66.0,4234.871582,4265.128418,4243.333496,4248.974121,4244.358887,4256.666504,4263.205078,4260.384766,4260.512695,4269.487305,4280.384766,4264.615234,4258.974121,4282.05127,2
1668946354.25787,67.0,4239.358887,4263.333496,4245.0,4247.307617,4245.384766,4253.461426,4263.461426,4258.846191,4257.692383,4267.563965,4280.897461,4266.153809,4256.922852,4280.384766,2
1668946354.261772,68.0,4243.333496,4259.743652,4244.871582,4245.897461,4245.641113,4250.256348,4262.94873,4257.179688,4251.282227,4263.461426,4277.05127,4263.974121,4253.846191,4275.256348,2
1668946354.265673,69.0,4245.0,4255.641113,4243.846191,4245.769043,4245.641113,4249.487305,4262.05127,4255.641113,4243.717773,4258.589844,4269.358887,4258.205078,4249.871582,4268.077148,2
1668946354.269574,70.0,4243.077148,4251.922852,4243.077148,4246.410156,4246.153809,4251.666504,4261.538574,4254.615234,4238.846191,4255.0,4261.410156,4251.282227,4246.410156,4262.179688,2
1668946354.273476,71.0,4238.461426,4249.358887,4242.692383,4247.179688,4247.436035,4255.512695,4261.538574,4255.384766,4239.102539,4254.615234,4257.179688,4246.410156,4244.743652,4260.0,2
1668946354.277377,72.0,4233.589844,4247.94873,4242.692383,4247.820313,4248.974121,4259.615234,4262.05127,4257.94873,4243.205078,4257.05127,4258.717773,4245.897461,4245.384766,4262.307617,2
1668946354.281278,73.0,4231.922852,4247.563965,4242.692383,4248.205078,4250.0,4262.692383,4262.692383,4260.897461,4248.589844,4260.897461,4264.230957,4249.487305,4247.820313,4267.563965,2
1668946354.28518,74.0,4234.871582,4248.461426,4242.692383,4248.461426,4250.128418,4264.102539,4263.461426,4262.307617,4252.692383,4264.358887,4270.512695,4255.256348,4251.282227,4273.077148,2
1668946354.289081,75.0,4240.897461,4250.512695,4243.077148,4248.589844,4249.615234,4263.589844,4263.717773,4261.410156,4254.743652,4266.153809,4274.487305,4260.897461,4254.871582,4276.794922,2
1668946354.292983,76.0,4246.153809,4252.820313,4243.846191,4248.077148,4248.846191,4261.538574,4263.333496,4259.487305,4254.615234,4265.512695,4275.256348,4265.128418,4257.820313,4277.94873,2
1668946354.296884,77.0,4246.922852,4254.358887,4244.615234,4247.179688,4248.077148,4258.846191,4262.436035,4258.589844,4253.077148,4262.94873,4274.358887,4267.179688,4259.487305,4277.307617,2
1668946354.300785,78.0,4242.94873,4253.846191,4244.230957,4246.153809,4247.307617,4257.436035,4261.666504,4260.512695,4251.666504,4260.641113,4274.743652,4266.666504,4259.615234,4275.641113,2
1668946354.304687,79.0,4236.922852,4251.666504,4242.820313,4246.153809,4246.410156,4258.717773,4261.794922,4264.358887,4252.94873,4261.538574,4278.589844,4264.487305,4258.461426,4274.358887,2
1668946354.308588,80.0,4233.205078,4249.743652,4241.282227,4247.692383,4245.641113,4262.05127,4262.94873,4267.692383,4258.717773,4266.922852,4285.897461,4262.563965,4257.692383,4274.871582,2
1668946354.31249,81.0,4234.102539,4250.0,4241.282227,4249.743652,4245.256348,4264.743652,4264.743652,4268.333496,4268.077148,4275.0,4293.461426,4263.077148,4259.358887,4277.436035,2
1668946354.316391,82.0,4238.717773,4252.820313,4242.820313,4251.282227,4245.384766,4264.487305,4266.153809,4265.897461,4276.666504,4282.05127,4298.077148,4266.922852,4263.589844,4281.282227,2
1668946354.320292,83.0,4243.846191,4257.307617,4245.0,4251.538574,4245.769043,4261.922852,4266.410156,4262.436035,4280.0,4285.256348,4298.461426,4272.692383,4268.333496,4284.743652,2
1668946354.324194,84.0,4247.05127,4261.666504,4246.153809,4251.153809,4246.153809,4259.743652,4265.897461,4260.641113,4277.05127,4284.487305,4296.153809,4278.077148,4271.153809,4286.025879,2
1668946354.328095,85.0,4247.436035,4264.615234,4245.641113,4251.153809,4246.794922,4259.743652,4265.128418,4261.410156,4270.769043,4281.922852,4293.589844,4281.282227,4270.769043,4285.128418,2
1668946354.331997,86.0,4245.384766,4265.128418,4244.230957,4252.179688,4247.563965,4260.897461,4264.871582,4263.461426,4265.256348,4279.871582,4292.05127,4281.410156,4268.077148,4282.94873,2
1668946354.335898,87.0,4242.94873,4263.205078,4243.077148,4252.94873,4247.820313,4260.641113,4265.128418,4264.871582,4262.94873,4279.102539,4291.153809,4278.589844,4264.487305,4281.153809,2
1668946354.339799,88.0,4241.410156,4259.871582,4242.692383,4252.563965,4247.05127,4258.717773,4265.512695,4264.743652,4263.461426,4278.846191,4289.743652,4273.717773,4261.282227,4281.153809,2
1668946354.343701,89.0,4241.666504,4257.05127,4243.461426,4250.769043,4245.769043,4256.538574,4265.512695,4263.846191,4264.102539,4277.563965,4287.179688,4269.487305,4259.102539,4282.307617,2
1668946354.347602,90.0,4242.94873,4256.153809,4245.128418,4248.974121,4244.871582,4256.794922,4264.871582,4263.077148,4261.922852,4274.358887,4284.487305,4267.692383,4258.461426,4283.589844,2
1668946354.351503,91.0,4244.487305,4257.436035,4246.666504,4248.589844,4245.897461,4259.743652,4264.102539,4263.077148,4256.282227,4269.487305,4282.820313,4268.846191,4259.358887,4283.589844,2
1668946354.355405,92.0,4245.512695,4259.487305,4247.436035,4250.769043,4249.230957,4263.717773,4263.461426,4263.717773,4249.358887,4264.102539,4282.820313,4271.922852,4261.282227,4282.307617,2
1668946354.359306,93.0,4245.769043,4261.025879,4247.307617,4254.871582,4253.974121,4265.641113,4263.333496,4264.358887,4245.512695,4260.384766,4283.077148,4274.487305,4263.333496,4280.384766,2
1668946354.363207,94.0,4245.641113,4261.153809,4246.538574,4259.102539,4258.205078,4263.974121,4263.717773,4264.487305,4247.94873,4259.871582,4282.563965,4275.384766,4264.743652,4278.846191,2
1668946354.367109,95.0,4245.769043,4260.0,4245.769043,4261.666504,4260.384766,4259.871582,4264.487305,4264.358887,4255.512695,4263.205078,4282.05127,4274.230957,4265.641113,4278.077148,2
1668946354.37101,96.0,4246.666504,4258.589844,4245.769043,4262.05127,4260.256348,4255.512695,4265.256348,4264.102539,4263.205078,4268.974121,4283.333496,4272.563965,4266.282227,4278.077148,2
1668946354.374912,97.0,4248.589844,4258.717773,4246.538574,4260.897461,4258.974121,4252.436035,4265.512695,4263.077148,4266.153809,4274.743652,4287.307617,4271.922852,4267.563965,4278.589844,2
1668946354.378813,98.0,4250.384766,4261.282227,4247.436035,4259.871582,4257.692383,4250.641113,4264.871582,4260.384766,4263.077148,4277.820313,4292.563965,4273.461426,4269.743652,4279.871582,2
1668946354.382714,99.0,4251.282227,4265.512695,4248.333496,4259.615234,4257.307617,4249.487305,4263.846191,4256.666504,4256.153809,4276.282227,4295.769043,4276.922852,4272.179688,4281.666504,2
1668946354.386616,100.0,4251.025879,4268.717773,4248.589844,4260.128418,4257.820313,4248.846191,4263.717773,4254.102539,4250.128418,4270.384766,4294.487305,4280.0,4273.461426,4282.820313,2
1668946354.390517,101.0,4250.897461,4268.333496,4248.461426,4260.384766,4258.333496,4249.743652,4265.641113,4255.0,4247.94873,4263.717773,4289.102539,4280.384766,4272.563965,4282.05127,2
1668946354.394419,102.0,4251.922852,4264.615234,4248.205078,4260.384766,4258.846191,4253.077148,4269.358887,4259.487305,4250.641113,4260.512695,4283.333496,4277.820313,4269.615234,4279.615234,2
1668946354.39832,103.0,4254.230957,4260.512695,4247.94873,4260.256348,4259.358887,4258.461426,4273.205078,4265.384766,4256.666504,4263.589844,4281.025879,4274.615234,4266.282227,4277.307617,2
1668946354.402221,104.0,4257.307617,4260.384766,4248.461426,4260.641113,4260.384766,4263.974121,4275.641113,4269.871582,4263.846191,4271.794922,4283.974121,4273.974121,4264.743652,4277.436035,2
1668946354.406123,105.0,4260.384766,4265.512695,4249.487305,4262.179688,4261.538574,4267.05127,4276.666504,4271.666504,4269.615234,4281.025879,4290.384766,4276.794922,4266.794922,4280.0,2
1668946354.410024,106.0,4262.563965,4273.461426,4250.897461,4264.358887,4262.436035,4267.05127,4277.307617,4271.153809,4272.692383,4286.794922,4297.307617,4281.410156,4271.794922,4283.333496,2
1668946354.413926,107.0,4263.077148,4278.846191,4252.05127,4266.025879,4261.922852,4265.512695,4278.077148,4269.743652,4273.205078,4287.05127,4301.666504,4284.615234,4277.05127,4285.256348,2
1668946354.417827,108.0,4262.179688,4278.461426,4252.436035,4265.512695,4259.871582,4263.974121,4278.461426,4268.461426,4271.922852,4283.205078,4301.666504,4284.615234,4279.487305,4284.487305,2
1668946354.421728,109.0,4260.769043,4272.94873,4252.05127,4262.692383,4257.436035,4263.333496,4277.179688,4267.05127,4269.487305,4278.461426,4297.820313,4282.05127,4278.205078,4281.666504,2
1668946354.42563,110.0,4260.0,4266.538574,4250.897461,4258.974121,4256.282227,4263.205078,4274.102539,4265.128418,4266.410156,4275.641113,4292.307617,4278.974121,4274.358887,4278.717773,2
1668946354.429531,111.0,4260.384766,4263.589844,4249.358887,4256.410156,4256.922852,4262.94873,4270.0,4263.461426,4263.974121,4275.128418,4287.179688,4277.563965,4270.769043,4277.94873,2
1668946354.433432,112.0,4261.538574,4265.641113,4248.077148,4255.769043,4258.461426,4262.179688,4266.538574,4262.563965,4263.333496,4276.153809,4284.230957,4278.717773,4269.487305,4279.871582,2
1668946354.437334,113.0,4262.307617,4270.256348,4247.563965,4256.282227,4259.358887,4260.897461,4265.384766,4262.179688,4264.230957,4276.794922,4282.94873,4280.384766,4269.743652,4282.307617,2
1668946354.441235,114.0,4261.153809,4272.692383,4247.692383,4256.153809,4258.461426,4259.743652,4267.05127,4261.922852,4264.358887,4276.025879,4280.897461,4279.743652,4268.974121,4281.922852,2
1668946354.445137,115.0,4257.692383,4270.256348,4247.563965,4254.230957,4255.641113,4259.358887,4271.025879,4261.666504,4261.282227,4273.589844,4276.282227,4275.384766,4265.512695,4276.666504,2
1668946354.449038,116.0,4252.563965,4263.974121,4246.538574,4250.769043,4251.666504,4259.743652,4275.0,4262.563965,4255.897461,4271.153809,4269.743652,4268.846191,4261.153809,4268.717773,2
1668946354.452939,117.0,4247.692383,4257.94873,4244.871582,4247.436035,4247.94873,4260.128418,4277.05127,4265.0,4252.179688,4271.025879,4265.128418,4264.102539,4258.846191,4262.820313,2
1668946354.456841,118.0,4245.641113,4255.512695,4243.461426,4246.282227,4246.153809,4259.487305,4276.153809,4268.461426,4254.102539,4273.974121,4265.897461,4264.102539,4260.769043,4262.179688,2
1668946354.460742,119.0,4247.179688,4257.820313,4243.589844,4248.205078,4247.05127,4257.563965,4272.820313,4270.769043,4260.641113,4278.333496,4272.692383,4268.846191,4266.025879,4266.794922,2
1668946354.464644,120.0,4251.666504,4263.077148,4245.256348,4252.94873,4250.384766,4255.0,4268.333496,4269.358887,4266.922852,4281.282227,4283.077148,4275.0,4271.153809,4273.205078,2
1668946354.468545,121.0,4256.922852,4269.102539,4247.436035,4258.589844,4254.871582,4252.436035,4263.717773,4262.820313,4267.94873,4281.153809,4292.436035,4279.230957,4273.717773,4278.077148,2
1668946354.472446,122.0,4260.641113,4273.974121,4248.846191,4262.692383,4258.717773,4250.512695,4259.871582,4253.077148,4262.563965,4277.563965,4296.282227,4280.128418,4273.205078,4279.615234,2
1668946354.476348,123.0,4261.794922,4275.769043,4249.102539,4263.205078,4260.897461,4248.974121,4257.05127,4245.128418,4253.205078,4270.897461,4292.436035,4278.589844,4270.769043,4278.077148,2
1668946354.480249,124.0,4260.769043,4274.358887,4248.461426,4260.256348,4261.282227,4248.205078,4255.897461,4242.94873,4245.0,4263.077148,4282.563965,4276.666504,4268.589844,4275.897461,2
1668946354.48415,125.0,4259.230957,4271.025879,4247.94873,4256.666504,4260.897461,4248.205078,4256.410156,4246.666504,4241.410156,4256.922852,4271.410156,4275.769043,4267.94873,4275.256348,2
1668946354.488052,126.0,4258.077148,4268.333496,4248.077148,4255.0,4260.641113,4248.974121,4258.333496,4251.922852,4243.589844,4255.0,4264.102539,4276.282227,4268.846191,4277.436035,2
1668946354.491953,127.0,4257.692383,4268.205078,4249.102539,4255.769043,4260.128418,4250.384766,4260.769043,4254.358887,4249.102539,4257.436035,4263.077148,4277.94873,4270.0,4281.025879,2
1668946354.495855,128.0,4257.692383,4270.512695,4250.512695,4257.307617,4258.205078,4251.922852,4262.436035,4252.436035,4254.358887,4262.179688,4267.436035,4279.615234,4270.384766,4282.94873,2
1668946354.499756,129.0,4257.307617,4273.333496,4251.153809,4257.563965,4254.743652,4252.94873,4262.692383,4248.589844,4256.666504,4266.794922,4274.615234,4279.871582,4269.743652,4281.153809,2
1668946354.503657,130.0,4256.666504,4274.487305,4250.256348,4255.256348,4250.512695,4253.077148,4261.282227,4247.179688,4255.769043,4269.358887,4280.641113,4278.974121,4269.102539,4276.538574,2
1668946354.507559,131.0,4256.153809,4273.461426,4247.94873,4251.410156,4247.307617,4251.922852,4259.230957,4251.025879,4253.846191,4270.0,4282.692383,4277.692383,4269.102539,4271.538574,2
1668946354.51146,132.0,4257.179688,4271.538574,4245.641113,4248.846191,4246.922852,4250.128418,4257.820313,4258.846191,4253.974121,4269.743652,4280.384766,4277.307617,4270.384766,4269.230957,2
1668946354.515361,133.0,4259.871582,4271.153809,4245.384766,4249.743652,4250.256348,4248.589844,4258.205078,4266.153809,4257.436035,4270.897461,4277.05127,4278.846191,4272.94873,4270.769043,2
1668946354.519263,134.0,4262.820313,4273.974121,4247.820313,4254.230957,4255.769043,4248.717773,4260.384766,4268.717773,4263.077148,4274.358887,4276.538574,4282.436035,4276.410156,4275.256348,2
1668946354.523164,135.0,4264.102539,4279.102539,4252.307617,4259.487305,4261.153809,4250.641113,4262.436035,4265.384766,4268.205078,4278.846191,4280.0,4286.282227,4279.871582,4279.871582,2
1668946354.527066,136.0,4263.717773,4284.615234,4256.922852,4262.307617,4264.102539,4253.846191,4262.94873,4258.205078,4270.512695,4282.307617,4285.256348,4288.205078,4282.05127,4282.692383,2
1668946354.530967,137.0,4263.589844,4287.820313,4260.128418,4262.179688,4264.358887,4257.307617,4261.794922,4251.282227,4269.743652,4283.717773,4289.102539,4287.05127,4282.692383,4283.077148,2
1668946354.534868,138.0,4266.025879,4288.333496,4261.282227,4261.153809,4263.077148,4260.384766,4260.384766,4248.077148,4267.05127,4283.205078,4289.487305,4283.333496,4281.922852,4281.922852,2
1668946354.53877,139.0,4270.897461,4287.179688,4261.153809,4261.153809,4261.538574,4262.436035,4260.128418,4249.871582,4263.974121,4281.538574,4286.794922,4279.358887,4280.769043,4280.128418,2
1668946354.542671,140.0,4275.897461,4285.384766,4260.769043,4262.820313,4261.153809,4262.436035,4261.025879,4254.743652,4261.153809,4278.846191,4282.692383,4276.153809,4279.615234,4277.820313,2
1668946354.546573,141.0,4278.205078,4283.205078,4260.128418,4264.487305,4261.794922,4259.871582,4262.05127,4258.846191,4258.717773,4274.871582,4278.974121,4273.846191,4278.205078,4274.487305,2
1668946354.550474,142.0,4276.282227,4280.384766,4259.487305,4264.743652,4262.692383,4255.512695,4261.794922,4259.871582,4256.666504,4269.358887,4275.641113,4271.922852,4276.153809,4270.256348,2
1668946354.554375,143.0,4271.025879,4277.307617,4259.358887,4263.974121,4262.94873,4251.282227,4260.512695,4258.205078,4255.384766,4264.487305,4271.794922,4270.128418,4273.717773,4266.922852,2
1668946354.558277,144.0,4265.769043,4275.641113,4260.128418,4263.333496,4262.692383,4248.974121,4259.743652,4256.922852,4256.282227,4263.717773,4267.05127,4269.230957,4271.794922,4266.922852,2
1668946354.562178,145.0,4263.205078,4276.282227,4261.282227,4263.589844,4262.307617,4248.461426,4260.769043,4258.077148,4260.0,4268.461426,4262.692383,4269.871582,4271.025879,4271.025879,2
1668946354.56608,146.0,4263.589844,4278.077148,4261.410156,4264.230957,4262.307617,4248.974121,4263.205078,4261.794922,4265.0,4276.538574,4260.769043,4271.410156,4271.153809,4276.538574,2
1668946354.569981,147.0,4265.384766,4278.846191,4259.615234,4264.102539,4262.179688,4249.615234,4265.512695,4265.897461,4268.717773,4282.692383,4262.436035,4272.820313,4271.410156,4279.615234,2
1668946354.573882,148.0,4266.410156,4278.205078,4256.794922,4262.436035,4261.794922,4250.641113,4266.794922,4267.820313,4268.717773,4283.846191,4266.794922,4272.94873,4271.794922,4277.692383,2
1668946354.577783,149.0,4266.025879,4277.307617,4254.615234,4259.871582,4261.538574,4252.94873,4266.794922,4267.05127,4265.769043,4281.025879,4271.794922,4272.436035,4273.205078,4273.077148,2
1668946354.581685,150.0,4265.128418,4277.94873,4254.230957,4257.94873,4261.922852,4256.794922,4266.282227,4264.743652,4262.692383,4277.94873,4275.128418,4272.436035,4275.897461,4270.0,2
1668946354.585586,151.0,4265.0,4279.743652,4255.512695,4258.077148,4262.692383,4261.153809,4266.025879,4263.589844,4262.436035,4277.05127,4276.153809,4274.102539,4278.717773,4271.025879,2
1668946354.589488,152.0,4265.512695,4281.282227,4256.922852,4260.128418,4262.94873,4264.102539,4265.897461,4264.615234,4265.769043,4278.205078,4275.512695,4276.410156,4280.0,4275.0,2
1668946354.593389,153.0,4265.384766,4281.025879,4256.922852,4261.922852,4262.179688,4264.487305,4265.512695,4266.794922,4270.769043,4280.0,4275.384766,4277.692383,4278.974121,4278.846191,2
1668946354.59729,154.0,4264.230957,4279.358887,4254.871582,4261.538574,4260.256348,4262.05127,4264.743652,4268.205078,4275.256348,4281.410156,4277.179688,4277.179688,4276.282227,4279.743652,2
1668946354.601192,155.0,4263.205078,4277.820313,4251.666504,4258.846191,4258.205078,4258.333496,4264.102539,4267.179688,4277.820313,4282.05127,4280.512695,4275.641113,4273.461426,4277.820313,2
1668946354.605093,156.0,4263.461426,4277.436035,4249.102539,4255.128418,4257.307617,4255.0,4264.102539,4263.846191,4278.205078,4282.307617,4283.589844,4274.871582,4271.922852,4275.128418,2
1668946354.608995,157.0,4265.384766,4278.461426,4248.077148,4252.179688,4258.205078,4252.94873,4264.230957,4260.384766,4276.538574,4282.05127,4284.487305,4275.897461,4271.794922,4273.846191,2
1668946354.612896,158.0,4267.307617,4279.615234,4249.102539,4250.512695,4260.0,4251.538574,4264.230957,4258.846191,4273.077148,4281.025879,4282.307617,4277.820313,4271.922852,4274.102539,2
1668946354.616797,159.0,4267.307617,4279.358887,4251.282227,4249.615234,4261.282227,4249.743652,4263.717773,4259.743652,4268.974121,4279.615234,4277.94873,4278.846191,4271.025879,4274.230957,2
1668946354.620699,160.0,4265.769043,4278.077148,4253.974121,4249.487305,4260.897461,4247.563965,4263.461426,4261.153809,4265.769043,4278.589844,4274.358887,4278.461426,4269.358887,4274.230957,2
1668946354.6246,161.0,4264.743652,4277.820313,4256.922852,4250.897461,4259.615234,4246.410156,4263.717773,4261.153809,4264.487305,4278.846191,4275.128418,4278.077148,4268.461426,4275.0,2
1668946354.628502,162.0,4266.282227,4281.153809,4259.871582,4254.743652,4259.615234,4248.077148,4264.743652,4259.743652,4264.615234,4279.743652,4280.128418,4279.358887,4269.615234,4277.563965,2
1668946354.632403,163.0,4270.128418,4287.94873,4261.794922,4259.615234,4261.282227,4251.666504,4265.769043,4258.333496,4263.846191,4278.974121,4285.641113,4281.922852,4271.922852,4281.025879,2
1668946354.636304,164.0,4274.102539,4295.0,4261.025879,4262.820313,4263.589844,4254.743652,4265.769043,4257.94873,4259.615234,4274.615234,4286.153809,4283.077148,4272.94873,4282.307617,2
1668946354.640206,165.0,4275.256348,4297.05127,4257.05127,4261.538574,4263.846191,4255.128418,4264.487305,4258.589844,4252.436035,4266.794922,4280.128418,4280.512695,4270.769043,4279.230957,2
1668946354.644107,166.0,4272.307617,4292.307617,4251.794922,4255.897461,4260.897461,4252.820313,4262.179688,4259.487305,4245.769043,4259.102539,4270.384766,4274.102539,4264.871582,4272.820313,2
1668946354.648008,167.0,4266.794922,4283.974121,4248.333496,4249.743652,4255.384766,4249.487305,4260.641113,4259.871582,4243.333496,4255.769043,4262.692383,4266.794922,4257.692383,4266.153809,2
1668946354.65191,168.0,4261.794922,4277.692383,4247.94873,4246.794922,4250.256348,4247.307617,4260.897461,4259.615234,4246.538574,4258.333496,4260.384766,4262.05127,4252.307617,4262.436035,2
1668946354.655811,169.0,4259.871582,4276.666504,4249.743652,4248.974121,4247.563965,4247.307617,4262.692383,4258.846191,4252.94873,4263.846191,4262.94873,4261.025879,4250.769043,4261.666504,2
1668946354.659713,170.0,4260.897461,4278.717773,4250.897461,4253.974121,4247.563965,4248.589844,4264.230957,4258.333496,4258.461426,4267.692383,4266.538574,4261.538574,4252.179688,4261.794922,2
1668946354.663614,171.0,4262.563965,4279.358887,4250.256348,4257.307617,4248.717773,4249.358887,4263.974121,4258.589844,4260.256348,4266.922852,4267.563965,4260.128418,4253.717773,4259.871582,2
1668946354.667515,172.0,4262.436035,4275.897461,4248.461426,4255.897461,4249.230957,4248.589844,4261.922852,4260.0,4259.102539,4262.820313,4265.256348,4255.897461,4252.94873,4255.384766,2
1668946354.671417,173.0,4259.358887,4270.384766,4246.922852,4250.384766,4248.461426,4246.538574,4259.871582,4261.666504,4257.820313,4258.974121,4261.666504,4251.666504,4249.615234,4250.0,2
1668946354.675318,174.0,4254.487305,4266.282227,4246.410156,4245.128418,4246.922852,4244.487305,4259.615234,4261.666504,4258.589844,4258.205078,4259.615234,4250.769043,4246.025879,4246.282227,2
1668946354.67922,175.0,4250.128418,4266.538574,4246.410156,4243.846191,4245.897461,4244.487305,4261.153809,4259.230957,4260.641113,4260.128418,4260.0,4254.102539,4244.743652,4245.384766,2
1668946354.683121,176.0,4247.692383,4270.769043,4246.410156,4247.179688,4246.025879,4246.538574,4263.077148,4254.871582,4262.05127,4262.436035,4261.922852,4259.230957,4246.538574,4247.179688,2
1668946354.687022,177.0,4247.563965,4276.282227,4246.025879,4251.666504,4246.666504,4249.358887,4263.333496,4250.769043,4261.410156,4263.205078,4263.589844,4262.307617,4249.743652,4250.512695,2
1668946354.690924,178.0,4248.333496,4280.128418,4245.641113,4253.461426,4246.538574,4251.025879,4261.538574,4248.717773,4259.487305,4263.205078,4264.615234,4261.410156,4251.538574,4253.461426,2
1668946354.694825,179.0,4249.102539,4280.384766,4245.769043,4250.897461,4245.128418,4250.384766,4259.102539,4249.615234,4257.692383,4263.589844,4264.358887,4257.436035,4250.641113,4255.256348,2
1668946354.698726,180.0,4248.846191,4277.179688,4246.153809,4246.025879,4243.333496,4248.333496,4257.820313,4252.820313,4256.282227,4264.487305,4263.077148,4253.846191,4248.333496,4255.512695,2
1668946354.702628,181.0,4247.692383,4272.820313,4246.538574,4243.205078,4242.307617,4247.05127,4259.102539,4256.538574,4255.128418,4265.384766,4260.897461,4253.589844,4246.666504,4255.128418,2
1668946354.706529,182.0,4246.410156,4269.487305,4247.05127,4245.641113,4243.077148,4247.563965,4262.05127,4258.333496,4253.846191,4265.256348,4259.358887,4256.794922,4247.05127,4254.871582,2
1668946354.710431,183.0,4246.025879,4268.717773,4247.692383,4252.05127,4245.641113,4249.358887,4264.358887,4256.794922,4253.077148,4264.102539,4260.384766,4261.153809,4249.230957,4255.384766,2
1668946354.714332,184.0,4247.307617,4270.384766,4248.717773,4258.205078,4249.102539,4250.512695,4264.615234,4252.307617,4253.205078,4263.077148,4265.384766,4264.230957,4251.794922,4257.563965,2
1668946354.718233,185.0,4249.615234,4272.94873,4250.256348,4260.256348,4252.179688,4250.384766,4262.692383,4247.692383,4254.615234,4263.333496,4273.461426,4265.128418,4253.077148,4261.025879,2
1668946354.722135,186.0,4251.410156,4274.871582,4251.666504,4257.94873,4253.205078,4249.358887,4260.384766,4245.512695,4256.538574,4264.871582,4280.256348,4264.743652,4252.820313,4264.615234,2
1668946354.726036,187.0,4251.794922,4275.897461,4252.436035,4253.717773,4251.794922,4248.589844,4259.102539,4246.410156,4257.05127,4266.538574,4281.282227,4264.743652,4251.538574,4266.410156,2
1668946354.729937,188.0,4251.282227,4275.769043,4251.794922,4250.641113,4249.487305,4248.589844,4259.230957,4248.333496,4254.871582,4266.922852,4275.128418,4265.128418,4250.256348,4265.641113,2
1668946354.733839,189.0,4251.922852,4274.743652,4249.871582,4250.128418,4248.589844,4249.230957,4260.128418,4249.230957,4250.256348,4265.512695,4265.641113,4265.512695,4249.743652,4263.333496,2
1668946354.73774,190.0,4254.871582,4272.692383,4247.563965,4251.794922,4250.512695,4250.0,4260.769043,4248.333496,4245.897461,4262.692383,4259.615234,4265.384766,4250.0,4261.153809,2
1668946354.741642,191.0,4258.589844,4270.897461,4246.410156,4254.358887,4254.102539,4249.871582,4260.641113,4246.922852,4244.743652,4260.0,4261.153809,4264.743652,4250.384766,4260.641113,2
1668946354.745543,192.0,4260.512695,4270.0,4246.538574,4256.153809,4256.538574,4249.102539,4260.128418,4246.538574,4247.563965,4258.974121,4269.230957,4264.487305,4250.0,4261.922852,2
1668946354.749444,193.0,4258.974121,4270.256348,4247.436035,4256.538574,4255.897461,4248.589844,4259.615234,4247.94873,4253.077148,4260.512695,4278.461426,4264.358887,4248.717773,4264.358887,2
1668946354.753346,194.0,4255.512695,4270.769043,4248.205078,4255.641113,4252.563965,4248.717773,4259.743652,4250.769043,4258.589844,4264.743652,4283.461426,4263.461426,4247.436035,4266.666504,2
1668946354.757247,195.0,4252.692383,4270.512695,4248.205078,4254.230957,4248.974121,4249.102539,4260.512695,4253.717773,4262.436035,4270.128418,4282.692383,4261.666504,4247.436035,4267.820313,2
1668946354.761149,196.0,4252.05127,4269.358887,4248.077148,4252.94873,4247.307617,4249.102539,4261.666504,4256.538574,4264.358887,4274.487305,4278.461426,4260.128418,4249.102539,4266.666504,2
1668946354.76505,197.0,4253.461426,4268.589844,4248.205078,4252.179688,4247.820313,4248.589844,4262.820313,4259.615234,4264.487305,4275.512695,4273.846191,4259.615234,4251.538574,4262.563965,2
1668946354.768951,198.0,4254.743652,4268.333496,4248.717773,4251.538574,4249.230957,4248.461426,4263.333496,4263.333496,4263.333496,4272.820313,4270.256348,4259.615234,4252.692383,4256.410156,2
1668946354.772853,199.0,4254.230957,4268.333496,4248.974121,4250.384766,4250.128418,4249.871582,4263.205078,4265.769043,4261.153809,4267.436035,4266.794922,4259.487305,4251.282227,4250.897461,2
1668946354.776754,200.0,4251.410156,4268.846191,4248.717773,4249.358887,4249.871582,4252.94873,4262.436035,4265.0,4259.487305,4262.436035,4262.692383,4259.743652,4247.307617,4249.358887,2
1668946354.780656,201.0,4248.077148,4269.615234,4247.820313,4249.102539,4249.102539,4256.410156,4261.410156,4260.384766,4259.230957,4260.512695,4259.487305,4261.153809,4243.077148,4253.077148,2
1668946354.784557,202.0,4246.538574,4270.384766,4247.05127,4250.0,4248.846191,4257.94873,4260.512695,4254.230957,4260.256348,4262.307617,4259.615234,4263.205078,4241.410156,4259.230957,2
1668946354.788458,203.0,4247.820313,4270.769043,4246.666504,4251.538574,4249.358887,4256.282227,4260.0,4250.384766,4261.153809,4265.384766,4263.974121,4264.871582,4244.102539,4263.717773,2
1668946354.792359,204.0,4251.153809,4270.769043,4246.922852,4252.692383,4250.128418,4251.666504,4259.871582,4251.282227,4261.025879,4267.436035,4270.0,4265.512695,4250.0,4263.589844,2
1668946354.796261,205.0,4254.871582,4271.538574,4247.820313,4253.461426,4250.256348,4247.05127,4259.871582,4255.512695,4260.0,4267.179688,4273.974121,4265.897461,4256.025879,4260.128418,2
1668946354.800162,206.0,4258.077148,4273.974121,4248.974121,4254.230957,4249.615234,4245.128418,4259.615234,4259.230957,4259.487305,4265.641113,4273.589844,4267.05127,4259.871582,4256.538574,2
1668946354.804064,207.0,4261.025879,4277.436035,4249.743652,4255.256348,4249.102539,4246.922852,4259.230957,4259.102539,4260.384766,4264.615234,4270.0,4269.871582,4261.282227,4255.897461,2
1668946354.807965,208.0,4263.333496,4280.769043,4249.743652,4256.538574,4249.102539,4250.897461,4259.230957,4255.128418,4261.922852,4265.0,4266.666504,4273.589844,4261.410156,4258.846191,2
1668946354.811866,209.0,4264.487305,4282.563965,4249.358887,4258.205078,4249.615234,4254.102539,4259.743652,4250.128418,4262.692383,4266.025879,4266.153809,4275.897461,4261.282227,4262.820313,2
1668946354.815768,210.0,4262.94873,4282.179688,4249.358887,4259.871582,4249.871582,4254.487305,4260.769043,4247.563965,4261.794922,4266.153809,4267.820313,4274.230957,4260.256348,4264.487305,2
1668946354.819669,211.0,4258.077148,4279.230957,4250.256348,4260.0,4249.487305,4252.179688,4261.538574,4249.230957,4258.461426,4264.743652,4268.974121,4267.692383,4257.05127,4260.769043,2
1668946354.823571,212.0,4251.538574,4273.333496,4251.153809,4257.692383,4248.589844,4249.358887,4261.666504,4254.487305,4253.717773,4262.692383,4266.794922,4257.94873,4251.538574,4252.436035,2
1668946354.827472,213.0,4246.153809,4265.256348,4251.410156,4253.461426,4247.820313,4248.461426,4260.897461,4260.769043,4249.871582,4261.410156,4261.153809,4248.717773,4245.641113,4243.077148,2
1668946354.831373,214.0,4243.461426,4256.794922,4250.256348,4249.358887,4247.436035,4249.743652,4260.256348,4265.256348,4248.974121,4261.282227,4254.230957,4243.461426,4242.179688,4236.666504,2
1668946354.835275,215.0,4242.692383,4249.871582,4248.077148,4247.436035,4246.922852,4251.794922,4259.871582,4266.025879,4250.512695,4261.025879,4248.589844,4242.692383,4241.282227,4234.487305,2
1668946354.839176,216.0,4241.922852,4245.641113,4244.615234,4247.307617,4245.769043,4252.820313,4259.487305,4262.820313,4251.410156,4258.589844,4245.256348,4243.974121,4240.897461,4234.358887,2
1668946354.843078,217.0,4239.230957,4243.846191,4240.256348,4247.05127,4243.974121,4251.922852,4257.94873,4257.563965,4248.846191,4253.717773,4243.974121,4244.230957,4238.589844,4233.333496,2
1668946354.846979,218.0,4234.871582,4243.846191,4235.641113,4245.256348,4242.179688,4249.615234,4255.128418,4252.307617,4242.820313,4248.461426,4243.846191,4242.307617,4234.743652,4230.641113,2
1668946354.85088,219.0,4230.512695,4244.743652,4232.692383,4242.94873,4241.410156,4247.179688,4251.922852,4249.358887,4236.794922,4245.512695,4244.487305,4240.769043,4231.794922,4228.717773,2
1668946354.854782,220.0,4228.717773,4246.410156,4232.692383,4242.05127,4241.666504,4246.282227,4249.615234,4249.615234,4234.230957,4246.025879,4246.538574,4242.179688,4231.922852,4230.256348,2
1668946354.858683,221.0,4231.153809,4248.589844,4235.641113,4243.205078,4242.307617,4247.179688,4249.102539,4252.307617,4236.538574,4248.589844,4250.128418,4246.922852,4235.512695,4235.769043,2
1668946354.862584,222.0,4236.794922,4250.641113,4240.0,4245.512695,4242.820313,4248.717773,4249.871582,4255.128418,4241.922852,4251.282227,4254.230957,4252.94873,4240.128418,4242.820313,2
1668946354.866486,223.0,4242.563965,4252.307617,4243.846191,4247.05127,4242.820313,4249.358887,4251.025879,4255.641113,4246.922852,4252.692383,4257.820313,4257.94873,4242.820313,4248.461426,2
1668946354.870387,224.0,4246.025879,4254.230957,4245.897461,4247.307617,4242.692383,4248.461426,4251.282227,4252.692383,4248.846191,4253.205078,4260.256348,4261.025879,4242.563965,4251.410156,2
1668946354.874289,225.0,4247.05127,4257.05127,4245.897461,4247.692383,4243.077148,4247.179688,4250.769043,4248.205078,4247.563965,4253.589844,4261.666504,4262.179688,4240.512695,4252.179688,2
1668946354.87819,226.0,4247.436035,4260.256348,4245.256348,4249.871582,4243.846191,4246.922852,4250.0,4244.358887,4245.128418,4254.487305,4261.410156,4262.307617,4239.487305,4252.179688,2
1668946354.882091,227.0,4248.974121,4262.820313,4244.871582,4253.589844,4244.871582,4247.563965,4249.358887,4243.589844,4243.333496,4255.128418,4258.717773,4262.94873,4241.666504,4252.179688,2
1668946354.885993,228.0,4252.563965,4264.102539,4245.769043,4257.307617,4246.666504,4248.461426,4249.102539,4245.384766,4243.333496,4255.512695,4254.487305,4264.487305,4247.05127,4252.94873,2
1668946354.889894,229.0,4258.077148,4264.871582,4247.820313,4260.0,4250.512695,4248.717773,4249.230957,4247.820313,4244.743652,4256.025879,4251.538574,4266.410156,4254.102539,4254.615234,2
1668946354.893796,230.0,4263.974121,4265.641113,4250.128418,4261.922852,4256.410156,4248.205078,4250.0,4248.205078,4246.666504,4257.563965,4253.333496,4268.077148,4260.0,4256.794922,2
1668946354.897697,231.0,4267.820313,4267.307617,4251.410156,4263.717773,4262.692383,4247.94873,4251.025879,4245.641113,4248.077148,4260.512695,4261.282227,4269.358887,4263.077148,4258.974121,2
1668946354.901598,232.0,4267.94873,4269.871582,4251.282227,4264.487305,4266.025879,4248.333496,4251.922852,4241.794922,4247.94873,4263.974121,4272.179688,4270.256348,4262.436035,4260.769043,2
1668946354.9055,233.0,4263.717773,4272.05127,4250.0,4262.94873,4264.358887,4248.974121,4252.05127,4238.846191,4246.153809,4265.256348,4279.358887,4269.871582,4258.333496,4260.897461,2
1668946354.909401,234.0,4256.794922,4271.794922,4248.589844,4258.589844,4258.461426,4249.487305,4251.153809,4238.717773,4242.820313,4262.436035,4277.820313,4267.563965,4252.179688,4258.205078,2
1668946354.913302,235.0,4250.256348,4268.205078,4247.563965,4252.563965,4251.538574,4249.615234,4249.743652,4241.410156,4238.333496,4255.512695,4267.820313,4262.94873,4246.410156,4252.179688,2
1668946354.917204,236.0,4246.794922,4262.307617,4247.05127,4247.436035,4247.307617,4249.358887,4248.589844,4245.512695,4233.717773,4247.563965,4255.256348,4257.179688,4242.692383,4244.743652,2
1668946354.921105,237.0,4246.922852,4257.563965,4246.666504,4245.128418,4247.307617,4248.717773,4248.205078,4248.589844,4230.641113,4242.436035,4246.153809,4251.666504,4241.410156,4239.615234,2
1668946354.925007,238.0,4248.717773,4255.897461,4246.153809,4245.641113,4249.871582,4247.179688,4248.846191,4249.358887,4230.384766,4241.538574,4242.307617,4247.94873,4241.282227,4239.230957,2
1668946354.928908,239.0,4250.0,4257.05127,4245.384766,4247.563965,4251.794922,4245.256348,4249.743652,4248.589844,4232.692383,4243.333496,4241.410156,4246.922852,4240.897461,4242.820313,2
1668946354.932809,240.0,4250.128418,4259.358887,4244.487305,4248.846191,4251.025879,4243.846191,4250.0,4247.94873,4236.282227,4245.256348,4240.384766,4248.974121,4240.0,4247.436035,2
1668946354.936711,241.0,4250.128418,4261.538574,4244.230957,4248.846191,4248.205078,4243.717773,4248.846191,4247.94873,4239.615234,4246.025879,4238.077148,4253.205078,4239.871582,4249.871582,2
1668946354.940612,242.0,4251.794922,4263.461426,4245.0,4248.205078,4245.897461,4245.0,4246.538574,4247.820313,4241.538574,4246.538574,4236.282227,4258.077148,4241.282227,4250.0,2
1668946354.944513,243.0,4255.0,4265.256348,4246.282227,4248.205078,4245.897461,4246.922852,4244.358887,4246.025879,4241.794922,4247.692383,4237.436035,4261.410156,4244.102539,4249.102539,2
1668946354.948415,244.0,4258.077148,4266.153809,4247.05127,4249.102539,4247.94873,4247.692383,4243.205078,4242.307617,4240.641113,4249.487305,4241.922852,4261.153809,4246.666504,4248.333496,2
1668946354.952316,245.0,4258.717773,4265.256348,4246.410156,4250.128418,4249.871582,4246.666504,4243.077148,4238.589844,4239.358887,4250.641113,4247.94873,4257.05127,4246.922852,4247.820313,2
1668946354.956218,246.0,4255.769043,4262.94873,4245.0,4250.512695,4249.871582,4244.615234,4243.589844,4236.794922,4239.358887,4251.153809,4253.461426,4251.025879,4244.615234,4247.179688,2
1668946354.960119,247.0,4250.897461,4260.384766,4243.974121,4249.871582,4247.94873,4243.205078,4243.846191,4237.307617,4240.769043,4251.153809,4257.05127,4246.538574,4241.153809,4246.410156,2
1668946354.96402,248.0,4246.922852,4259.487305,4244.102539,4248.717773,4246.153809,4243.717773,4243.717773,4238.077148,4243.205078,4251.025879,4258.205078,4245.641113,4238.333496,4245.897461,2
1668946354.967922,249.0,4245.769043,4260.128418,4245.256348,4247.94873,4245.384766,4245.384766,4243.717773,4236.922852,4245.512695,4251.282227,4257.436035,4247.692383,4237.05127,4245.897461,2
1668946354.971823,250.0,4246.922852,4260.897461,4246.410156,4247.563965,4245.897461,4246.666504,4243.974121,4233.846191,4246.282227,4251.410156,4255.769043,4250.384766,4237.179688,4246.410156,2
1668946354.975725,251.0,4248.461426,4259.871582,4246.666504,4247.179688,4246.538574,4246.282227,4244.743652,4231.794922,4244.487305,4251.025879,4253.205078,4251.282227,4237.563965,4246.666504,2
1668946354.979626,252.0,4248.589844,4256.538574,4245.897461,4246.666504,4246.666504,4244.358887,4245.641113,4233.333496,4240.128418,4249.487305,4249.487305,4249.487305,4237.05127,4245.384766,2
1668946354.983527,253.0,4247.436035,4252.05127,4245.128418,4246.666504,4247.05127,4242.94873,4246.282227,4238.461426,4235.256348,4247.436035,4244.743652,4246.282227,4235.897461,4241.538574,2
1668946354.987429,254.0,4246.025879,4248.589844,4244.871582,4247.436035,4248.077148,4243.461426,4246.794922,4243.974121,4232.563965,4245.897461,4241.025879,4244.102539,4234.871582,4236.153809,2
1668946354.99133,255.0,4245.256348,4247.692383,4245.128418,4248.205078,4249.615234,4245.512695,4247.05127,4246.153809,4232.820313,4246.153809,4240.0,4244.358887,4235.0,4231.666504,2
1668946354.995232,0.0,4246.153809,4249.102539,4245.384766,4248.077148,4250.256348,4247.179688,4246.538574,4243.333496,4234.871582,4247.179688,4242.179688,4246.153809,4235.897461,4230.384766,2
1668946354.999133,1.0,4248.974121,4251.282227,4245.769043,4247.563965,4249.358887,4247.307617,4245.0,4236.794922,4236.666504,4247.692383,4245.897461,4247.307617,4236.282227,4232.820313,2
1668946355.003034,2.0,4253.461426,4252.692383,4246.025879,4247.94873,4247.563965,4245.897461,4242.820313,4230.769043,4237.05127,4247.307617,4249.743652,4246.794922,4236.282227,4237.05127,2
1668946355.006935,3.0,4258.461426,4252.94873,4246.282227,4250.128418,4246.282227,4244.230957,4241.282227,4228.846191,4236.153809,4247.692383,4252.307617,4245.897461,4236.922852,4240.769043,2
1668946355.010837,4.0,4261.922852,4253.077148,4245.897461,4253.077148,4246.153809,4242.820313,4240.897461,4232.179688,4235.512695,4250.256348,4252.94873,4246.282227,4239.487305,4242.563965,2
1668946355.014738,5.0,4262.179688,4254.615234,4244.358887,4254.615234,4246.922852,4241.666504,4241.794922,4238.974121,4236.922852,4254.615234,4251.538574,4248.846191,4243.846191,4242.692383,2
1668946355.01864,6.0,4258.846191,4257.94873,4241.666504,4253.846191,4247.563965,4239.871582,4243.589844,4246.025879,4241.153809,4258.589844,4249.358887,4252.436035,4248.077148,4242.307617,2
1668946355.022541,7.0,4253.717773,4261.922852,4238.846191,4251.410156,4247.563965,4236.538574,4245.384766,4250.384766,4246.666504,4260.0,4248.077148,4255.512695,4250.641113,4242.692383,2
1668946355.026442,8.0,4249.743652,4265.256348,4236.538574,4249.358887,4246.410156,4232.179688,4246.794922,4251.153809,4251.025879,4259.230957,4248.717773,4257.436035,4250.897461,4243.974121,2
1668946355.030344,9.0,4248.461426,4266.538574,4234.871582,4248.717773,4244.615234,4228.589844,4247.563965,4249.615234,4252.692383,4258.077148,4250.0,4258.589844,4250.0,4245.769043,2
1668946355.034245,10.0,4249.230957,4265.897461,4233.717773,4248.717773,4242.94873,4227.692383,4247.692383,4248.077148,4251.666504,4258.333496,4249.871582,4259.230957,4249.230957,4246.922852,2
1668946355.038147,11.0,4249.358887,4263.846191,4233.205078,4248.205078,4242.05127,4230.384766,4247.563965,4248.077148,4249.615234,4259.871582,4248.333496,4259.743652,4249.615234,4246.538574,2
1668946355.042048,12.0,4247.563965,4261.538574,4233.846191,4247.436035,4242.05127,4235.641113,4247.436035,4249.102539,4247.820313,4261.153809,4247.820313,4260.384766,4250.897461,4245.256348,2
1668946355.045949,13.0,4245.128418,4260.512695,4235.641113,4248.205078,4242.820313,4241.282227,4247.05127,4249.615234,4246.538574,4260.769043,4251.538574,4260.897461,4252.436035,4244.358887,2
1668946355.049851,14.0,4244.871582,4261.538574,4238.461426,4251.282227,4244.358887,4245.256348,4246.666504,4248.589844,4245.128418,4259.230957,4259.615234,4261.025879,4253.717773,4245.512695,2
1668946355.053752,15.0,4247.94873,4264.487305,4241.538574,4255.512695,4246.794922,4246.282227,4246.666504,4246.153809,4244.358887,4258.077148,4267.692383,4260.897461,4254.743652,4248.974121,2
1668946355.057654,16.0,4253.077148,4267.563965,4243.974121,4258.461426,4249.358887,4245.128418,4247.179688,4243.589844,4245.897461,4258.077148,4270.384766,4261.410156,4255.769043,4253.333496,2
1668946355.061555,17.0,4257.05127,4269.358887,4245.512695,4257.94873,4250.128418,4243.333496,4248.077148,4242.563965,4250.769043,4259.615234,4265.769043,4263.077148,4257.179688,4257.05127,2
1668946355.065456,18.0,4257.179688,4268.974121,4245.897461,4254.487305,4248.717773,4243.077148,4248.589844,4243.974121,4258.077148,4262.179688,4257.307617,4265.384766,4258.461426,4259.230957,2
1668946355.069358,19.0,4253.717773,4267.307617,4245.769043,4251.153809,4246.282227,4245.0,4248.717773,4247.307617,4264.230957,4265.512695,4250.384766,4267.179688,4259.102539,4260.256348,2
1668946355.073259,20.0,4249.358887,4266.025879,4245.641113,4251.153809,4245.641113,4248.077148,4248.974121,4251.538574,4267.179688,4268.717773,4248.589844,4267.94873,4258.974121,4260.384766,2
1668946355.07716,21.0,4247.307617,4267.05127,4246.666504,4255.256348,4248.461426,4250.769043,4250.128418,4255.641113,4266.922852,4271.538574,4252.05127,4267.94873,4258.717773,4260.384766,2
1668946355.081062,22.0,4248.846191,4269.871582,4248.589844,4260.897461,4253.974121,4251.666504,4252.307617,4258.333496,4265.897461,4273.717773,4258.333496,4267.94873,4259.230957,4260.256348,2
1668946355.084963,23.0,4251.538574,4272.05127,4250.256348,4263.846191,4258.974121,4251.282227,4254.615234,4258.974121,4265.769043,4274.743652,4263.974121,4267.820313,4260.0,4259.230957,2
1668946355.088865,24.0,4252.179688,4270.512695,4249.615234,4261.794922,4260.256348,4250.512695,4255.512695,4257.563965,4266.666504,4273.974121,4266.922852,4267.05127,4260.0,4255.897461,2
1668946355.092766,25.0,4248.461426,4265.0,4245.769043,4256.282227,4256.666504,4250.897461,4254.615234,4254.871582,4267.179688,4271.153809,4267.692383,4264.743652,4258.077148,4249.871582,2
1668946355.096667,26.0,4241.794922,4256.922852,4240.0,4250.128418,4249.871582,4251.922852,4252.179688,4252.05127,4265.0,4266.666504,4267.179688,4260.0,4254.358887,4242.179688,2
1668946355.100569,27.0,4235.256348,4249.358887,4234.743652,4245.641113,4242.94873,4251.666504,4249.230957,4249.743652,4259.102539,4261.025879,4264.230957,4253.205078,4249.230957,4235.128418,2
1668946355.10447,28.0,4231.538574,4244.487305,4231.538574,4243.077148,4238.333496,4249.487305,4246.666504,4248.589844,4251.410156,4255.0,4257.563965,4245.384766,4243.846191,4230.256348,2
1668946355.108372,29.0,4231.025879,4242.94873,4230.256348,4241.794922,4236.025879,4246.282227,4245.512695,4248.974121,4244.871582,4249.743652,4247.307617,4238.974121,4239.487305,4227.820313,2
1668946355.112273,30.0,4231.922852,4243.589844,4228.974121,4241.282227,4234.871582,4244.358887,4245.897461,4250.0,4242.563965,4246.922852,4237.563965,4235.769043,4237.05127,4226.922852,2
1668946355.116174,31.0,4232.179688,4244.358887,4226.666504,4241.922852,4233.589844,4245.256348,4246.666504,4250.641113,4243.974121,4247.563965,4232.563965,4237.05127,4237.179688,4226.666504,2
1668946355.120076,32.0,4231.410156,4244.487305,4223.846191,4243.846191,4232.307617,4247.692383,4246.666504,4249.102539,4245.897461,4249.871582,4233.846191,4241.410156,4238.974121,4226.794922,2
1668946355.123977,33.0,4230.897461,4243.974121,4222.692383,4246.153809,4232.05127,4249.358887,4244.871582,4245.512695,4245.128418,4250.897461,4238.589844,4246.025879,4241.153809,4227.820313,2
1668946355.127878,34.0,4231.538574,4243.461426,4224.487305,4247.307617,4233.974121,4248.461426,4241.922852,4240.769043,4240.512695,4247.692383,4241.538574,4248.205078,4241.922852,4229.615234,2
1668946355.13178,35.0,4232.820313,4242.563965,4228.205078,4246.666504,4237.820313,4245.384766,4239.230957,4236.922852,4233.461426,4240.384766,4239.871582,4247.05127,4240.384766,4230.384766,2
1668946355.135681,36.0,4233.333496,4240.897461,4231.794922,4244.743652,4241.666504,4242.563965,4238.077148,4235.512695,4226.794922,4232.307617,4234.743652,4242.94873,4237.179688,4229.102539,2
1668946355.139583,37.0,4232.692383,4238.846191,4233.974121,4243.589844,4244.358887,4242.563965,4238.846191,4236.410156,4223.461426,4228.717773,4231.282227,4237.692383,4234.358887,4225.897461,2
1668946355.143484,38.0,4231.666504,4236.922852,4236.282227,4244.871582,4245.641113,4245.641113,4241.410156,4238.589844,4225.769043,4233.333496,4233.077148,4233.717773,4233.717773,4222.94873,2
1668946355.147385,39.0,4231.153809,4235.512695,4241.025879,4248.077148,4246.666504,4249.615234,4245.0,4241.794922,4232.820313,4244.102539,4239.487305,4232.692383,4235.512695,4221.410156,2
1668946355.151287,40.0,4232.307617,4234.230957,4248.589844,4250.384766,4247.94873,4252.05127,4248.589844,4245.641113,4241.282227,4254.230957,4245.128418,4234.487305,4238.205078,4220.897461,2
1668946355.155188,41.0,4234.230957,4231.922852,4256.410156,4248.589844,4249.615234,4251.794922,4250.128418,4249.487305,4246.153809,4256.410156,4244.358887,4236.282227,4239.230957,4219.102539,2
1668946355.159089,42.0,4235.384766,4227.563965,4260.512695,4242.94873,4251.025879,4250.0,4248.461426,4251.538574,4244.615234,4248.589844,4235.769043,4234.358887,4236.794922,4213.717773,2
1668946355.162991,43.0,4234.102539,4221.282227,4258.589844,4236.410156,4251.025879,4248.333496,4244.230957,4250.128418,4237.436035,4235.512695,4223.333496,4228.205078,4231.025879,4205.0,2
1668946355.166892,44.0,4230.256348,4215.384766,4252.436035,4233.205078,4249.102539,4247.05127,4239.102539,4245.256348,4229.230957,4224.487305,4213.846191,4220.897461,4224.743652,4196.666504,2
1668946355.170794,45.0,4226.282227,4213.077148,4246.538574,4235.0,4245.897461,4246.153809,4235.512695,4239.102539,4224.871582,4221.153809,4212.179688,4216.794922,4221.538574,4193.717773,2
1668946355.174695,46.0,4224.358887,4215.769043,4245.256348,4240.128418,4243.205078,4245.128418,4235.128418,4235.128418,4226.025879,4225.512695,4217.94873,4218.461426,4222.94873,4198.205078,2
1668946355.178596,47.0,4225.769043,4222.307617,4248.589844,4245.256348,4242.436035,4244.487305,4237.94873,4235.512695,4229.615234,4232.436035,4225.384766,4224.358887,4227.820313,4207.436035,2
1668946355.182498,48.0,4229.358887,4229.230957,4252.94873,4247.563965,4243.974121,4244.615234,4242.94873,4240.384766,4232.307617,4236.153809,4228.974121,4230.512695,4232.94873,4215.128418,2
1668946355.186399,49.0,4233.077148,4232.94873,4253.974121,4246.922852,4245.769043,4245.769043,4248.077148,4247.179688,4232.692383,4235.0,4227.563965,4233.461426,4236.153809,4216.153809,2
1668946355.190301,50.0,4235.128418,4232.307617,4250.512695,4244.487305,4245.641113,4246.666504,4250.641113,4252.820313,4232.692383,4232.436035,4225.256348,4232.436035,4237.05127,4210.256348,2
1668946355.194202,51.0,4234.743652,4229.102539,4244.871582,4241.794922,4242.820313,4245.641113,4249.743652,4255.769043,4235.128418,4233.461426,4226.538574,4229.615234,4237.05127,4202.563965,2
1668946355.198103,52.0,4233.205078,4226.794922,4240.512695,4240.512695,4238.205078,4241.794922,4247.307617,4257.436035,4241.538574,4240.641113,4232.820313,4227.692383,4237.692383,4198.974121,2
1668946355.202005,53.0,4231.538574,4227.436035,4238.846191,4240.641113,4232.94873,4236.282227,4246.025879,4259.871582,4250.641113,4251.410156,4240.512695,4228.461426,4239.487305,4202.05127,2
1668946355.205906,54.0,4230.897461,4230.512695,4239.487305,4241.282227,4228.589844,4231.666504,4247.179688,4263.846191,4258.461426,4259.871582,4245.128418,4231.025879,4241.922852,4209.230957,2
1668946355.209808,55.0,4231.282227,4233.461426,4241.153809,4241.282227,4226.794922,4230.256348,4249.615234,4266.538574,4260.897461,4261.794922,4244.358887,4233.717773,4243.974121,4216.153809,2
1668946355.213709,56.0,4232.307617,4234.871582,4242.94873,4240.384766,4228.205078,4232.436035,4250.641113,4265.0,4256.538574,4257.05127,4239.615234,4235.384766,4245.128418,4220.0,2
1668946355.21761,57.0,4233.333496,4235.0,4244.487305,4239.358887,4232.179688,4235.384766,4248.205078,4257.94873,4247.563965,4249.743652,4234.615234,4236.538574,4245.256348,4221.282227,2
1668946355.221511,58.0,4233.974121,4234.743652,4245.384766,4239.230957,4236.922852,4235.897461,4242.05127,4248.589844,4238.205078,4244.358887,4232.692383,4238.846191,4244.871582,4222.179688,2
1668946355.225413,59.0,4234.102539,4234.615234,4245.641113,4240.384766,4240.256348,4233.077148,4234.615234,4241.282227,4232.436035,4242.820313,4234.615234,4243.077148,4243.717773,4224.615234,2
1668946355.229314,60.0,4234.102539,4234.743652,4245.512695,4242.179688,4240.897461,4229.230957,4229.743652,4238.846191,4231.922852,4244.102539,4239.230957,4247.307617,4242.307617,4228.205078,2
1668946355.233216,61.0,4234.487305,4234.487305,4245.897461,4243.846191,4239.230957,4228.461426,4229.487305,4240.769043,4236.410156,4246.666504,4244.358887,4249.230957,4241.282227,4231.025879,2
1668946355.237117,62.0,4234.743652,4233.717773,4246.794922,4244.615234,4236.922852,4232.563965,4233.846191,4244.487305,4243.974121,4249.487305,4248.589844,4247.94873,4241.282227,4231.153809,2
1668946355.241018,63.0,4234.615234,4232.563965,4247.436035,4243.717773,4235.128418,4238.974121,4239.743652,4247.436035,4251.025879,4251.666504,4250.769043,4244.487305,4241.922852,4228.205078,2
1668946355.24492,64.0,4233.717773,4231.410156,4246.922852,4241.794922,4234.230957,4243.461426,4243.205078,4248.461426,4254.230957,4252.94873,4250.128418,4240.641113,4241.666504,4223.589844,2
1668946355.248821,65.0,4232.179688,4230.641113,4245.384766,4239.358887,4233.974121,4243.846191,4241.794922,4247.692383,4251.794922,4253.461426,4246.282227,4237.436035,4238.974121,4219.102539,2
1668946355.252723,66.0,4230.769043,4229.487305,4243.846191,4237.307617,4233.846191,4240.769043,4236.666504,4245.512695,4245.128418,4253.077148,4239.615234,4235.128418,4233.974121,4215.641113,2
1668946355.256624,67.0,4230.128418,4227.820313,4243.461426,4235.769043,4234.358887,4236.922852,4231.410156,4243.205078,4236.794922,4250.512695,4231.922852,4233.333496,4228.717773,4213.717773,2
1668946355.260525,68.0,4230.512695,4225.769043,4244.230957,4234.743652,4236.153809,4234.102539,4230.256348,4242.179688,4230.128418,4245.0,4226.538574,4232.563965,4225.769043,4212.94873,2
1668946355.264427,69.0,4231.410156,4224.230957,4245.897461,4235.0,4239.487305,4233.077148,4234.615234,4243.846191,4227.692383,4238.333496,4226.538574,4232.563965,4226.410156,4213.205078,2
1668946355.268328,70.0,4232.179688,4224.230957,4248.461426,4236.794922,4243.461426,4233.846191,4242.563965,4247.94873,4230.0,4233.974121,4232.05127,4233.077148,4229.871582,4214.487305,2
1668946355.27223,71.0,4232.307617,4225.897461,4250.769043,4239.871582,4246.282227,4236.025879,4249.871582,4251.666504,4234.358887,4234.358887,4238.589844,4233.205078,4233.205078,4216.153809,2
1668946355.276131,72.0,4232.820313,4228.461426,4251.794922,4242.692383,4247.05127,4239.358887,4252.563965,4251.922852,4237.179688,4238.205078,4239.615234,4232.563965,4233.333496,4216.922852,2
1668946355.280032,73.0,4234.358887,4229.871582,4251.025879,4243.205078,4246.153809,4242.94873,4249.358887,4247.05127,4235.769043,4241.282227,4232.563965,4231.282227,4229.743652,4215.641113,2
1668946355.283934,74.0,4237.05127,4229.230957,4249.615234,4240.256348,4245.0,4245.384766,4241.794922,4239.230957,4229.871582,4240.384766,4220.641113,4230.0,4224.487305,4212.692383,2
1668946355.287835,75.0,4240.256348,4227.436035,4249.102539,4236.025879,4245.0,4245.128418,4233.717773,4232.692383,4222.307617,4234.743652,4211.410156,4228.589844,4220.769043,4209.487305,2
1668946355.291736,76.0,4243.589844,4226.922852,4250.641113,4233.974121,4245.769043,4241.922852,4229.230957,4230.897461,4217.307617,4227.563965,4211.282227,4227.307617,4220.769043,4207.94873,2
1668946355.295638,77.0,4246.538574,4229.102539,4253.589844,4236.025879,4246.410156,4236.922852,4230.128418,4234.102539,4217.307617,4223.205078,4221.666504,4226.538574,4224.358887,4208.846191,2
1668946355.299539,78.0,4249.487305,4233.205078,4257.05127,4241.282227,4246.538574,4233.589844,4235.512695,4238.974121,4222.05127,4224.615234,4237.05127,4227.692383,4229.871582,4212.179688,2
1668946355.303441,79.0,4253.077148,4237.820313,4260.0,4246.666504,4247.179688,4235.256348,4242.05127,4241.666504,4228.717773,4231.282227,4248.717773,4231.153809,4235.512695,4216.410156,2
1668946355.307342,80.0,4257.05127,4242.179688,4261.922852,4249.743652,4249.743652,4241.922852,4246.666504,4240.0,4234.615234,4239.487305,4250.641113,4236.025879,4239.743652,4220.384766,2
1668946355.311243,81.0,4260.641113,4246.153809,4262.692383,4250.641113,4253.974121,4250.0,4247.692383,4235.641113,4238.077148,4245.0,4243.461426,4240.897461,4242.179688,4223.589844,2
1668946355.315145,82.0,4263.077148,4250.0,4262.94873,4250.897461,4258.717773,4254.487305,4246.153809,4232.307617,4238.461426,4246.153809,4233.717773,4244.615234,4242.820313,4226.666504,2
1668946355.319046,83.0,4264.615234,4253.717773,4263.333496,4252.307617,4261.922852,4253.589844,4244.615234,4232.94873,4236.922852,4244.743652,4228.589844,4246.922852,4242.820313,4229.871582,2
1668946355.322948,84.0,4266.282227,4256.794922,4264.358887,4254.871582,4262.94873,4249.487305,4245.0,4237.563965,4236.025879,4244.102539,4230.128418,4247.563965,4242.94873,4232.692383,2
1668946355.326849,85.0,4267.820313,4258.077148,4265.512695,4256.538574,4261.922852,4246.410156,4247.05127,4243.461426,4236.794922,4245.128418,4233.974121,4246.794922,4243.461426,4233.589844,2
1668946355.33075,86.0,4267.563965,4256.025879,4265.641113,4255.256348,4259.871582,4246.153809,4249.230957,4247.692383,4238.461426,4246.282227,4234.358887,4244.615234,4243.589844,4231.794922,2
1668946355.334652,87.0,4263.974121,4250.384766,4264.230957,4251.410156,4257.436035,4247.692383,4249.871582,4248.717773,4238.846191,4245.0,4229.102539,4241.538574,4242.307617,4227.692383,2
1668946355.338553,88.0,4257.563965,4242.692383,4261.794922,4247.05127,4255.384766,4248.974121,4248.974121,4247.820313,4237.436035,4241.538574,4222.692383,4237.820313,4239.743652,4222.94873,2
1668946355.342454,89.0,4251.025879,4236.282227,4259.615234,4244.487305,4254.871582,4248.333496,4247.692383,4246.922852,4236.153809,4238.974121,4221.538574,4233.717773,4236.794922,4218.974121,2
1668946355.346356,90.0,4247.820313,4233.205078,4259.102539,4244.358887,4256.666504,4246.666504,4247.05127,4246.794922,4237.563965,4240.0,4228.461426,4230.256348,4235.256348,4216.794922,2
1668946355.350257,91.0,4249.871582,4234.102539,4260.256348,4246.025879,4259.871582,4245.641113,4247.563965,4247.179688,4241.282227,4244.615234,4240.384766,4228.717773,4235.769043,4216.538574,2
1668946355.354159,92.0,4254.871582,4236.922852,4262.307617,4247.563965,4262.436035,4246.025879,4248.974121,4247.436035,4244.615234,4249.358887,4250.641113,4229.743652,4237.692383,4217.179688,2
1668946355.35806,93.0,4258.461426,4238.974121,4263.717773,4247.820313,4262.179688,4247.436035,4250.0,4248.077148,4244.102539,4250.512695,4253.077148,4231.794922,4239.230957,4217.307617,2
1668946355.361961,94.0,4257.436035,4238.205078,4263.846191,4246.153809,4258.205078,4247.820313,4250.0,4249.230957,4239.615234,4247.179688,4246.794922,4232.563965,4239.358887,4215.512695,2
1668946355.365863,95.0,4252.436035,4234.743652,4262.307617,4243.461426,4252.179688,4245.769043,4249.487305,4250.128418,4234.487305,4241.153809,4235.769043,4230.897461,4237.94873,4212.179688,2
1668946355.369764,96.0,4247.436035,4230.256348,4260.128418,4241.410156,4247.307617,4241.922852,4248.974121,4250.256348,4232.820313,4235.897461,4226.025879,4227.307617,4236.025879,4208.717773,2
1668946355.373665,97.0,4245.384766,4226.794922,4258.461426,4241.410156,4246.025879,4238.205078,4249.102539,4249.743652,4235.641113,4234.230957,4221.410156,4223.333496,4234.230957,4206.922852,2
1668946355.377567,98.0,4246.538574,4225.128418,4257.94873,4243.461426,4248.461426,4236.666504,4249.358887,4249.102539,4240.0,4236.025879,4221.410156,4219.615234,4232.563965,4207.05127,2
1668946355.381468,99.0,4248.589844,4224.871582,4258.461426,4246.538574,4251.666504,4237.563965,4249.230957,4248.846191,4241.153809,4238.846191,4223.205078,4216.282227,4230.512695,4207.820313,2
1668946355.38537,100.0,4249.743652,4225.512695,4259.871582,4248.461426,4252.820313,4240.128418,4249.358887,4248.717773,4236.153809,4239.230957,4224.743652,4214.102539,4227.820313,4207.563965,2
1668946355.389271,101.0,4249.615234,4226.410156,4261.794922,4248.461426,4251.153809,4243.333496,4250.512695,4248.589844,4226.922852,4236.025879,4226.922852,4214.230957,4225.641113,4206.922852,2
1668946355.393172,102.0,4249.487305,4228.461426,4263.846191,4247.307617,4248.461426,4247.05127,4253.461426,4248.846191,4219.358887,4231.538574,4230.512695,4217.307617,4225.769043,4207.94873,2
1668946355.397074,103.0,4250.769043,4232.820313,4266.025879,4246.794922,4247.94873,4251.153809,4257.94873,4250.0,4219.102539,4228.846191,4234.487305,4222.692383,4229.358887,4212.05127,2
1668946355.400975,104.0,4252.94873,4239.102539,4267.436035,4248.077148,4250.641113,4255.0,4261.794922,4251.538574,4226.538574,4230.128418,4236.666504,4228.589844,4234.871582,4218.717773,2
1668946355.404877,105.0,4254.230957,4244.871582,4267.692383,4250.128418,4254.487305,4257.436035,4263.077148,4252.94873,4236.153809,4234.102539,4235.384766,4232.94873,4239.102539,4225.512695,2
1668946355.408778,106.0,4252.94873,4247.563965,4266.282227,4251.282227,4255.897461,4257.820313,4261.666504,4253.717773,4241.410156,4237.692383,4231.282227,4234.487305,4239.358887,4229.230957,2
1668946355.412679,107.0,4248.974121,4246.025879,4263.846191,4250.128418,4253.205078,4255.897461,4259.230957,4253.717773,4239.487305,4238.333496,4226.794922,4233.333496,4236.025879,4228.205078,2
1668946355.416581,108.0,4244.871582,4242.307617,4261.410156,4247.307617,4248.077148,4252.179688,4257.94873,4252.307617,4233.589844,4236.025879,4224.487305,4230.897461,4231.410156,4223.461426,2
1668946355.420482,109.0,4243.974121,4239.743652,4260.128418,4244.615234,4245.128418,4248.333496,4258.589844,4249.871582,4229.230957,4233.077148,4226.025879,4229.487305,4228.846191,4218.589844,2
1668946355.424384,110.0,4247.436035,4240.512695,4260.641113,4243.846191,4247.692383,4246.153809,4259.871582,4247.307617,4229.615234,4231.794922,4230.512695,4230.897461,4230.128418,4217.563965,2
1668946355.428285,111.0,4253.589844,4244.487305,4262.692383,4245.256348,4255.128418,4246.666504,4260.256348,4246.922852,4233.205078,4232.692383,4235.384766,4234.487305,4234.230957,4221.153809,2
1668946355.432186,112.0,4258.589844,4249.230957,4264.487305,4247.94873,4263.205078,4248.717773,4258.461426,4250.256348,4235.897461,4233.846191,4236.922852,4237.94873,4238.205078,4226.538574,2
1668946355.436087,113.0,4259.102539,4251.410156,4264.871582,4249.871582,4266.794922,4250.0,4255.128418,4256.410156,4235.0,4232.692383,4233.205078,4238.461426,4239.102539,4229.102539,2
1668946355.439989,114.0,4255.0,4249.230957,4263.461426,4249.871582,4263.077148,4249.102539,4251.282227,4261.666504,4231.282227,4228.974121,4226.282227,4235.512695,4236.282227,4227.179688,2
1668946355.44389,115.0,4249.615234,4244.743652,4261.666504,4248.333496,4254.358887,4246.922852,4248.589844,4262.179688,4229.358887,4225.512695,4221.153809,4231.666504,4232.307617,4223.717773,2
1668946355.447792,116.0,4247.692383,4242.307617,4261.025879,4246.922852,4246.794922,4245.769043,4248.205078,4257.179688,4233.077148,4227.05127,4222.436035,4230.897461,4231.153809,4223.461426,2
1668946355.451693,117.0,4251.538574,4244.743652,4262.179688,4246.922852,4245.512695,4247.179688,4250.256348,4250.0,4242.820313,4236.282227,4231.666504,4235.256348,4234.615234,4228.333496,2
1668946355.455594,118.0,4259.358887,4250.769043,4264.230957,4248.205078,4251.153809,4250.769043,4254.230957,4245.641113,4253.717773,4249.615234,4246.153809,4243.205078,4241.282227,4236.282227,2
1668946355.459496,119.0,4266.538574,4256.666504,4265.769043,4249.487305,4259.230957,4253.974121,4258.461426,4246.922852,4259.615234,4259.743652,4259.102539,4250.256348,4247.436035,4243.077148,2
1668946355.463397,120.0,4268.974121,4258.589844,4265.512695,4249.615234,4264.358887,4255.0,4260.769043,4252.436035,4257.179688,4260.256348,4264.743652,4252.563965,4249.615234,4245.0,2
1668946355.467299,121.0,4265.897461,4255.512695,4264.230957,4248.461426,4264.358887,4253.717773,4260.128418,4257.820313,4248.205078,4250.897461,4260.641113,4249.743652,4247.179688,4242.179688,2
1668946355.4712,122.0,4260.384766,4250.128418,4262.820313,4247.05127,4261.025879,4251.538574,4257.05127,4258.589844,4238.974121,4238.461426,4249.615234,4244.615234,4242.820313,4236.922852,2
1668946355.475101,123.0,4256.538574,4246.153809,4262.05127,4246.282227,4258.077148,4250.128418,4253.077148,4253.205078,4235.641113,4231.025879,4238.077148,4241.282227,4239.487305,4232.563965,2
1668946355.479003,124.0,4256.538574,4245.384766,4262.05127,4246.410156,4257.820313,4249.871582,4249.615234,4245.384766,4239.615234,4232.692383,4231.794922,4240.897461,4238.333496,4230.897461,2
1668946355.482904,125.0,4258.974121,4247.05127,4262.307617,4247.179688,4259.615234,4249.871582,4247.820313,4240.897461,4247.307617,4241.153809,4232.563965,4242.05127,4238.461426,4231.922852,2
1668946355.486806,126.0,4261.153809,4248.846191,4262.307617,4247.94873,4261.282227,4249.487305,4248.461426,4243.077148,4253.077148,4250.128418,4237.436035,4242.05127,4238.461426,4233.846191,2
1668946355.490707,127.0,4261.410156,4249.358887,4262.307617,4248.846191,4261.922852,4248.717773,4251.025879,4249.358887,4253.333496,4254.102539,4242.436035,4240.512695,4237.436035,4234.615234,2
1668946355.494608,128.0,4260.0,4248.461426,4263.077148,4249.487305,4261.282227,4249.230957,4254.358887,4254.487305,4248.333496,4251.666504,4244.871582,4239.230957,4235.897461,4233.846191,2
1668946355.49851,129.0,4258.333496,4247.179688,4264.487305,4250.0,4260.128418,4252.05127,4256.410156,4254.871582,4242.436035,4245.512695,4244.230957,4239.615234,4234.871582,4232.436035,2
1668946355.502411,130.0,4257.692383,4246.666504,4265.256348,4249.743652,4258.846191,4256.153809,4256.922852,4252.05127,4240.128418,4240.512695,4241.666504,4241.666504,4235.128418,4231.153809,2
1668946355.506312,131.0,4258.589844,4246.666504,4264.358887,4248.974121,4258.205078,4259.615234,4257.563965,4250.128418,4242.820313,4240.512695,4240.0,4243.974121,4237.05127,4230.641113,2
1668946355.510214,132.0,4260.897461,4246.922852,4262.307617,4248.589844,4258.589844,4261.025879,4259.358887,4252.563965,4248.846191,4246.025879,4242.436035,4245.384766,4240.256348,4231.666504,2
1668946355.514115,133.0,4263.846191,4247.563965,4261.282227,4248.846191,4260.128418,4260.512695,4261.538574,4257.94873,4254.871582,4254.358887,4249.743652,4246.025879,4243.717773,4234.615234,2
1668946355.518017,134.0,4265.641113,4248.589844,4262.563965,4249.743652,4261.666504,4259.358887,4262.307617,4262.179688,4258.333496,4261.153809,4257.563965,4246.922852,4246.282227,4238.974121,2
1668946355.521918,135.0,4264.358887,4250.256348,4264.743652,4250.256348,4261.922852,4257.820313,4260.769043,4261.666504,4257.820313,4262.94873,4260.128418,4247.94873,4246.922852,4242.820313,2
1668946355.525819,136.0,4259.615234,4251.666504,4264.743652,4249.487305,4260.0,4255.641113,4257.94873,4256.794922,4253.974121,4258.974121,4254.487305,4248.077148,4245.512695,4244.230957,2
1668946355.529721,137.0,4252.94873,4251.410156,4260.641113,4247.307617,4255.897461,4252.307617,4255.256348,4251.153809,4248.589844,4252.179688,4244.102539,4246.666504,4242.820313,4242.307617,2
1668946355.533622,138.0,4247.692383,4249.102539,4254.487305,4244.487305,4250.641113,4249.358887,4253.846191,4248.461426,4244.743652,4246.922852,4237.05127,4244.102539,4240.0,4238.589844,2
1668946355.537524,139.0,4245.897461,4246.153809,4250.0,4242.692383,4246.666504,4248.589844,4253.717773,4249.743652,4244.615234,4246.922852,4239.230957,4241.922852,4238.846191,4235.769043,2
1668946355.541425,140.0,4247.820313,4244.102539,4250.128418,4242.563965,4245.769043,4251.025879,4254.102539,4253.077148,4247.94873,4251.794922,4249.743652,4242.05127,4239.615234,4235.384766,2
1668946355.545326,141.0,4251.794922,4243.974121,4254.230957,4244.230957,4247.820313,4254.615234,4253.974121,4255.128418,4251.922852,4257.307617,4262.05127,4244.230957,4241.410156,4236.410156,2
1668946355.549228,142.0,4254.743652,4245.256348,4258.717773,4246.666504,4251.025879,4256.410156,4252.820313,4254.615234,4253.717773,4259.102539,4267.94873,4246.153809,4242.94873,4236.922852,2
1668946355.553129,143.0,4255.0,4246.666504,4259.743652,4248.974121,4252.820313,4254.487305,4251.025879,4252.436035,4252.179688,4255.641113,4263.717773,4246.282227,4243.974121,4235.897461,2
1668946355.55703,144.0,4252.820313,4247.05127,4256.666504,4250.128418,4251.922852,4250.0,4249.615234,4250.512695,4249.230957,4249.743652,4252.436035,4244.615234,4244.487305,4233.717773,2
1668946355.560932,145.0,4249.615234,4246.025879,4251.410156,4249.743652,4249.102539,4246.410156,4249.230957,4250.256348,4247.307617,4245.769043,4242.436035,4242.94873,4244.743652,4231.794922,2
1668946355.564833,146.0,4247.307617,4244.487305,4247.05127,4248.205078,4246.025879,4246.153809,4249.743652,4250.384766,4247.820313,4246.025879,4240.0,4242.820313,4244.743652,4231.282227,2
1668946355.568735,147.0,4246.282227,4243.974121,4245.641113,4246.922852,4244.615234,4248.846191,4250.0,4249.615234,4249.743652,4249.615234,4245.641113,4244.615234,4244.230957,4232.820313,2
1668946355.572636,148.0,4246.794922,4245.256348,4246.666504,4246.794922,4245.769043,4251.410156,4249.102539,4248.205078,4251.282227,4253.333496,4254.230957,4247.179688,4244.230957,4236.025879,2
1668946355.576537,149.0,4248.461426,4247.563965,4248.717773,4248.077148,4248.461426,4251.025879,4248.333496,4248.205078,4251.538574,4255.384766,4260.128418,4249.102539,4245.256348,4239.358887,2
1668946355.580439,150.0,4250.641113,4249.358887,4250.0,4250.0,4251.025879,4247.94873,4248.974121,4250.0,4250.897461,4255.897461,4261.282227,4249.615234,4247.05127,4241.922852,2
1668946355.58434,151.0,4252.436035,4248.717773,4249.743652,4251.794922,4251.794922,4245.0,4250.641113,4252.179688,4250.897461,4256.153809,4258.461426,4248.461426,4248.717773,4242.692383,2
1668946355.588241,152.0,4252.563965,4244.487305,4248.461426,4251.666504,4250.384766,4244.230957,4250.897461,4251.922852,4251.538574,4255.769043,4253.333496,4245.641113,4248.205078,4241.153809,2
1668946355.592143,153.0,4250.0,4237.563965,4246.666504,4248.974121,4247.563965,4245.641113,4247.820313,4248.589844,4251.153809,4253.205078,4246.410156,4241.153809,4244.102539,4236.666504,2
1668946355.596044,154.0,4245.641113,4230.384766,4244.871582,4243.717773,4245.128418,4247.692383,4242.436035,4243.589844,4248.077148,4247.307617,4238.974121,4235.384766,4236.922852,4230.256348,2
1668946355.599946,155.0,4241.794922,4226.025879,4243.333496,4238.077148,4244.871582,4248.589844,4237.94873,4240.128418,4242.179688,4239.487305,4233.205078,4230.641113,4229.230957,4224.230957,2
1668946355.603847,156.0,4240.512695,4226.025879,4243.077148,4234.230957,4246.410156,4248.461426,4237.05127,4239.871582,4236.410156,4233.205078,4230.897461,4229.102539,4223.974121,4220.769043,2
1668946355.607748,157.0,4242.436035,4228.717773,4244.487305,4234.102539,4248.205078,4248.846191,4239.743652,4242.05127,4234.230957,4231.025879,4230.897461,4231.922852,4222.820313,4220.0,2
1668946355.61165,158.0,4246.025879,4230.897461,4246.538574,4236.922852,4248.589844,4250.256348,4243.717773,4244.230957,4236.666504,4233.077148,4230.384766,4237.307617,4225.0,4220.641113,2
1668946355.615551,159.0,4249.102539,4230.769043,4248.077148,4241.025879,4247.563965,4251.922852,4246.666504,4244.487305,4241.794922,4237.820313,4229.102539,4242.436035,4228.846191,4221.794922,2
1668946355.619453,160.0,4250.0,4229.743652,4248.077148,4244.487305,4247.179688,4252.307617,4247.436035,4243.333496,4245.897461,4242.820313,4229.230957,4245.128418,4232.563965,4223.589844,2
1668946355.623354,161.0,4249.358887,4230.512695,4247.436035,4246.666504,4249.743652,4250.256348,4247.05127,4242.563965,4246.666504,4246.538574,4233.333496,4245.384766,4235.641113,4226.666504,2
1668946355.627255,162.0,4248.205078,4234.871582,4247.307617,4248.077148,4255.256348,4247.05127,4246.922852,4243.333496,4244.615234,4248.717773,4241.025879,4244.230957,4237.94873,4230.897461,2
1668946355.631157,163.0,4247.820313,4241.666504,4248.461426,4248.846191,4261.282227,4245.128418,4247.563965,4245.128418,4242.05127,4249.230957,4248.846191,4243.333496,4239.743652,4235.0,2
1668946355.635058,164.0,4248.205078,4247.436035,4250.897461,4248.205078,4263.846191,4246.282227,4248.589844,4246.025879,4240.769043,4248.333496,4252.94873,4243.589844,4240.256348,4236.922852,2
1668946355.63896,165.0,4249.230957,4249.102539,4253.333496,4246.153809,4261.025879,4250.256348,4249.102539,4245.0,4241.922852,4247.05127,4252.05127,4244.871582,4239.487305,4236.025879,2
1668946355.642861,166.0,4250.897461,4246.666504,4255.128418,4244.358887,4254.487305,4254.615234,4248.717773,4242.94873,4245.128418,4246.666504,4247.820313,4246.538574,4238.461426,4233.077148,2
1668946355.646762,167.0,4253.589844,4243.205078,4255.769043,4245.0,4249.487305,4256.922852,4248.077148,4242.05127,4249.871582,4247.94873,4243.589844,4247.94873,4239.358887,4230.512695,2
1668946355.650664,168.0,4257.436035,4242.179688,4255.512695,4249.102539,4249.743652,4256.153809,4248.333496,4243.461426,4255.0,4251.282227,4242.436035,4248.846191,4242.692383,4229.615234,2
1668946355.654565,169.0,4261.153809,4244.358887,4254.871582,4254.743652,4255.128418,4253.461426,4249.358887,4245.897461,4258.974121,4255.256348,4245.384766,4249.102539,4247.05127,4231.025879,2
1668946355.658466,170.0,4262.692383,4247.05127,4254.102539,4258.589844,4261.282227,4250.641113,4250.256348,4247.179688,4259.743652,4258.205078,4250.769043,4249.102539,4249.871582,4233.717773,2
1668946355.662368,171.0,4260.897461,4247.05127,4252.692383,4258.333496,4263.333496,4248.717773,4250.0,4246.282227,4256.922852,4258.589844,4255.641113,4248.846191,4249.487305,4235.897461,2
1668946355.666269,172.0,4256.794922,4242.94873,4250.641113,4254.102539,4260.128418,4247.563965,4248.589844,4244.871582,4251.794922,4256.410156,4257.436035,4248.205078,4245.897461,4235.897461,2
1668946355.67017,173.0,4253.333496,4237.307617,4248.333496,4248.974121,4254.487305,4246.538574,4247.179688,4244.743652,4247.692383,4253.205078,4255.897461,4247.05127,4241.922852,4233.589844,2
1668946355.674072,174.0,4253.077148,4234.358887,4247.820313,4247.179688,4250.897461,4245.641113,4246.922852,4246.153809,4247.05127,4251.153809,4252.307617,4246.025879,4240.897461,4230.769043,2
1668946355.677973,175.0,4257.05127,4236.538574,4250.256348,4250.769043,4252.179688,4245.0,4247.820313,4247.820313,4249.871582,4251.410156,4248.461426,4246.025879,4244.230957,4229.871582,2
1668946355.681875,176.0,4263.077148,4242.307617,4254.743652,4257.94873,4257.563965,4245.0,4249.230957,4248.333496,4252.307617,4252.563965,4245.897461,4247.563965,4250.384766,4231.282227,2
1668946355.685776,177.0,4267.692383,4247.820313,4258.461426,4264.487305,4263.461426,4245.897461,4250.256348,4247.563965,4250.512695,4252.436035,4245.384766,4249.615234,4255.128418,4233.974121,2
1668946355.689677,178.0,4268.589844,4249.743652,4258.846191,4266.153809,4266.282227,4247.820313,4250.769043,4246.410156,4244.615234,4249.871582,4246.922852,4250.641113,4255.897461,4236.025879,2
1668946355.693579,179.0,4266.025879,4248.205078,4256.153809,4261.922852,4264.871582,4250.641113,4250.897461,4246.410156,4238.846191,4246.794922,4249.358887,4250.128418,4252.820313,4236.410156,2
1668946355.69748,180.0,4262.692383,4245.384766,4252.94873,4254.615234,4260.897461,4253.461426,4250.897461,4247.563965,4237.692383,4245.641113,4250.769043,4248.589844,4248.974121,4235.384766,2
1668946355.701382,181.0,4260.897461,4243.589844,4251.410156,4248.589844,4257.179688,4255.128418,4251.025879,4248.461426,4241.025879,4247.05127,4249.358887,4247.307617,4246.922852,4233.333496,2
1668946355.705283,182.0,4261.153809,4243.717773,4252.436035,4246.794922,4256.153809,4254.615234,4250.769043,4247.692383,4244.615234,4249.358887,4245.769043,4246.922852,4246.666504,4231.666504,2
1668946355.709184,183.0,4262.436035,4245.512695,4254.230957,4248.461426,4257.436035,4252.307617,4250.128418,4245.128418,4243.974121,4250.0,4243.205078,4247.307617,4246.282227,4231.282227,2
1668946355.713086,184.0,4263.333496,4247.436035,4255.0,4251.025879,4259.487305,4249.871582,4249.615234,4243.077148,4238.461426,4247.692383,4244.230957,4247.94873,4245.256348,4233.077148,2
1668946355.716987,185.0,4262.94873,4248.077148,4253.589844,4252.94873,4261.153809,4249.358887,4250.0,4243.717773,4231.794922,4243.717773,4248.205078,4248.461426,4244.102539,4236.538574,2
1668946355.720889,186.0,4261.922852,4247.436035,4251.025879,4253.589844,4261.922852,4251.410156,4251.538574,4246.922852,4228.205078,4240.512695,4251.410156,4248.974121,4244.615234,4240.512695,2
1668946355.72479,187.0,4261.153809,4247.307617,4248.974121,4253.974121,4262.436035,4254.871582,4253.333496,4250.0,4228.589844,4239.743652,4250.384766,4249.358887,4246.538574,4243.589844,2
1668946355.728691,188.0,4261.025879,4248.846191,4248.846191,4254.358887,4262.307617,4257.820313,4253.974121,4250.256348,4230.897461,4241.025879,4245.0,4249.615234,4248.205078,4244.230957,2
1668946355.732593,189.0,4261.666504,4251.794922,4250.384766,4255.128418,4261.153809,4259.230957,4252.563965,4247.436035,4233.205078,4243.333496,4238.461426,4248.717773,4248.589844,4242.05127,2
1668946355.736494,190.0,4262.563965,4253.974121,4251.538574,4256.538574,4259.230957,4259.358887,4249.743652,4243.974121,4235.256348,4245.641113,4235.769043,4246.538574,4248.205078,4238.077148,2
1668946355.740395,191.0,4263.333496,4254.743652,4251.153809,4258.205078,4257.307617,4259.102539,4247.307617,4243.077148,4238.205078,4247.692383,4238.846191,4243.974121,4248.846191,4234.358887,2
1668946355.744297,192.0,4264.102539,4254.871582,4249.358887,4260.0,4256.666504,4259.230957,4246.666504,4245.512695,4242.563965,4249.487305,4245.769043,4243.717773,4251.153809,4232.692383,2
1668946355.748198,193.0,4264.871582,4255.512695,4248.077148,4261.410156,4257.94873,4259.230957,4247.94873,4249.230957,4247.307617,4251.025879,4251.538574,4247.179688,4254.615234,4233.717773,2
1668946355.7521,194.0,4266.025879,4256.922852,4248.333496,4262.563965,4260.128418,4257.94873,4249.871582,4250.769043,4249.871582,4251.666504,4252.94873,4253.333496,4257.94873,4236.282227,2
1668946355.756001,195.0,4266.922852,4258.205078,4249.743652,4263.333496,4261.666504,4254.358887,4250.512695,4249.102539,4249.230957,4251.410156,4250.769043,4258.717773,4260.128418,4238.974121,2
1668946355.759902,196.0,4266.922852,4258.717773,4250.641113,4263.333496,4262.179688,4248.974121,4249.615234,4246.282227,4247.05127,4250.769043,4247.820313,4260.512695,4261.282227,4241.153809,2
1668946355.763804,197.0,4266.025879,4258.333496,4250.256348,4262.94873,4261.922852,4245.0,4248.205078,4245.769043,4246.794922,4251.025879,4246.410156,4257.94873,4262.692383,4242.94873,2
1668946355.767705,198.0,4265.256348,4257.94873,4249.487305,4262.94873,4262.05127,4245.0,4247.94873,4249.230957,4250.641113,4253.333496,4246.153809,4253.461426,4264.743652,4244.487305,2
1668946355.771606,199.0,4265.512695,4258.077148,4248.974121,4263.589844,4262.820313,4249.358887,4249.358887,4255.256348,4256.538574,4257.307617,4245.512695,4250.512695,4267.05127,4245.512695,2
1668946355.775508,200.0,4266.282227,4258.589844,4249.102539,4263.717773,4263.205078,4255.128418,4251.922852,4260.512695,4260.512695,4261.410156,4243.717773,4250.384766,4267.820313,4245.256348,2
1668946355.779409,201.0,4265.897461,4258.077148,4248.974121,4262.179688,4261.922852,4258.589844,4253.846191,4262.692383,4259.871582,4263.461426,4242.05127,4251.538574,4265.769043,4242.94873,2
1668946355.783311,202.0,4262.820313,4255.128418,4247.563965,4258.205078,4258.333496,4257.94873,4254.230957,4262.307617,4255.641113,4263.077148,4241.666504,4251.410156,4260.897461,4238.461426,2
1668946355.787212,203.0,4257.436035,4249.487305,4244.487305,4252.820313,4253.077148,4254.230957,4253.461426,4261.922852,4252.307617,4261.922852,4242.307617,4248.077148,4255.128418,4232.94873,2
1668946355.791113,204.0,4251.410156,4242.563965,4240.512695,4247.692383,4248.205078,4249.871582,4252.307617,4263.333496,4252.94873,4261.538574,4241.538574,4242.563965,4250.512695,4227.563965,2
1668946355.795015,205.0,4246.794922,4236.282227,4237.05127,4244.230957,4245.256348,4246.538574,4251.282227,4265.0,4256.410156,4261.922852,4237.179688,4236.794922,4247.820313,4223.461426,2
1668946355.798916,206.0,4244.871582,4231.794922,4235.641113,4242.94873,4244.615234,4244.743652,4250.128418,4264.102539,4258.461426,4260.769043,4230.769043,4232.563965,4246.025879,4221.153809,2
1668946355.802817,207.0,4245.128418,4229.743652,4237.05127,4242.820313,4245.641113,4245.128418,4249.102539,4259.358887,4256.538574,4257.307617,4226.794922,4230.512695,4243.974121,4221.025879,2
1668946355.806719,208.0,4246.282227,4230.0,4240.641113,4243.077148,4246.922852,4248.205078,4249.102539,4253.333496,4251.794922,4252.692383,4229.358887,4230.512695,4241.538574,4223.205078,2
1668946355.81062,209.0,4247.307617,4232.307617,4245.0,4243.846191,4248.077148,4253.717773,4250.512695,4249.615234,4247.94873,4250.128418,4238.077148,4232.563965,4239.871582,4226.922852,2
1668946355.814522,210.0,4248.461426,4235.641113,4248.077148,4245.384766,4249.487305,4259.358887,4253.077148,4250.769043,4247.692383,4251.794922,4248.717773,4236.794922,4240.256348,4230.897461,2
1668946355.818423,211.0,4250.384766,4239.358887,4249.230957,4247.563965,4251.922852,4262.563965,4255.512695,4255.384766,4250.897461,4256.538574,4255.512695,4242.436035,4242.94873,4233.846191,2
1668946355.822324,212.0,4252.692383,4242.05127,4249.358887,4249.743652,4255.641113,4261.922852,4256.410156,4259.358887,4255.512695,4262.05127,4255.384766,4247.307617,4246.922852,4235.128418,2
1668946355.826226,213.0,4254.871582,4242.307617,4248.974121,4250.897461,4258.974121,4257.820313,4254.615234,4258.974121,4258.589844,4265.256348,4248.333496,4248.974121,4251.025879,4234.615234,2
1668946355.830127,214.0,4255.384766,4240.0,4248.461426,4250.769043,4260.0,4252.179688,4250.769043,4253.974121,4258.589844,4264.743652,4237.820313,4246.538574,4253.461426,4233.333496,2
1668946355.834029,215.0,4253.717773,4237.05127,4247.436035,4249.358887,4257.563965,4247.820313,4246.666504,4248.717773,4256.153809,4261.025879,4229.102539,4241.410156,4253.205078,4232.307617,2
1668946355.83793,216.0,4250.384766,4235.897461,4245.641113,4247.563965,4253.077148,4246.282227,4244.615234,4247.563965,4253.077148,4256.410156,4226.282227,4236.538574,4250.384766,4232.05127,2
1668946355.841831,217.0,4247.436035,4238.077148,4243.717773,4246.666504,4248.846191,4247.563965,4245.641113,4251.922852,4251.794922,4253.846191,4229.871582,4234.615234,4247.05127,4232.05127,2
1668946355.845733,218.0,4246.666504,4242.307617,4242.692383,4247.307617,4246.538574,4249.743652,4248.461426,4258.717773,4252.692383,4254.487305,4236.538574,4236.538574,4245.384766,4231.922852,2
1668946355.849634,219.0,4248.333496,4246.025879,4243.333496,4249.487305,4246.153809,4250.128418,4250.641113,4262.820313,4253.846191,4256.666504,4241.410156,4240.512695,4246.666504,4231.922852,2
1668946355.853536,220.0,4251.282227,4247.436035,4245.0,4252.94873,4247.179688,4248.205078,4250.256348,4261.153809,4252.692383,4256.922852,4240.769043,4243.717773,4249.871582,4232.307617,2
1668946355.857437,221.0,4254.358887,4246.538574,4246.410156,4257.05127,4248.846191,4245.641113,4247.692383,4254.487305,4248.974121,4253.333496,4235.769043,4243.589844,4252.307617,4232.179688,2
1668946355.861338,222.0,4257.05127,4244.743652,4246.538574,4260.897461,4251.025879,4245.0,4244.743652,4246.794922,4244.615234,4248.077148,4230.897461,4241.153809,4252.563965,4231.025879,2
1668946355.86524,223.0,4259.230957,4244.230957,4245.897461,4263.717773,4253.717773,4246.794922,4243.461426,4242.05127,4243.333496,4245.641113,4231.282227,4239.230957,4251.666504,4229.230957,2
1668946355.869141,224.0,4260.384766,4246.025879,4245.512695,4264.743652,4256.922852,4249.743652,4244.615234,4241.922852,4246.666504,4248.717773,4238.205078,4240.0,4251.538574,4228.846191,2
1668946355.873042,225.0,4260.769043,4248.717773,4246.410156,4264.487305,4260.256348,4251.794922,4247.307617,4244.743652,4252.94873,4254.871582,4247.563965,4243.333496,4252.436035,4231.666504,2
1668946355.876944,226.0,4260.641113,4250.256348,4248.717773,4263.846191,4263.333496,4252.563965,4249.871582,4247.820313,4257.307617,4259.102539,4252.820313,4246.666504,4252.692383,4236.922852,2
1668946355.880845,227.0,4260.769043,4249.743652,4251.666504,4263.461426,4265.128418,4253.461426,4250.641113,4249.230957,4256.153809,4257.94873,4250.512695,4248.205078,4250.384766,4242.05127,2
1668946355.884746,228.0,4261.538574,4248.077148,4254.230957,4262.820313,4265.256348,4255.512695,4249.743652,4248.461426,4250.512695,4252.692383,4244.230957,4247.94873,4246.025879,4245.128418,2
1668946355.888648,229.0,4262.820313,4247.563965,4255.769043,4261.922852,4264.358887,4258.333496,4248.974121,4246.666504,4245.769043,4249.615234,4241.410156,4247.94873,4243.461426,4246.666504,2
1668946355.892549,230.0,4264.230957,4249.743652,4256.922852,4261.410156,4263.717773,4260.641113,4249.871582,4245.769043,4247.692383,4253.846191,4246.794922,4250.384766,4246.282227,4248.846191,2
1668946355.896451,231.0,4265.0,4254.871582,4259.102539,4261.922852,4264.487305,4262.05127,4252.94873,4246.666504,4257.563965,4264.871582,4257.436035,4256.282227,4255.256348,4253.077148,2
1668946355.900352,232.0,4265.256348,4261.025879,4262.436035,4263.589844,4266.410156,4262.94873,4257.307617,4248.974121,4270.384766,4276.410156,4265.769043,4263.589844,4266.282227,4258.333496,2
1668946355.904253,233.0,4265.128418,4265.384766,4265.641113,4265.512695,4267.820313,4263.461426,4261.025879,4251.025879,4277.436035,4280.256348,4266.153809,4268.974121,4273.461426,4262.179688,2
1668946355.908155,234.0,4264.871582,4266.153809,4265.769043,4266.538574,4267.307617,4262.820313,4262.563965,4252.05127,4273.461426,4273.333496,4259.230957,4269.743652,4273.077148,4262.05127,2
1668946355.912056,235.0,4264.487305,4263.589844,4262.05127,4265.641113,4265.256348,4260.641113,4261.794922,4252.307617,4261.410156,4259.871582,4251.025879,4265.256348,4266.538574,4257.563965,2
1668946355.915958,236.0,4263.846191,4259.743652,4255.897461,4263.205078,4263.077148,4256.794922,4259.487305,4252.436035,4249.102539,4247.820313,4246.153809,4257.820313,4258.846191,4250.384766,2
1668946355.919859,237.0,4262.94873,4256.410156,4251.025879,4260.512695,4261.922852,4252.563965,4256.666504,4251.666504,4243.205078,4242.692383,4244.358887,4251.025879,4254.743652,4243.461426,2
1668946355.92376,238.0,4262.179688,4254.102539,4249.102539,4259.230957,4261.922852,4248.846191,4253.589844,4249.743652,4243.846191,4243.846191,4241.794922,4247.436035,4254.871582,4238.846191,2
1668946355.927662,239.0,4261.410156,4251.922852,4249.102539,4259.743652,4262.179688,4246.794922,4250.897461,4247.307617,4246.794922,4247.179688,4236.282227,4246.410156,4256.025879,4236.025879,2
1668946355.931563,240.0,4260.384766,4249.102539,4248.205078,4260.641113,4261.410156,4246.153809,4249.102539,4246.153809,4248.333496,4249.615234,4229.358887,4245.641113,4254.487305,4232.94873,2
1668946355.935465,241.0,4259.230957,4245.384766,4244.615234,4259.615234,4259.615234,4246.282227,4248.717773,4247.563965,4248.717773,4251.153809,4225.384766,4243.589844,4249.871582,4228.974121,2
1668946355.939366,242.0,4257.94873,4241.538574,4239.743652,4256.666504,4257.436035,4246.410156,4249.743652,4251.666504,4250.512695,4253.333496,4227.820313,4241.666504,4245.256348,4225.897461,2
1668946355.943267,243.0,4257.436035,4239.743652,4236.666504,4253.846191,4256.153809,4246.922852,4251.538574,4257.179688,4255.128418,4257.307617,4235.897461,4241.922852,4244.743652,4226.666504,2
1668946355.947169,244.0,4257.820313,4241.794922,4237.820313,4253.846191,4256.025879,4248.589844,4253.077148,4262.307617,4261.666504,4262.692383,4245.384766,4245.897461,4250.0,4233.077148,2
1668946355.95107,245.0,4259.358887,4247.307617,4242.94873,4256.410156,4256.922852,4251.410156,4253.717773,4264.743652,4267.563965,4268.589844,4251.666504,4252.692383,4258.333496,4243.077148,2
1668946355.954971,246.0,4261.282227,4253.846191,4248.717773,4259.230957,4257.820313,4253.846191,4253.333496,4263.846191,4271.025879,4273.717773,4252.692383,4260.0,4265.0,4251.922852,2
1668946355.958873,247.0,4262.692383,4258.077148,4251.410156,4259.871582,4258.461426,4254.102539,4252.436035,4260.641113,4271.410156,4276.410156,4250.769043,4265.0,4266.282227,4255.641113,2
1668946355.962774,248.0,4262.94873,4258.077148,4249.871582,4257.436035,4258.974121,4251.410156,4251.025879,4257.05127,4268.589844,4274.743652,4248.846191,4266.410156,4262.179688,4253.205078,2
1668946355.966676,249.0,4262.307617,4254.487305,4246.666504,4253.717773,4259.615234,4247.05127,4249.230957,4253.974121,4262.94873,4267.692383,4248.205078,4263.974121,4255.512695,4248.077148,2
1668946355.970577,250.0,4261.410156,4250.641113,4245.256348,4251.153809,4260.641113,4243.717773,4247.05127,4250.769043,4254.871582,4256.666504,4247.94873,4259.871582,4249.871582,4244.743652,2
1668946355.974478,251.0,4261.025879,4249.743652,4247.436035,4251.282227,4262.179688,4243.717773,4245.256348,4246.922852,4246.538574,4246.282227,4247.692383,4257.179688,4248.077148,4246.025879,2
1668946355.97838,252.0,4261.153809,4252.94873,4251.282227,4253.205078,4264.230957,4246.538574,4244.743652,4242.94873,4240.512695,4240.769043,4248.205078,4257.436035,4250.0,4251.794922,2
1668946355.982281,253.0,4260.897461,4258.205078,4253.589844,4254.743652,4265.512695,4250.0,4246.282227,4241.282227,4239.230957,4241.922852,4249.615234,4259.871582,4253.717773,4258.846191,2
1668946355.986182,254.0,4259.871582,4262.307617,4252.436035,4254.487305,4264.871582,4252.05127,4248.717773,4243.205078,4242.563965,4247.179688,4250.384766,4262.179688,4256.410156,4262.820313,2
1668946355.990084,255.0,4258.333496,4263.077148,4248.717773,4252.436035,4261.666504,4251.666504,4250.384766,4247.820313,4247.436035,4251.794922,4248.333496,4263.461426,4256.666504,4261.153809,2
1668946355.993985,0.0,4257.307617,4261.025879,4245.512695,4249.743652,4257.179688,4249.487305,4250.128418,4251.025879,4249.871582,4252.436035,4242.94873,4263.846191,4254.871582,4255.384766,2
1668946355.997887,1.0,4257.436035,4258.589844,4244.487305,4248.077148,4253.333496,4246.794922,4247.436035,4249.487305,4247.94873,4248.974121,4236.794922,4263.589844,4252.692383,4249.615234,2
1668946356.001788,2.0,4258.461426,4257.563965,4245.384766,4247.820313,4251.538574,4244.743652,4243.974121,4243.461426,4242.179688,4244.102539,4233.333496,4262.563965,4251.410156,4246.794922,2
1668946356.005689,3.0,4260.384766,4258.589844,4246.666504,4248.846191,4252.05127,4243.846191,4241.538574,4236.538574,4236.153809,4240.512695,4233.974121,4260.384766,4251.410156,4247.563965,2
1668946356.009591,4.0,4262.307617,4260.128418,4247.436035,4250.384766,4254.615234,4244.230957,4241.282227,4232.94873,4232.436035,4238.717773,4237.05127,4257.307617,4252.563965,4250.0,2
1668946356.013492,5.0,4263.333496,4260.384766,4247.94873,4252.05127,4257.820313,4245.769043,4243.077148,4234.358887,4231.666504,4237.436035,4239.102539,4254.230957,4254.230957,4251.282227,2
1668946356.017393,6.0,4262.307617,4258.589844,4248.205078,4253.333496,4259.871582,4247.692383,4245.512695,4239.615234,4232.179688,4235.384766,4238.205078,4252.436035,4255.641113,4249.871582,2
1668946356.021295,7.0,4258.846191,4256.153809,4248.333496,4254.102539,4258.717773,4248.974121,4246.794922,4245.384766,4232.563965,4233.077148,4234.871582,4252.563965,4256.025879,4246.153809,2
1668946356.025196,8.0,4253.717773,4253.974121,4247.563965,4254.102539,4254.102539,4248.846191,4246.666504,4248.846191,4232.436035,4232.05127,4231.282227,4253.205078,4255.384766,4241.538574,2
1668946356.029098,9.0,4249.743652,4252.563965,4245.897461,4253.205078,4248.205078,4247.820313,4245.512695,4248.717773,4232.692383,4232.94873,4229.358887,4252.820313,4254.230957,4238.077148,2
1668946356.032999,10.0,4249.615234,4251.666504,4244.230957,4251.794922,4244.615234,4246.666504,4244.743652,4246.153809,4233.974121,4235.128418,4229.615234,4250.769043,4253.077148,4237.05127,2
1668946356.0369,11.0,4254.358887,4251.666504,4243.717773,4251.538574,4245.897461,4245.897461,4244.871582,4243.717773,4236.538574,4237.820313,4230.641113,4248.589844,4252.563965,4238.589844,2
1668946356.040802,12.0,4261.282227,4252.563965,4244.615234,4252.692383,4251.666504,4245.128418,4245.512695,4242.94873,4240.641113,4240.769043,4230.769043,4247.94873,4252.820313,4241.282227,2
1668946356.044703,13.0,4265.769043,4253.461426,4245.512695,4254.487305,4257.820313,4243.205078,4246.282227,4244.487305,4245.512695,4243.333496,4228.589844,4248.077148,4253.717773,4242.563965,2
1668946356.048605,14.0,4264.358887,4252.179688,4244.743652,4255.384766,4260.128418,4240.128418,4246.794922,4247.692383,4250.0,4245.128418,4225.256348,4246.794922,4254.487305,4239.743652,2
1668946356.052506,15.0,4258.077148,4247.563965,4241.410156,4254.615234,4257.307617,4236.794922,4247.436035,4250.897461,4252.307617,4246.153809,4222.563965,4242.820313,4254.102539,4232.563965,2
1668946356.056407,16.0,4250.897461,4240.512695,4236.666504,4252.692383,4251.538574,4235.512695,4247.94873,4251.794922,4251.666504,4246.538574,4222.179688,4237.05127,4251.922852,4224.358887,2
1668946356.060309,17.0,4246.410156,4234.358887,4232.820313,4250.384766,4246.282227,4237.436035,4247.94873,4249.615234,4249.230957,4246.538574,4223.717773,4232.05127,4248.461426,4220.128418,2
1668946356.06421,18.0,4245.0,4232.05127,4231.410156,4248.461426,4243.974121,4241.794922,4247.436035,4246.025879,4246.922852,4246.153809,4226.153809,4230.641113,4244.615234,4222.94873,2
1668946356.068112,19.0,4243.974121,4233.717773,4231.922852,4246.794922,4244.743652,4246.410156,4246.410156,4244.615234,4245.897461,4246.025879,4228.846191,4234.102539,4241.538574,4231.922852,2
1668946356.072013,20.0,4240.769043,4236.922852,4232.692383,4245.128418,4246.025879,4249.230957,4245.769043,4247.563965,4246.538574,4246.282227,4231.538574,4241.025879,4240.256348,4242.94873,2
1668946356.075914,21.0,4235.897461,4239.871582,4232.820313,4243.205078,4245.641113,4250.128418,4246.153809,4253.461426,4247.692383,4247.563965,4235.128418,4248.846191,4240.769043,4252.05127,2
1668946356.079816,22.0,4232.692383,4242.436035,4231.922852,4241.922852,4243.589844,4249.871582,4247.307617,4257.94873,4248.205078,4249.871582,4241.025879,4256.282227,4243.077148,4258.974121,2
1668946356.083717,23.0,4234.358887,4246.538574,4230.897461,4242.436035,4242.563965,4249.743652,4248.717773,4256.922852,4247.820313,4253.333496,4249.743652,4263.077148,4246.922852,4266.282227,2
1668946356.087618,24.0,4240.897461,4252.692383,4229.871582,4244.358887,4244.230957,4249.871582,4249.358887,4250.128418,4248.589844,4257.179688,4260.0,4270.128418,4252.05127,4276.282227,2
1668946356.09152,25.0,4248.461426,4259.615234,4228.461426,4246.666504,4247.563965,4250.128418,4248.846191,4241.794922,4252.179688,4260.769043,4268.589844,4277.179688,4257.820313,4287.94873,2
1668946356.095421,26.0,4252.563965,4265.384766,4225.897461,4248.333496,4249.230957,4250.128418,4247.820313,4237.307617,4258.589844,4263.461426,4273.077148,4283.077148,4262.820313,4297.436035,2
1668946356.099322,27.0,4251.666504,4268.333496,4222.307617,4248.461426,4246.538574,4250.0,4247.563965,4239.230957,4264.871582,4265.0,4272.563965,4285.512695,4265.512695,4301.153809,2
1668946356.103224,28.0,4247.692383,4268.333496,4218.461426,4246.922852,4240.128418,4250.256348,4248.205078,4245.256348,4267.563965,4265.128418,4268.077148,4283.461426,4264.743652,4298.333496,2
1668946356.107125,29.0,4243.974121,4266.410156,4215.897461,4244.358887,4233.333496,4250.897461,4248.846191,4250.897461,4265.384766,4263.974121,4262.692383,4278.589844,4261.153809,4291.410156,2
1668946356.111027,30.0,4242.436035,4264.615234,4215.512695,4241.922852,4229.487305,4251.153809,4248.589844,4252.692383,4259.871582,4262.05127,4259.487305,4273.717773,4256.922852,4284.230957,2
1668946356.114928,31.0,4242.94873,4263.589844,4216.666504,4240.897461,4229.487305,4250.512695,4247.05127,4250.897461,4254.871582,4260.897461,4260.128418,4270.769043,4254.230957,4279.615234,2
1668946356.118829,32.0,4243.717773,4263.077148,4218.077148,4241.922852,4231.922852,4249.487305,4245.256348,4247.820313,4253.461426,4261.666504,4262.94873,4269.487305,4254.230957,4278.205078,2
1668946356.122731,33.0,4243.974121,4262.307617,4218.846191,4244.102539,4234.615234,4248.974121,4244.743652,4246.153809,4255.897461,4263.461426,4264.615234,4268.974121,4256.538574,4278.461426,2
1668946356.126632,34.0,4244.487305,4261.794922,4218.717773,4246.410156,4236.282227,4249.102539,4245.897461,4246.282227,4258.717773,4263.589844,4262.307617,4269.102539,4259.487305,4278.974121,2
1668946356.130534,35.0,4246.153809,4262.94873,4217.94873,4248.077148,4236.794922,4248.974121,4247.436035,4247.179688,4257.94873,4260.384766,4256.025879,4269.487305,4261.666504,4278.974121,2
1668946356.134435,36.0,4248.589844,4266.410156,4217.179688,4248.717773,4236.025879,4247.94873,4248.077148,4247.179688,4252.563965,4253.974121,4248.717773,4269.102539,4262.436035,4278.461426,2
1668946356.138336,37.0,4250.256348,4271.282227,4217.307617,4248.589844,4234.358887,4246.153809,4247.05127,4246.282227,4245.641113,4247.820313,4245.0,4267.563965,4261.922852,4278.333496,2
1668946356.142238,38.0,4249.743652,4275.256348,4218.589844,4248.461426,4232.563965,4244.743652,4245.256348,4245.641113,4242.179688,4246.025879,4247.436035,4266.153809,4260.897461,4278.589844,2
1668946356.146139,39.0,4247.05127,4276.282227,4220.0,4248.717773,4231.794922,4244.487305,4244.230957,4246.794922,4245.0,4250.128418,4255.128418,4267.05127,4260.256348,4279.487305,2
1668946356.150041,40.0,4243.077148,4273.589844,4219.615234,4248.589844,4232.05127,4245.384766,4245.0,4250.128418,4252.692383,4257.820313,4263.205078,4270.512695,4260.0,4280.0,2
1668946356.153942,41.0,4238.717773,4268.589844,4216.794922,4246.922852,4232.436035,4246.153809,4247.05127,4254.871582,4261.153809,4263.846191,4267.05127,4273.974121,4259.743652,4279.615234,2
1668946356.157843,42.0,4234.487305,4263.333496,4211.794922,4243.077148,4230.897461,4245.256348,4248.974121,4259.615234,4265.897461,4265.0,4265.256348,4274.615234,4258.717773,4278.205078,2
1668946356.161745,43.0,4230.769043,4260.384766,4207.05127,4238.333496,4226.922852,4242.692383,4249.487305,4262.179688,4265.641113,4261.410156,4260.384766,4271.153809,4257.179688,4276.666504,2
1668946356.165646,44.0,4228.846191,4261.153809,4205.0,4234.743652,4221.794922,4240.128418,4248.333496,4260.897461,4262.307617,4256.922852,4256.794922,4266.410156,4255.641113,4276.282227,2
1668946356.169547,45.0,4230.128418,4266.025879,4206.666504,4234.230957,4218.077148,4240.128418,4246.538574,4255.641113,4259.615234,4255.641113,4257.820313,4265.128418,4255.384766,4278.077148,2
1668946356.173449,46.0,4235.0,4273.846191,4211.025879,4237.05127,4217.820313,4243.333496,4245.256348,4248.846191,4260.384766,4258.846191,4263.333496,4269.487305,4257.307617,4281.153809,2
1668946356.17735,47.0,4241.538574,4281.282227,4215.384766,4241.410156,4221.538574,4247.179688,4244.871582,4244.358887,4264.871582,4265.128418,4270.256348,4277.307617,4261.410156,4284.230957,2
1668946356.181252,48.0,4246.922852,4284.487305,4217.436035,4245.256348,4226.922852,4247.820313,4244.871582,4244.487305,4271.410156,4271.922852,4274.358887,4283.589844,4266.153809,4285.641113,2
1668946356.185153,49.0,4248.589844,4281.538574,4216.666504,4247.179688,4230.256348,4243.846191,4245.0,4248.461426,4277.436035,4276.538574,4274.487305,4284.102539,4269.358887,4284.487305,2
1668946356.189054,50.0,4245.512695,4274.230957,4214.230957,4246.794922,4229.358887,4237.179688,4245.0,4253.333496,4281.025879,4278.589844,4271.794922,4278.589844,4268.974121,4281.666504,2
1668946356.192956,51.0,4238.974121,4266.282227,4211.666504,4245.0,4225.384766,4231.794922,4245.128418,4255.512695,4281.794922,4278.974121,4268.974121,4270.897461,4265.384766,4278.589844,2
1668946356.196857,52.0,4232.820313,4260.897461,4209.871582,4243.205078,4221.666504,4230.897461,4245.0,4254.230957,4279.871582,4278.077148,4266.922852,4265.897461,4260.897461,4276.153809,2
1668946356.200759,53.0,4230.512695,4259.743652,4209.230957,4242.563965,4221.282227,4234.230957,4244.487305,4250.897461,4276.282227,4275.512695,4265.641113,4266.153809,4258.589844,4274.871582,2
1668946356.20466,54.0,4233.717773,4261.794922,4210.0,4243.974121,4224.230957,4238.846191,4243.589844,4248.205078,4271.922852,4271.794922,4265.0,4269.871582,4259.743652,4274.743652,2
1668946356.208561,55.0,4240.641113,4265.128418,4211.922852,4246.538574,4228.333496,4241.025879,4242.563965,4247.05127,4267.820313,4268.589844,4265.128418,4272.563965,4262.94873,4275.641113,2
1668946356.212463,56.0,4247.307617,4267.05127,4213.846191,4248.205078,4229.871582,4239.230957,4241.666504,4247.307617,4265.512695,4267.179688,4265.897461,4271.282227,4265.256348,4277.563965,2
1668946356.216364,57.0,4249.487305,4266.153809,4213.974121,4246.922852,4227.179688,4235.128418,4240.384766,4248.077148,4264.743652,4266.794922,4266.410156,4267.05127,4264.230957,4278.846191,2
1668946356.220265,58.0,4245.384766,4262.563965,4211.282227,4242.563965,4221.025879,4231.666504,4238.077148,4248.974121,4263.717773,4264.743652,4264.358887,4262.563965,4259.230957,4277.307617,2
1668946356.224167,59.0,4237.436035,4257.692383,4206.922852,4237.307617,4214.487305,4230.641113,4234.615234,4249.615234,4260.641113,4259.871582,4259.230957,4260.128418,4252.692383,4272.179688,2
1668946356.228068,60.0,4230.256348,4253.717773,4203.974121,4234.230957,4211.282227,4231.794922,4231.794922,4250.128418,4255.256348,4253.717773,4252.563965,4259.615234,4247.94873,4265.897461,2
1668946356.231969,61.0,4228.589844,4252.94873,4204.743652,4235.0,4212.94873,4233.077148,4231.410156,4250.384766,4250.0,4249.743652,4247.692383,4260.384766,4247.94873,4262.179688,2
1668946356.235871,62.0,4233.589844,4256.025879,4209.102539,4238.846191,4218.589844,4232.692383,4234.615234,4250.512695,4246.794922,4249.615234,4247.179688,4262.05127,4252.563965,4263.589844,2
1668946356.239772,63.0,4241.922852,4260.897461,4214.102539,4242.563965,4224.871582,4231.153809,4239.615234,4250.0,4246.282227,4252.436035,4250.512695,4264.230957,4258.333496,4269.102539,2
1668946356.243674,64.0,4247.820313,4264.615234,4216.538574,4243.205078,4228.461426,4230.384766,4242.94873,4248.333496,4247.05127,4255.256348,4254.743652,4266.410156,4260.897461,4275.0,2
1668946356.247575,65.0,4247.05127,4265.128418,4215.512695,4240.384766,4227.94873,4232.436035,4241.922852,4245.512695,4248.077148,4255.512695,4257.307617,4267.563965,4258.461426,4277.563965,2
1668946356.251476,66.0,4240.256348,4262.820313,4212.563965,4236.538574,4225.128418,4237.179688,4237.692383,4242.563965,4248.974121,4253.461426,4256.922852,4267.179688,4252.820313,4276.025879,2
1668946356.255378,67.0,4232.563965,4260.0,4210.769043,4235.0,4223.333496,4242.179688,4233.461426,4241.025879,4249.487305,4250.641113,4254.230957,4265.128418,4248.333496,4272.94873,2
1668946356.259279,68.0,4229.743652,4258.974121,4211.666504,4237.563965,4224.743652,4245.128418,4233.077148,4241.666504,4249.615234,4249.230957,4251.410156,4262.820313,4248.077148,4271.410156,2
1668946356.263181,69.0,4233.461426,4260.641113,4214.743652,4243.077148,4229.102539,4245.641113,4237.307617,4244.230957,4250.128418,4250.512695,4250.641113,4262.179688,4252.05127,4272.563965,2
1668946356.267082,70.0,4240.128418,4263.589844,4217.94873,4248.461426,4233.589844,4245.128418,4243.589844,4247.05127,4251.794922,4254.487305,4253.077148,4263.846191,4257.692383,4274.487305,2
1668946356.270983,71.0,4245.0,4265.384766,4219.358887,4251.025879,4235.897461,4245.384766,4248.077148,4248.589844,4254.871582,4260.128418,4257.820313,4266.538574,4261.410156,4275.512695,2
1668946356.274885,72.0,4246.153809,4264.615234,4219.358887,4249.615234,4235.384766,4246.410156,4248.205078,4248.077148,4258.077148,4264.743652,4262.563965,4267.692383,4260.641113,4275.512695,2
1668946356.278786,73.0,4244.615234,4262.307617,4219.615234,4245.384766,4233.333496,4247.05127,4244.230957,4245.897461,4259.230957,4266.153809,4265.769043,4266.153809,4256.538574,4275.769043,2
1668946356.282688,74.0,4242.692383,4261.025879,4220.641113,4240.641113,4231.666504,4245.384766,4239.487305,4243.974121,4257.820313,4263.717773,4266.666504,4263.077148,4252.179688,4277.179688,2
1668946356.286589,75.0,4241.922852,4261.922852,4221.025879,4237.692383,4231.538574,4241.538574,4237.179688,4243.846191,4255.384766,4259.871582,4266.025879,4261.025879,4250.897461,4278.717773,2
1668946356.29049,76.0,4241.538574,4263.846191,4218.717773,4237.436035,4232.436035,4237.692383,4238.589844,4246.282227,4254.615234,4257.436035,4264.871582,4261.538574,4253.461426,4278.461426,2
1668946356.294392,77.0,4240.128418,4264.230957,4214.102539,4239.102539,4232.820313,4236.538574,4242.05127,4249.743652,4256.410156,4257.820313,4263.846191,4263.461426,4257.692383,4275.512695,2
1668946356.298293,78.0,4236.666504,4261.025879,4210.0,4241.153809,4232.179688,4239.487305,4243.846191,4251.922852,4259.358887,4259.871582,4262.820313,4263.846191,4259.743652,4270.641113,2
1668946356.302194,79.0,4232.307617,4255.128418,4209.743652,4242.436035,4231.153809,4244.487305,4242.307617,4251.153809,4260.897461,4261.153809,4260.897461,4260.384766,4257.692383,4266.025879,2
1668946356.306096,80.0,4229.871582,4249.358887,4214.358887,4242.563965,4231.410156,4248.205078,4238.461426,4248.333496,4259.358887,4259.358887,4257.179688,4253.846191,4252.563965,4263.589844,2
1668946356.309997,81.0,4231.410156,4246.922852,4222.179688,4242.05127,4233.846191,4249.358887,4235.256348,4245.769043,4255.128418,4254.358887,4251.282227,4247.563965,4247.179688,4263.461426,2
1668946356.313898,82.0,4236.794922,4248.461426,4230.128418,4241.794922,4237.94873,4248.846191,4235.128418,4244.743652,4250.384766,4248.717773,4244.358887,4244.871582,4244.230957,4263.589844,2
1668946356.3178,83.0,4242.94873,4251.282227,4235.512695,4242.179688,4242.436035,4247.94873,4238.205078,4245.0,4247.692383,4245.512695,4238.589844,4246.025879,4243.717773,4261.410156,2
1668946356.321701,84.0,4245.897461,4251.410156,4237.820313,4242.307617,4245.512695,4246.922852,4242.94873,4245.641113,4248.461426,4246.794922,4237.307617,4247.94873,4244.102539,4255.641113,2
1668946356.325603,85.0,4244.230957,4247.307617,4238.333496,4241.538574,4246.025879,4244.743652,4247.307617,4247.05127,4252.05127,4251.410156,4241.153809,4246.794922,4243.461426,4247.05127,2
1668946356.329504,86.0,4238.846191,4240.512695,4238.589844,4239.487305,4243.846191,4241.153809,4249.487305,4249.487305,4255.769043,4255.641113,4247.307617,4241.666504,4241.025879,4238.205078,2
1668946356.333405,87.0,4233.077148,4234.230957,4239.102539,4237.307617,4239.743652,4237.563965,4248.846191,4252.179688,4255.897461,4255.641113,4251.025879,4234.487305,4237.179688,4231.410156,2
1668946356.337307,88.0,4229.358887,4229.743652,4238.974121,4235.641113,4235.641113,4235.769043,4245.769043,4252.436035,4251.153809,4250.128418,4249.871582,4228.974121,4233.333496,4227.692383,2
1668946356.341208,89.0,4228.333496,4226.666504,4237.436035,4234.871582,4233.205078,4236.794922,4241.538574,4248.205078,4243.846191,4241.410156,4244.743652,4226.922852,4230.512695,4226.410156,2
1668946356.34511,90.0,4228.846191,4223.974121,4234.871582,4234.358887,4233.846191,4239.615234,4237.94873,4240.384766,4237.436035,4234.230957,4238.589844,4228.077148,4229.230957,4226.666504,2
1668946356.349011,91.0,4229.615234,4221.410156,4232.436035,4233.461426,4237.692383,4242.820313,4236.153809,4233.205078,4234.487305,4232.05127,4233.717773,4230.641113,4229.487305,4227.692383,2
1668946356.352912,92.0,4229.615234,4219.487305,4231.282227,4232.179688,4242.94873,4245.0,4236.666504,4231.025879,4234.871582,4235.0,4230.384766,4232.820313,4230.897461,4229.102539,2
1668946356.356814,93.0,4229.102539,4219.230957,4232.05127,4231.666504,4246.538574,4245.641113,4239.358887,4234.871582,4237.05127,4239.615234,4228.333496,4233.589844,4233.205078,4230.128418,2
1668946356.360715,94.0,4229.102539,4220.512695,4233.974121,4232.179688,4246.282227,4244.743652,4243.205078,4241.410156,4238.974121,4242.563965,4227.94873,4233.205078,4234.743652,4230.641113,2
1668946356.364617,95.0,4230.256348,4222.563965,4235.512695,4232.94873,4242.563965,4242.307617,4246.410156,4245.897461,4239.615234,4242.179688,4230.0,4232.436035,4234.230957,4231.282227,2
1668946356.368518,96.0,4232.05127,4224.230957,4236.025879,4232.820313,4237.820313,4238.974121,4247.05127,4245.256348,4238.589844,4239.487305,4235.256348,4232.05127,4231.282227,4232.436035,2
1668946356.372419,97.0,4233.333496,4225.256348,4235.641113,4231.410156,4234.871582,4236.410156,4244.871582,4240.128418,4236.538574,4236.538574,4241.794922,4232.436035,4227.820313,4233.974121,2
1668946356.376321,98.0,4232.94873,4225.641113,4235.0,4229.743652,4235.0,4235.897461,4241.410156,4233.717773,4233.974121,4234.871582,4246.025879,4233.589844,4225.897461,4234.615234,2
1668946356.380222,99.0,4231.922852,4226.153809,4234.615234,4229.230957,4237.563965,4237.436035,4239.358887,4230.384766,4231.666504,4234.615234,4244.743652,4235.769043,4226.922852,4233.461426,2
1668946356.384123,100.0,4232.307617,4227.179688,4235.128418,4231.153809,4240.897461,4240.512695,4240.0,4231.666504,4230.256348,4234.871582,4238.846191,4238.717773,4230.897461,4231.538574,2
1668946356.388025,101.0,4235.769043,4228.717773,4237.179688,4235.512695,4243.846191,4243.461426,4242.307617,4236.153809,4230.641113,4235.0,4232.820313,4242.05127,4236.282227,4231.666504,2
1668946356.391926,102.0,4241.538574,4230.512695,4240.641113,4241.282227,4246.025879,4245.128418,4244.358887,4240.384766,4233.974121,4234.871582,4230.769043,4244.871582,4241.025879,4235.641113,2
1668946356.395828,103.0,4246.922852,4231.922852,4244.230957,4246.538574,4247.820313,4244.871582,4244.871582,4242.05127,4239.102539,4235.512695,4232.820313,4246.666504,4243.717773,4242.307617,2
1668946356.399729,104.0,4249.358887,4232.563965,4245.897461,4249.102539,4248.846191,4242.94873,4243.974121,4240.897461,4243.333496,4236.794922,4234.871582,4247.307617,4244.487305,4247.436035,2
1668946356.40363,105.0,4247.94873,4232.820313,4244.743652,4247.94873,4248.717773,4240.128418,4242.307617,4238.333496,4244.102539,4237.94873,4232.820313,4247.179688,4244.102539,4248.077148,2
1668946356.407532,106.0,4244.358887,4232.94873,4241.282227,4244.871582,4247.563965,4237.307617,4240.769043,4235.897461,4240.641113,4237.179688,4226.794922,4247.05127,4243.846191,4244.102539,2
1668946356.411433,107.0,4241.410156,4233.205078,4237.179688,4242.307617,4245.897461,4234.615234,4239.871582,4233.974121,4235.641113,4234.358887,4221.922852,4247.307617,4243.974121,4238.846191,2
1668946356.415335,108.0,4240.641113,4233.974121,4234.358887,4242.179688,4244.615234,4232.307617,4239.871582,4233.974121,4233.333496,4231.410156,4223.077148,4247.820313,4244.230957,4235.769043,2
1668946356.419236,109.0,4242.563965,4235.641113,4233.589844,4244.230957,4244.102539,4230.769043,4240.641113,4236.922852,4235.384766,4230.512695,4229.615234,4247.94873,4244.230957,4236.538574,2
1668946356.423137,110.0,4245.256348,4237.307617,4234.358887,4246.794922,4244.487305,4230.384766,4242.179688,4242.94873,4239.743652,4232.179688,4235.512695,4247.563965,4243.846191,4239.615234,2
1668946356.427039,111.0,4247.05127,4237.692383,4235.256348,4248.205078,4245.256348,4231.153809,4243.846191,4249.615234,4241.538574,4234.102539,4234.487305,4246.410156,4243.077148,4241.410156,2
1668946356.43094,112.0,4246.922852,4235.769043,4235.128418,4247.820313,4245.641113,4233.333496,4245.256348,4253.589844,4238.205078,4233.205078,4225.897461,4244.743652,4242.179688,4239.230957,2
1668946356.434841,113.0,4245.769043,4231.666504,4234.487305,4246.538574,4245.128418,4236.282227,4246.025879,4252.179688,4232.563965,4229.615234,4215.384766,4243.333496,4241.025879,4233.589844,2
1668946356.438743,114.0,4244.615234,4227.563965,4234.358887,4245.256348,4243.717773,4239.102539,4246.538574,4246.282227,4230.384766,4226.666504,4210.897461,4242.94873,4240.512695,4227.820313,2
1668946356.442644,115.0,4243.461426,4226.025879,4234.615234,4244.487305,4242.179688,4241.153809,4246.922852,4239.102539,4235.256348,4228.333496,4215.769043,4243.846191,4241.666504,4225.512695,2
1668946356.446545,116.0,4242.307617,4228.077148,4234.487305,4243.974121,4241.153809,4241.794922,4247.05127,4234.102539,4245.0,4235.128418,4227.05127,4245.769043,4244.871582,4228.205078,2
1668946356.450447,117.0,4241.410156,4232.563965,4233.846191,4243.974121,4241.282227,4241.282227,4246.794922,4232.692383,4253.333496,4243.846191,4237.05127,4247.436035,4248.589844,4233.974121,2
1668946356.454348,118.0,4241.538574,4237.436035,4233.077148,4244.358887,4242.436035,4240.256348,4246.410156,4234.358887,4255.384766,4249.871582,4240.256348,4248.333496,4250.641113,4239.615234,2
1668946356.45825,119.0,4243.333496,4240.384766,4233.589844,4245.384766,4244.871582,4240.384766,4246.410156,4237.692383,4250.769043,4250.769043,4236.922852,4248.974121,4250.256348,4242.820313,2
1668946356.462151,120.0,4245.897461,4240.128418,4235.512695,4246.794922,4247.94873,4242.94873,4247.179688,4241.153809,4243.846191,4247.692383,4232.563965,4249.743652,4248.205078,4243.333496,2
1668946356.466052,121.0,4247.307617,4237.436035,4238.077148,4248.205078,4250.641113,4247.307617,4248.589844,4244.230957,4239.615234,4243.974121,4232.94873,4250.384766,4245.897461,4242.563965,2
1668946356.469954,122.0,4245.641113,4234.487305,4239.615234,4248.974121,4251.666504,4251.025879,4249.871582,4246.410156,4240.384766,4242.179688,4238.333496,4250.512695,4244.615234,4242.05127,2
1668946356.473855,123.0,4240.641113,4233.461426,4238.589844,4248.717773,4250.256348,4251.666504,4250.0,4247.179688,4244.615234,4242.94873,4244.358887,4250.0,4245.128418,4242.179688,2
1668946356.477757,124.0,4234.743652,4235.384766,4235.384766,4247.692383,4247.307617,4248.205078,4248.717773,4246.410156,4249.102539,4245.0,4246.794922,4249.358887,4247.307617,4242.692383,2
1668946356.481658,125.0,4231.025879,4238.974121,4232.05127,4246.410156,4244.743652,4242.436035,4246.794922,4243.717773,4250.769043,4246.794922,4244.102539,4248.974121,4250.0,4242.692383,2
1668946356.485559,126.0,4231.282227,4241.153809,4230.384766,4244.615234,4243.461426,4237.05127,4245.256348,4239.615234,4249.102539,4247.436035,4238.461426,4248.333496,4251.666504,4241.282227,2
1668946356.489461,127.0,4233.589844,4239.871582,4230.769043,4242.692383,4243.205078,4234.743652,4244.871582,4235.641113,4244.487305,4246.025879,4233.461426,4247.436035,4251.025879,4238.333496,2
1668946356.493362,128.0,4235.384766,4235.512695,4231.922852,4240.641113,4243.077148,4235.256348,4245.128418,4234.102539,4239.102539,4242.436035,4231.410156,4245.897461,4248.589844,4234.743652,2
1668946356.497264,129.0,4235.128418,4230.256348,4232.692383,4239.487305,4243.077148,4236.410156,4245.128418,4235.897461,4235.256348,4237.820313,4231.538574,4244.230957,4245.769043,4231.666504,2
1668946356.501165,130.0,4233.589844,4226.666504,4232.307617,4239.871582,4243.461426,4235.641113,4245.0,4240.256348,4235.128418,4234.230957,4231.922852,4243.205078,4243.974121,4229.743652,2
1668946356.505066,131.0,4232.563965,4226.282227,4231.153809,4241.538574,4244.615234,4232.94873,4245.128418,4244.743652,4239.230957,4233.205078,4230.769043,4243.077148,4243.205078,4228.846191,2
1668946356.508968,132.0,4233.589844,4228.974121,4230.384766,4243.333496,4246.153809,4230.641113,4245.897461,4247.94873,4246.538574,4235.128418,4229.358887,4243.846191,4243.205078,4229.487305,2
1668946356.512869,133.0,4237.179688,4233.205078,4231.025879,4244.871582,4247.307617,4231.025879,4247.436035,4249.743652,4253.717773,4239.871582,4230.128418,4244.743652,4244.358887,4232.307617,2
1668946356.51677,134.0,4242.563965,4237.179688,4232.820313,4245.769043,4247.820313,4234.358887,4248.974121,4250.512695,4257.692383,4245.641113,4234.230957,4245.512695,4247.179688,4237.179688,2
1668946356.520672,135.0,4247.307617,4239.871582,4234.358887,4246.410156,4247.563965,4239.230957,4249.230957,4250.128418,4256.666504,4250.0,4239.615234,4246.025879,4251.025879,4242.307617,2
1668946356.524573,136.0,4249.487305,4240.384766,4234.230957,4247.05127,4246.666504,4243.333496,4248.205078,4248.461426,4252.436035,4251.025879,4243.077148,4246.282227,4253.589844,4244.871582,2
1668946356.528474,137.0,4248.077148,4238.846191,4233.461426,4247.563965,4245.769043,4244.358887,4246.922852,4246.666504,4248.974121,4249.487305,4242.563965,4246.282227,4253.333496,4243.974121,2
1668946356.532376,138.0,4243.589844,4235.897461,4233.846191,4247.436035,4245.128418,4242.307617,4246.922852,4246.410156,4250.384766,4247.820313,4239.102539,4245.897461,4250.384766,4240.384766,2
1668946356.536277,139.0,4237.436035,4232.307617,4235.897461,4246.153809,4245.256348,4239.487305,4248.717773,4247.692383,4256.153809,4248.974121,4236.666504,4244.871582,4246.666504,4236.538574,2
1668946356.540179,140.0,4232.05127,4229.615234,4238.205078,4244.102539,4246.153809,4238.717773,4251.025879,4249.102539,4262.820313,4252.94873,4238.077148,4243.589844,4243.846191,4234.615234,2
1668946356.54408,141.0,4229.615234,4228.717773,4239.230957,4242.307617,4247.05127,4241.025879,4252.307617,4248.205078,4265.769043,4257.563965,4243.461426,4242.820313,4242.820313,4235.256348,2
1668946356.547981,142.0,4231.922852,4229.615234,4238.846191,4241.794922,4247.820313,4244.615234,4252.179688,4244.102539,4262.94873,4259.871582,4250.0,4243.077148,4243.589844,4237.820313,2
1668946356.551883,143.0,4237.820313,4231.410156,4238.333496,4242.563965,4248.589844,4246.794922,4250.641113,4238.077148,4256.153809,4258.333496,4253.589844,4244.743652,4245.384766,4240.512695,2
1668946356.555784,144.0,4244.230957,4232.563965,4238.846191,4244.102539,4249.743652,4246.538574,4248.974121,4233.589844,4248.589844,4253.717773,4252.436035,4246.666504,4245.641113,4241.666504,2
1668946356.559686,145.0,4247.563965,4231.538574,4240.256348,4245.384766,4251.153809,4244.871582,4248.205078,4233.717773,4243.846191,4248.717773,4247.820313,4247.820313,4243.333496,4240.897461,2
1668946356.563587,146.0,4245.641113,4228.205078,4240.897461,4245.641113,4251.538574,4243.846191,4249.102539,4239.615234,4243.333496,4245.897461,4242.820313,4247.436035,4239.358887,4238.846191,2
1668946356.567488,147.0,4239.743652,4223.205078,4239.743652,4245.512695,4250.769043,4244.358887,4251.282227,4248.205078,4247.05127,4246.538574,4240.512695,4246.153809,4236.282227,4236.025879,2
1668946356.57139,148.0,4233.333496,4218.205078,4236.794922,4245.769043,4249.358887,4245.384766,4253.846191,4255.512695,4252.94873,4250.0,4241.794922,4244.743652,4236.922852,4233.461426,2
1668946356.575291,149.0,4229.487305,4214.743652,4233.717773,4246.282227,4247.94873,4245.897461,4255.384766,4257.94873,4258.717773,4254.871582,4245.0,4243.846191,4241.282227,4231.410156,2
1668946356.579193,150.0,4228.846191,4213.461426,4232.436035,4246.538574,4246.922852,4245.641113,4255.128418,4255.384766,4261.410156,4258.333496,4247.307617,4243.717773,4247.05127,4230.512695,2
1668946356.583094,151.0,4230.256348,4214.102539,4233.589844,4246.282227,4246.282227,4245.769043,4253.461426,4250.256348,4260.128418,4258.077148,4247.820313,4244.230957,4250.897461,4230.769043,2
1668946356.586995,152.0,4231.794922,4215.769043,4236.282227,4245.384766,4246.282227,4246.794922,4251.153809,4245.769043,4255.512695,4254.102539,4247.94873,4245.128418,4251.410156,4232.179688,2
1668946356.590897,153.0,4232.307617,4217.179688,4238.333496,4244.487305,4246.794922,4247.436035,4249.230957,4243.589844,4250.512695,4249.358887,4248.589844,4246.282227,4249.358887,4233.846191,2
1668946356.594798,154.0,4231.538574,4217.692383,4237.94873,4243.846191,4246.666504,4245.769043,4247.94873,4244.102539,4247.820313,4245.897461,4248.717773,4247.307617,4246.282227,4235.256348,2
1668946356.598699,155.0,4229.871582,4216.538574,4234.871582,4244.102539,4244.743652,4241.538574,4247.436035,4246.538574,4248.461426,4244.615234,4245.897461,4247.692383,4242.94873,4235.128418,2
1668946356.602601,156.0,4228.205078,4213.974121,4230.256348,4245.0,4241.538574,4236.794922,4247.563965,4249.487305,4251.153809,4244.743652,4239.230957,4246.666504,4240.384766,4232.94873,2
1668946356.606502,157.0,4226.922852,4211.282227,4226.282227,4246.153809,4238.846191,4234.358887,4248.077148,4252.05127,4253.461426,4245.897461,4231.538574,4244.615234,4239.358887,4229.615234,2
1668946356.610404,158.0,4226.282227,4210.512695,4224.743652,4247.05127,4238.717773,4236.282227,4248.717773,4252.820313,4253.974121,4248.077148,4228.461426,4242.94873,4240.897461,4227.179688,2
1668946356.614305,159.0,4226.153809,4214.358887,4226.794922,4247.563965,4241.538574,4241.666504,4249.230957,4251.410156,4254.230957,4251.282227,4234.743652,4244.358887,4244.871582,4228.974121,2
1668946356.618206,160.0,4227.436035,4222.820313,4231.794922,4248.077148,4245.512695,4247.307617,4249.743652,4248.589844,4256.538574,4255.641113,4249.487305,4249.743652,4250.512695,4236.538574,2
1668946356.622108,161.0,4231.025879,4233.461426,4237.94873,4248.205078,4248.333496,4250.384766,4250.0,4246.025879,4261.538574,4260.641113,4265.897461,4257.307617,4255.769043,4248.205078,2
1668946356.626009,162.0,4236.282227,4242.563965,4242.307617,4247.94873,4248.461426,4249.487305,4249.743652,4245.0,4266.538574,4264.615234,4275.384766,4263.461426,4258.974121,4259.230957,2
1668946356.629911,163.0,4241.666504,4247.563965,4242.820313,4247.307617,4246.666504,4245.128418,4248.846191,4245.769043,4268.077148,4265.769043,4273.461426,4265.384766,4259.615234,4265.512695,2
1668946356.633812,164.0,4245.384766,4249.230957,4240.128418,4246.794922,4244.743652,4239.230957,4247.820313,4247.692383,4265.641113,4264.358887,4263.077148,4264.358887,4258.974121,4266.538574,2
1668946356.637713,165.0,4247.05127,4250.512695,4236.410156,4246.922852,4244.102539,4234.358887,4247.820313,4250.128418,4262.436035,4262.436035,4251.538574,4263.589844,4259.743652,4265.512695,2
1668946356.641615,166.0,4247.692383,4253.974121,4234.871582,4247.820313,4245.512695,4231.666504,4249.358887,4252.179688,4261.922852,4262.307617,4245.512695,4266.282227,4263.333496,4265.769043,2
1668946356.645516,167.0,4248.333496,4259.102539,4236.282227,4249.102539,4247.692383,4231.794922,4251.025879,4252.563965,4264.615234,4264.102539,4246.282227,4272.94873,4268.589844,4267.820313,2
1668946356.649417,168.0,4249.358887,4264.230957,4239.230957,4250.0,4248.717773,4234.743652,4251.282227,4250.641113,4267.179688,4265.641113,4250.769043,4280.0,4272.179688,4270.128418,2
1668946356.653319,169.0,4250.384766,4267.179688,4240.897461,4250.256348,4248.077148,4239.358887,4249.615234,4247.436035,4266.410156,4265.128418,4254.487305,4283.461426,4272.05127,4270.512695,2
1668946356.65722,170.0,4250.897461,4267.307617,4239.871582,4250.128418,4246.666504,4243.846191,4247.179688,4245.256348,4263.205078,4263.077148,4255.0,4281.153809,4269.102539,4268.846191,2
1668946356.661121,171.0,4251.153809,4265.256348,4237.05127,4250.384766,4246.153809,4246.153809,4245.641113,4245.897461,4261.538574,4261.794922,4253.717773,4275.128418,4266.025879,4265.897461,2
1668946356.665023,172.0,4251.282227,4262.05127,4234.230957,4250.512695,4247.05127,4245.512695,4245.897461,4248.589844,4263.974121,4262.94873,4253.077148,4269.487305,4264.615234,4262.94873,2
1668946356.668924,173.0,4251.025879,4258.205078,4233.077148,4250.0,4248.461426,4242.436035,4247.436035,4251.153809,4267.692383,4265.128418,4254.102539,4266.410156,4264.487305,4260.128418,2
1668946356.672826,174.0,4249.615234,4253.717773,4233.589844,4247.94873,4248.717773,4238.974121,4248.846191,4251.794922,4266.538574,4264.230957,4254.743652,4264.871582,4263.333496,4256.666504,2
1668946356.676727,175.0,4246.794922,4248.589844,4234.871582,4244.743652,4247.692383,4237.436035,4249.487305,4250.384766,4257.436035,4257.692383,4252.692383,4261.922852,4259.487305,4251.922852,2
1668946356.680628,176.0,4243.846191,4244.102539,4236.282227,4241.794922,4246.410156,4239.102539,4249.871582,4247.820313,4243.205078,4247.05127,4247.94873,4256.666504,4253.589844,4246.922852,2
1668946356.68453,177.0,4242.307617,4242.436035,4237.307617,4240.512695,4246.025879,4242.820313,4250.128418,4246.025879,4231.153809,4237.692383,4242.820313,4251.282227,4248.077148,4244.487305,2
1668946356.688431,178.0,4243.205078,4244.487305,4238.205078,4241.410156,4246.282227,4246.153809,4250.641113,4245.641113,4227.563965,4234.230957,4240.0,4248.846191,4245.641113,4246.025879,2
1668946356.692333,179.0,4245.512695,4248.461426,4238.205078,4243.589844,4246.538574,4247.436035,4251.025879,4246.794922,4233.461426,4238.205078,4241.538574,4251.025879,4246.410156,4250.769043,2
1668946356.696234,180.0,4247.436035,4251.538574,4236.922852,4245.256348,4245.897461,4246.410156,4250.769043,4248.077148,4243.589844,4246.666504,4247.307617,4256.282227,4249.230957,4255.384766,2
1668946356.700135,181.0,4247.436035,4251.922852,4234.358887,4245.512695,4244.615234,4244.230957,4249.487305,4248.846191,4251.410156,4254.743652,4254.230957,4261.538574,4252.05127,4257.436035,2
1668946356.704037,182.0,4245.769043,4250.769043,4231.794922,4244.487305,4243.717773,4242.436035,4247.94873,4248.717773,4253.589844,4258.077148,4258.077148,4264.230957,4253.461426,4256.410156,2
1668946356.707938,183.0,4244.102539,4249.871582,4230.769043,4243.717773,4244.487305,4242.05127,4247.05127,4248.717773,4251.410156,4256.025879,4255.256348,4263.974121,4253.205078,4253.717773,2
1668946356.71184,184.0,4243.589844,4250.128418,4231.538574,4243.846191,4246.410156,4243.461426,4247.05127,4248.846191,4248.205078,4250.641113,4246.666504,4261.666504,4252.05127,4250.641113,2
1668946356.715741,185.0,4244.487305,4250.641113,4232.94873,4244.230957,4248.205078,4245.256348,4247.307617,4248.589844,4245.897461,4244.743652,4236.666504,4258.333496,4250.0,4247.94873,2
1668946356.719642,186.0,4245.384766,4250.256348,4233.333496,4244.230957,4248.333496,4245.256348,4246.666504,4246.794922,4244.358887,4240.384766,4231.410156,4254.615234,4247.179688,4246.153809,2
1668946356.723544,187.0,4245.641113,4248.717773,4232.563965,4243.333496,4246.282227,4243.077148,4245.0,4244.102539,4243.461426,4238.461426,4233.717773,4251.153809,4244.615234,4245.256348,2
1668946356.727445,188.0,4245.128418,4246.922852,4231.410156,4242.436035,4242.94873,4239.871582,4243.589844,4242.692383,4244.487305,4239.487305,4241.410156,4248.717773,4243.717773,4245.512695,2
1668946356.731346,189.0,4244.358887,4246.282227,4230.897461,4242.563965,4240.512695,4237.436035,4243.846191,4245.128418,4248.846191,4243.846191,4248.846191,4247.563965,4245.769043,4246.538574,2
1668946356.735248,190.0,4243.717773,4247.05127,4231.025879,4243.974121,4240.128418,4236.666504,4246.025879,4251.538574,4256.410156,4251.153809,4251.794922,4247.307617,4250.512695,4247.05127,2
1668946356.739149,191.0,4242.820313,4248.205078,4231.153809,4246.153809,4241.794922,4237.179688,4248.717773,4258.846191,4264.487305,4259.102539,4250.0,4247.692383,4255.0,4246.153809,2
1668946356.74305,192.0,4241.282227,4248.589844,4230.641113,4247.94873,4244.102539,4237.94873,4250.256348,4262.307617,4270.128418,4264.743652,4246.538574,4248.589844,4257.05127,4244.487305,2
1668946356.746952,193.0,4239.743652,4247.692383,4229.743652,4248.333496,4245.769043,4238.205078,4249.871582,4259.871582,4271.666504,4266.282227,4244.743652,4249.871582,4256.025879,4244.358887,2
1668946356.750853,194.0,4238.974121,4246.410156,4229.615234,4247.563965,4245.897461,4238.461426,4248.333496,4253.846191,4270.384766,4264.487305,4245.128418,4252.179688,4254.230957,4247.179688,2
1668946356.754755,195.0,4239.743652,4245.769043,4230.769043,4246.666504,4244.615234,4240.0,4246.794922,4248.589844,4268.717773,4262.179688,4246.538574,4255.769043,4253.717773,4252.179688,2
1668946356.758656,196.0,4241.922852,4245.641113,4232.94873,4246.666504,4243.333496,4243.205078,4246.538574,4247.692383,4267.820313,4261.410156,4247.307617,4260.0,4255.0,4256.538574,2
1668946356.762557,197.0,4244.615234,4246.666504,4234.615234,4247.692383,4243.205078,4247.179688,4247.436035,4251.666504,4267.307617,4262.436035,4247.820313,4263.077148,4257.179688,4258.077148,2
1668946356.766459,198.0,4246.922852,4248.461426,4234.615234,4249.102539,4245.128418,4249.487305,4249.102539,4257.563965,4266.282227,4263.461426,4250.0,4263.974121,4259.102539,4256.410156,2
1668946356.77036,199.0,4248.077148,4250.769043,4233.205078,4250.128418,4248.205078,4249.102539,4250.512695,4261.410156,4264.358887,4262.820313,4255.512695,4263.205078,4259.871582,4254.358887,2
1668946356.774262,200.0,4248.461426,4252.820313,4232.563965,4250.512695,4250.512695,4246.410156,4251.025879,4259.871582,4261.794922,4259.358887,4263.333496,4262.307617,4259.615234,4254.871582,2
1668946356.778163,201.0,4248.333496,4253.846191,4234.358887,4250.256348,4250.897461,4243.589844,4250.256348,4253.461426,4258.846191,4253.333496,4268.461426,4262.563965,4258.717773,4258.589844,2
1668946356.782064,202.0,4247.820313,4253.717773,4237.820313,4249.487305,4249.230957,4242.563965,4248.846191,4245.769043,4255.641113,4246.153809,4266.025879,4263.717773,4257.307617,4262.94873,2
1668946356.785966,203.0,4247.179688,4253.077148,4240.384766,4248.589844,4246.666504,4243.846191,4247.692383,4240.897461,4252.05127,4240.897461,4255.256348,4264.230957,4255.512695,4264.743652,2
1668946356.789867,204.0,4246.538574,4253.077148,4240.512695,4247.820313,4245.128418,4246.282227,4247.563965,4240.0,4248.333496,4239.230957,4241.538574,4263.205078,4253.077148,4262.563965,2
1668946356.793769,205.0,4246.282227,4254.487305,4238.846191,4247.820313,4245.256348,4248.333496,4248.205078,4241.282227,4245.256348,4240.641113,4232.692383,4260.897461,4250.0,4257.820313,2
1668946356.79767,206.0,4246.794922,4256.666504,4237.94873,4248.846191,4247.05127,4249.358887,4249.102539,4242.05127,4243.717773,4243.077148,4233.077148,4258.974121,4247.94873,4253.589844,2
1668946356.801571,207.0,4248.077148,4258.461426,4239.487305,4250.641113,4249.358887,4249.358887,4249.487305,4241.538574,4244.615234,4244.230957,4240.0,4258.974121,4248.077148,4252.436035,2
1668946356.805473,208.0,4249.358887,4258.077148,4242.179688,4252.436035,4250.897461,4248.205078,4249.102539,4240.641113,4247.05127,4243.461426,4246.153809,4261.025879,4250.641113,4253.974121,2
1668946356.809374,209.0,4249.871582,4255.256348,4243.846191,4252.820313,4250.897461,4245.0,4247.94873,4240.897461,4248.846191,4241.025879,4245.897461,4263.205078,4253.589844,4255.641113,2
1668946356.813275,210.0,4249.230957,4251.282227,4242.820313,4251.410156,4249.615234,4240.128418,4246.538574,4242.563965,4247.692383,4237.692383,4239.487305,4263.461426,4254.615234,4255.641113,2
1668946356.817177,211.0,4247.94873,4249.487305,4239.615234,4249.358887,4248.077148,4236.025879,4245.384766,4244.487305,4243.717773,4235.0,4233.333496,4262.05127,4253.333496,4254.743652,2
1668946356.821078,212.0,4246.922852,4252.05127,4236.922852,4248.589844,4247.692383,4235.128418,4245.0,4245.512695,4239.871582,4234.871582,4233.461426,4260.641113,4251.666504,4255.641113,2
1668946356.82498,213.0,4246.410156,4258.205078,4236.282227,4249.871582,4248.461426,4238.205078,4245.641113,4245.512695,4239.871582,4238.589844,4240.897461,4260.512695,4252.05127,4259.487305,2
1668946356.828881,214.0,4246.153809,4263.974121,4237.692383,4252.436035,4249.615234,4243.589844,4247.179688,4245.512695,4245.256348,4245.256348,4251.025879,4262.563965,4255.128418,4264.102539,2
1668946356.832782,215.0,4245.641113,4264.871582,4238.974121,4253.974121,4250.256348,4248.589844,4248.846191,4246.538574,4253.846191,4251.538574,4257.563965,4265.384766,4259.102539,4264.743652,2
1668946356.836684,216.0,4245.128418,4259.743652,4238.205078,4252.94873,4249.871582,4250.641113,4250.128418,4248.461426,4260.641113,4253.589844,4256.922852,4267.436035,4261.410156,4259.358887,2
1668946356.840585,217.0,4245.128418,4251.666504,4235.384766,4249.487305,4248.974121,4249.102539,4250.128418,4250.512695,4261.922852,4249.743652,4250.641113,4267.05127,4260.256348,4250.769043,2
1668946356.844487,218.0,4245.641113,4245.384766,4232.692383,4246.025879,4247.820313,4245.769043,4249.230957,4251.282227,4257.05127,4242.563965,4243.333496,4264.230957,4256.153809,4244.102539,2
1668946356.848388,219.0,4246.025879,4244.230957,4231.922852,4244.487305,4246.794922,4243.589844,4247.94873,4250.0,4249.615234,4236.153809,4239.102539,4260.0,4251.153809,4243.461426,2
1668946356.852289,220.0,4245.512695,4247.94873,4232.94873,4244.743652,4246.025879,4243.589844,4247.436035,4247.94873,4244.230957,4233.717773,4238.333496,4255.897461,4247.692383,4248.461426,2
1668946356.856191,221.0,4244.615234,4254.230957,4233.974121,4245.641113,4245.641113,4244.871582,4248.205078,4247.05127,4244.102539,4235.512695,4238.205078,4253.717773,4247.436035,4255.769043,2
1668946356.860092,222.0,4244.230957,4260.256348,4233.846191,4245.512695,4245.384766,4245.384766,4249.615234,4248.333496,4248.077148,4240.384766,4236.666504,4254.871582,4250.128418,4261.538574,2
1668946356.863993,223.0,4244.615234,4264.230957,4233.461426,4244.102539,4244.743652,4243.974121,4250.897461,4250.512695,4252.563965,4245.769043,4235.0,4258.974121,4254.102539,4264.358887,2
1668946356.867895,224.0,4245.0,4265.384766,4233.846191,4242.05127,4242.94873,4241.282227,4251.153809,4251.538574,4253.974121,4249.358887,4236.025879,4263.461426,4256.666504,4265.128418,2
1668946356.871796,225.0,4244.230957,4263.205078,4234.871582,4239.743652,4240.128418,4238.589844,4250.256348,4250.641113,4252.307617,4249.615234,4240.512695,4265.641113,4256.025879,4264.230957,2
1668946356.875697,226.0,4241.538574,4257.692383,4234.871582,4237.179688,4237.05127,4236.922852,4249.230957,4248.974121,4249.871582,4247.05127,4246.153809,4263.846191,4252.692383,4260.897461,2
1668946356.879599,227.0,4237.05127,4249.615234,4232.94873,4234.615234,4234.615234,4236.282227,4248.589844,4248.333496,4248.717773,4243.333496,4249.230957,4258.333496,4247.820313,4254.615234,2
1668946356.8835,228.0,4232.436035,4240.769043,4229.615234,4232.94873,4233.333496,4236.410156,4248.846191,4248.974121,4248.589844,4239.487305,4247.94873,4250.769043,4243.077148,4245.384766,2
1668946356.887402,229.0,4229.615234,4233.974121,4227.563965,4233.461426,4233.461426,4237.436035,4249.358887,4249.871582,4247.563965,4235.897461,4244.102539,4244.230957,4239.615234,4236.410156,2
1668946356.891303,230.0,4229.871582,4231.794922,4228.205078,4236.922852,4234.615234,4240.256348,4250.0,4250.0,4244.871582,4233.589844,4241.025879,4241.410156,4238.717773,4231.794922,2
1668946356.895204,231.0,4232.692383,4234.871582,4231.282227,4242.179688,4235.897461,4244.230957,4250.384766,4249.230957,4242.307617,4234.230957,4240.641113,4242.692383,4241.153809,4233.846191,2
1668946356.899106,232.0,4236.282227,4241.153809,4234.102539,4246.410156,4236.153809,4247.692383,4250.897461,4248.077148,4242.307617,4238.846191,4242.436035,4246.282227,4245.897461,4240.897461,2
1668946356.903007,233.0,4237.820313,4246.794922,4234.871582,4246.794922,4235.256348,4248.717773,4251.410156,4247.307617,4245.641113,4245.384766,4244.743652,4249.102539,4250.384766,4247.692383,2
1668946356.906909,234.0,4236.153809,4248.846191,4232.820313,4243.077148,4233.846191,4246.153809,4251.410156,4247.436035,4249.871582,4250.512695,4247.05127,4250.256348,4252.563965,4249.743652,2
1668946356.91081,235.0,4231.794922,4247.179688,4229.102539,4237.307617,4232.692383,4240.641113,4250.384766,4248.077148,4252.179688,4251.153809,4249.615234,4250.0,4251.794922,4246.282227,2
1668946356.914711,236.0,4227.05127,4244.487305,4225.256348,4232.307617,4231.794922,4233.846191,4248.846191,4249.102539,4250.769043,4247.436035,4251.794922,4249.230957,4248.717773,4240.641113,2
1668946356.918613,237.0,4223.846191,4243.077148,4223.077148,4229.871582,4231.025879,4228.717773,4247.179688,4249.871582,4247.05127,4241.282227,4252.05127,4248.333496,4244.615234,4237.307617,2
1668946356.922514,238.0,4223.077148,4243.846191,4223.333496,4230.256348,4230.384766,4227.692383,4246.410156,4250.128418,4243.205078,4235.128418,4249.102539,4246.794922,4240.769043,4238.333496,2
1668946356.926416,239.0,4224.487305,4245.769043,4225.384766,4232.307617,4230.384766,4231.282227,4247.05127,4249.615234,4241.410156,4231.025879,4243.461426,4244.487305,4237.94873,4241.922852,2
1668946356.930317,240.0,4226.794922,4247.563965,4227.820313,4233.974121,4231.410156,4237.563965,4248.461426,4249.358887,4241.922852,4230.0,4236.922852,4242.05127,4236.666504,4245.256348,2
1668946356.934218,241.0,4228.461426,4248.461426,4229.230957,4234.615234,4232.692383,4243.589844,4249.743652,4250.128418,4243.846191,4232.307617,4232.692383,4240.384766,4236.282227,4246.538574,2
1668946356.93812,242.0,4228.717773,4248.333496,4229.487305,4234.487305,4233.205078,4247.179688,4250.384766,4251.922852,4245.512695,4236.666504,4232.692383,4240.641113,4236.282227,4246.025879,2
1668946356.942021,243.0,4227.692383,4247.692383,4228.974121,4234.487305,4232.563965,4247.692383,4250.384766,4254.358887,4246.282227,4240.897461,4236.794922,4242.179688,4236.282227,4245.256348,2
1668946356.945922,244.0,4226.922852,4247.179688,4228.461426,4235.641113,4231.794922,4245.897461,4249.743652,4257.05127,4246.538574,4243.589844,4242.563965,4243.974121,4236.666504,4245.128418,2
1668946356.949824,245.0,4228.205078,4247.563965,4228.461426,4238.461426,4232.05127,4243.846191,4249.615234,4259.615234,4247.05127,4244.871582,4246.666504,4245.0,4237.692383,4245.512695,2
1668946356.953725,246.0,4231.282227,4249.358887,4229.358887,4242.179688,4233.717773,4243.717773,4250.0,4262.05127,4248.333496,4246.153809,4247.692383,4245.0,4239.487305,4245.641113,2
1668946356.957626,247.0,4234.871582,4252.179688,4230.769043,4245.128418,4235.512695,4246.410156,4250.769043,4263.205078,4250.0,4247.692383,4246.538574,4244.358887,4241.282227,4245.256348,2
1668946356.961528,248.0,4236.922852,4254.871582,4231.922852,4246.025879,4236.153809,4250.0,4251.410156,4262.436035,4251.410156,4248.205078,4244.743652,4243.846191,4242.436035,4245.0,2
1668946356.965429,249.0,4236.666504,4255.769043,4232.05127,4244.487305,4235.0,4250.897461,4251.538574,4259.230957,4251.922852,4246.025879,4242.436035,4244.102539,4242.692383,4245.128418,2
1668946356.969331,250.0,4234.487305,4254.358887,4230.897461,4241.666504,4232.820313,4247.179688,4250.769043,4254.230957,4251.025879,4240.769043,4238.333496,4244.615234,4241.922852,4245.512695,2
1668946356.973232,251.0,4231.666504,4251.025879,4229.358887,4239.358887,4230.512695,4239.871582,4248.717773,4249.102539,4248.077148,4234.743652,4232.05127,4244.871582,4240.0,4245.512695,2
1668946356.977133,252.0,4229.871582,4247.563965,4228.205078,4239.102539,4229.102539,4233.077148,4246.025879,4245.0,4244.102539,4231.153809,4226.282227,4244.487305,4237.436035,4245.128418,2
1668946356.981035,253.0,4230.256348,4245.769043,4228.333496,4241.282227,4229.102539,4230.256348,4243.333496,4242.94873,4241.025879,4232.820313,4225.512695,4244.487305,4236.025879,4245.0,2
1668946356.984936,254.0,4232.94873,4246.410156,4229.487305,4245.128418,4230.512695,4232.563965,4241.794922,4242.94873,4241.153809,4239.102539,4232.820313,4245.897461,4237.05127,4246.282227,2
1668946356.988838,255.0,4236.922852,4249.358887,4230.897461,4248.974121,4232.563965,4237.820313,4242.05127,4243.974121,4244.615234,4246.282227,4245.769043,4248.717773,4240.769043,4248.974121,2
1668946356.992739,0.0,4241.153809,4253.589844,4231.666504,4250.769043,4234.102539,4243.077148,4244.102539,4245.512695,4249.615234,4250.384766,4257.94873,4251.410156,4245.256348,4251.282227,2
1668946356.99664,1.0,4243.974121,4258.077148,4231.794922,4250.384766,4234.358887,4245.512695,4246.666504,4246.666504,4254.230957,4249.615234,4263.589844,4252.179688,4249.102539,4251.153809,2
1668946357.000542,2.0,4245.256348,4261.666504,4231.410156,4249.230957,4233.589844,4244.615234,4248.205078,4247.563965,4257.94873,4246.794922,4261.538574,4250.641113,4252.179688,4247.94873,2
1668946357.004443,3.0,4245.769043,4263.846191,4230.769043,4249.487305,4232.692383,4241.410156,4248.077148,4248.205078,4261.282227,4246.282227,4255.256348,4248.589844,4255.128418,4244.230957,2
1668946357.008345,4.0,4246.794922,4265.0,4230.384766,4252.563965,4233.077148,4238.205078,4246.794922,4248.717773,4264.615234,4250.384766,4249.615234,4248.846191,4258.461426,4243.589844,2
1668946357.012246,5.0,4248.333496,4265.384766,4230.769043,4257.179688,4235.769043,4236.538574,4246.025879,4248.717773,4267.179688,4256.922852,4247.307617,4251.666504,4261.410156,4247.563965,2
1668946357.016147,6.0,4249.743652,4265.128418,4232.05127,4261.025879,4240.256348,4236.794922,4246.922852,4248.461426,4266.794922,4260.769043,4247.820313,4255.128418,4262.563965,4254.102539,2
1668946357.020049,7.0,4249.871582,4264.358887,4233.461426,4261.666504,4244.102539,4238.077148,4248.974121,4248.205078,4262.436035,4258.077148,4248.461426,4256.538574,4260.897461,4258.589844,2
1668946357.02395,8.0,4248.205078,4263.846191,4234.615234,4258.846191,4245.256348,4240.0,4251.153809,4248.589844,4255.384766,4250.769043,4248.077148,4255.384766,4257.307617,4258.205078,2
1668946357.027851,9.0,4245.897461,4264.358887,4235.128418,4254.615234,4243.589844,4242.436035,4251.922852,4249.615234,4248.846191,4244.102539,4247.563965,4253.461426,4253.589844,4253.846191,2
1668946357.031753,10.0,4244.615234,4265.769043,4235.128418,4252.05127,4241.282227,4245.256348,4251.025879,4250.384766,4246.410156,4242.179688,4248.846191,4253.333496,4252.05127,4249.358887,2
1668946357.035654,11.0,4245.256348,4266.666504,4234.871582,4252.692383,4240.641113,4247.436035,4249.230957,4250.256348,4248.205078,4244.871582,4251.666504,4255.512695,4252.692383,4247.307617,2
1668946357.039556,12.0,4247.179688,4265.0,4234.102539,4255.512695,4242.179688,4247.692383,4247.563965,4249.615234,4251.282227,4247.563965,4253.717773,4258.077148,4253.589844,4247.179688,2
1668946357.043457,13.0,4248.333496,4260.128418,4233.077148,4257.436035,4243.974121,4245.256348,4246.666504,4249.230957,4251.794922,4246.153809,4251.410156,4258.205078,4251.666504,4246.538574,2
1668946357.047358,14.0,4247.179688,4253.717773,4232.05127,4255.897461,4243.333496,4240.641113,4246.282227,4249.743652,4249.102539,4240.128418,4243.974121,4255.0,4246.410156,4243.333496,2
1668946357.05126,15.0,4244.358887,4248.717773,4231.410156,4251.538574,4239.230957,4235.128418,4246.153809,4250.512695,4245.641113,4233.205078,4234.615234,4249.871582,4240.641113,4238.717773,2
1668946357.055161,16.0,4241.282227,4247.692383,4231.666504,4246.922852,4233.461426,4231.025879,4246.153809,4251.025879,4244.871582,4230.897461,4229.102539,4245.512695,4238.589844,4235.897461,2
1668946357.059063,17.0,4239.871582,4251.282227,4232.436035,4245.0,4229.358887,4229.743652,4246.538574,4251.025879,4247.820313,4235.256348,4231.282227,4243.589844,4241.922852,4237.436035,2
1668946357.062964,18.0,4240.512695,4257.179688,4233.077148,4246.025879,4229.358887,4232.692383,4247.563965,4250.769043,4253.077148,4243.717773,4240.128418,4244.487305,4247.820313,4242.94873,2
1668946357.066865,19.0,4242.307617,4261.922852,4232.94873,4247.94873,4232.436035,4238.974121,4248.717773,4250.641113,4257.94873,4251.282227,4250.256348,4247.563965,4252.307617,4249.487305,2
1668946357.070767,20.0,4243.974121,4263.205078,4232.05127,4249.102539,4235.641113,4246.025879,4249.743652,4250.512695,4260.512695,4253.974121,4255.769043,4251.666504,4253.717773,4253.333496,2
1668946357.074668,21.0,4244.487305,4262.179688,4231.666504,4249.230957,4236.666504,4250.769043,4250.256348,4250.384766,4260.641113,4252.563965,4255.256348,4255.384766,4253.205078,4252.820313,2
1668946357.078569,22.0,4244.358887,4261.282227,4232.692383,4249.230957,4235.769043,4251.153809,4250.0,4249.743652,4259.358887,4249.743652,4251.538574,4257.94873,4253.077148,4249.743652,2
1668946357.082471,23.0,4244.871582,4261.922852,4235.769043,4250.256348,4235.769043,4248.205078,4249.230957,4249.102539,4257.94873,4248.205078,4249.230957,4258.846191,4253.974121,4247.692383,2
1668946357.086372,24.0,4246.794922,4263.846191,4240.384766,4251.666504,4239.230957,4244.743652,4248.205078,4248.589844,4257.307617,4248.333496,4250.384766,4257.307617,4254.487305,4248.717773,2
1668946357.090274,25.0,4249.230957,4264.615234,4243.846191,4252.436035,4245.512695,4242.94873,4247.436035,4248.717773,4258.077148,4249.358887,4253.974121,4253.333496,4253.333496,4251.282227,2
1668946357.094175,26.0,4249.743652,4262.05127,4243.717773,4251.794922,4250.641113,4242.820313,4247.05127,4249.230957,4259.358887,4249.743652,4256.794922,4247.692383,4250.769043,4251.666504,2
1668946357.098076,27.0,4246.794922,4255.641113,4239.358887,4250.128418,4250.641113,4243.077148,4247.05127,4249.871582,4260.0,4249.358887,4257.05127,4242.94873,4248.333496,4247.563965,2
1668946357.101978,28.0,4241.025879,4247.820313,4232.820313,4248.974121,4244.615234,4242.436035,4247.692383,4250.384766,4258.717773,4249.102539,4254.743652,4240.897461,4247.692383,4240.128418,2
1668946357.105879,29.0,4235.0,4242.820313,4227.563965,4249.358887,4236.410156,4240.897461,4248.589844,4251.025879,4255.769043,4249.487305,4251.282227,4241.410156,4248.974121,4233.333496,2
1668946357.10978,30.0,4231.538574,4242.307617,4226.410156,4250.384766,4230.641113,4239.615234,4248.974121,4251.794922,4252.563965,4249.615234,4247.563965,4243.077148,4250.512695,4230.769043,2
1668946357.113682,31.0,4231.282227,4245.0,4229.230957,4250.128418,4230.256348,4239.743652,4248.333496,4251.922852,4250.128418,4248.077148,4244.358887,4244.615234,4249.871582,4232.94873,2
1668946357.117583,32.0,4232.307617,4247.692383,4233.846191,4247.179688,4234.358887,4242.05127,4246.025879,4250.384766,4248.589844,4244.615234,4242.05127,4245.384766,4246.153809,4238.205078,2
1668946357.121485,33.0,4232.436035,4247.563965,4237.692383,4242.307617,4239.487305,4245.384766,4243.461426,4247.179688,4247.820313,4241.025879,4241.922852,4245.256348,4240.897461,4243.589844,2
1668946357.125386,34.0,4230.128418,4244.615234,4238.461426,4237.692383,4241.794922,4247.94873,4241.922852,4243.846191,4247.436035,4239.871582,4244.743652,4245.0,4237.307617,4246.922852,2
1668946357.129287,35.0,4225.384766,4240.384766,4236.282227,4235.512695,4239.102539,4249.230957,4242.820313,4243.205078,4247.820313,4241.922852,4249.871582,4245.512695,4237.820313,4247.307617,2
1668946357.133189,36.0,4219.230957,4237.307617,4232.436035,4236.025879,4232.692383,4249.230957,4245.641113,4246.794922,4249.487305,4245.897461,4255.897461,4247.307617,4242.563965,4246.282227,2
1668946357.13709,37.0,4214.102539,4236.410156,4228.974121,4237.563965,4226.410156,4248.589844,4249.102539,4253.974121,4253.589844,4250.256348,4261.282227,4250.641113,4248.846191,4246.153809,2
1668946357.140992,38.0,4212.436035,4236.922852,4227.436035,4238.717773,4224.487305,4247.820313,4251.666504,4261.025879,4259.615234,4253.974121,4265.0,4254.358887,4253.205078,4247.820313,2
1668946357.144893,39.0,4215.256348,4237.05127,4228.461426,4240.0,4228.846191,4247.179688,4252.820313,4264.615234,4265.384766,4257.05127,4266.282227,4256.666504,4253.974121,4250.0,2
1668946357.148794,40.0,4220.897461,4235.641113,4231.666504,4242.179688,4237.436035,4247.820313,4252.692383,4262.692383,4267.307617,4259.102539,4264.743652,4256.025879,4252.05127,4250.769043,2
1668946357.152696,41.0,4226.282227,4233.205078,4235.897461,4245.128418,4245.897461,4250.384766,4251.538574,4256.153809,4263.846191,4259.615234,4260.384766,4252.820313,4249.230957,4249.230957,2
1668946357.156597,42.0,4228.974121,4231.282227,4238.974121,4247.179688,4250.384766,4254.615234,4249.871582,4248.461426,4257.307617,4257.692383,4254.102539,4248.846191,4246.410156,4246.538574,2
1668946357.160499,43.0,4227.692383,4230.641113,4239.615234,4246.153809,4249.230957,4258.846191,4247.94873,4242.94873,4250.897461,4253.333496,4247.820313,4246.025879,4243.589844,4244.743652,2
1668946357.1644,44.0,4223.077148,4231.153809,4237.820313,4242.05127,4243.846191,4260.897461,4246.538574,4241.538574,4247.436035,4248.589844,4243.589844,4244.871582,4240.897461,4244.102539,2
1668946357.168301,45.0,4217.94873,4231.666504,4234.743652,4237.307617,4237.820313,4259.230957,4245.641113,4243.461426,4247.05127,4245.641113,4242.692383,4245.128418,4238.974121,4243.717773,2
1668946357.172202,46.0,4215.384766,4231.410156,4231.922852,4234.743652,4234.358887,4254.358887,4245.128418,4246.410156,4248.077148,4245.256348,4244.487305,4245.897461,4238.717773,4243.205078,2
1668946357.176104,47.0,4216.794922,4230.256348,4231.025879,4236.410156,4234.487305,4249.102539,4245.128418,4248.461426,4248.589844,4246.282227,4247.05127,4247.436035,4240.641113,4243.205078,2
1668946357.180005,48.0,4220.128418,4229.358887,4232.563965,4241.153809,4236.410156,4246.666504,4245.641113,4248.717773,4247.94873,4246.794922,4248.846191,4249.358887,4244.230957,4244.615234,2
1668946357.183907,49.0,4221.794922,4229.743652,4234.871582,4245.769043,4237.563965,4247.820313,4246.282227,4248.205078,4247.179688,4245.384766,4249.487305,4251.153809,4247.436035,4246.794922,2
1668946357.187808,50.0,4220.128418,4231.153809,4235.512695,4247.692383,4236.538574,4250.384766,4246.794922,4248.461426,4247.179688,4242.692383,4248.846191,4251.794922,4248.461426,4248.333496,2
1668946357.191709,51.0,4216.794922,4232.307617,4233.589844,4246.282227,4234.487305,4250.897461,4246.794922,4249.615234,4248.333496,4240.641113,4247.436035,4250.897461,4246.538574,4248.461426,2
1668946357.195611,52.0,4215.897461,4232.692383,4231.025879,4243.717773,4234.102539,4247.94873,4246.282227,4250.384766,4250.0,4241.410156,4246.153809,4248.974121,4243.846191,4247.563965,2
1668946357.199512,53.0,4219.871582,4232.436035,4230.769043,4242.94873,4237.179688,4243.333496,4245.641113,4249.743652,4250.897461,4245.0,4245.897461,4247.307617,4243.461426,4246.922852,2
1668946357.203414,54.0,4227.820313,4232.436035,4233.974121,4245.256348,4242.692383,4240.769043,4245.128418,4247.94873,4250.641113,4249.230957,4247.820313,4247.307617,4246.153809,4247.179688,2
1668946357.207315,55.0,4235.512695,4233.333496,4239.102539,4248.589844,4247.05127,4243.333496,4244.871582,4246.794922,4249.230957,4251.025879,4252.436035,4249.358887,4250.384766,4248.589844,2
1668946357.211216,56.0,4239.102539,4235.128418,4242.94873,4250.0,4247.94873,4250.641113,4245.0,4247.307617,4247.307617,4248.846191,4258.846191,4252.179688,4252.563965,4250.128418,2
1668946357.215118,57.0,4237.94873,4235.769043,4243.205078,4247.563965,4245.897461,4258.461426,4246.025879,4249.487305,4245.897461,4244.487305,4264.230957,4253.589844,4250.384766,4250.0,2
1668946357.219019,58.0,4234.230957,4233.205078,4240.256348,4242.563965,4242.820313,4261.922852,4247.563965,4252.05127,4245.769043,4240.897461,4265.512695,4251.153809,4244.358887,4246.410156,2
1668946357.222921,59.0,4230.512695,4227.05127,4236.025879,4238.077148,4241.025879,4259.230957,4248.846191,4253.589844,4247.436035,4240.256348,4261.153809,4245.128418,4237.563965,4239.743652,2
1668946357.226822,60.0,4228.077148,4219.487305,4232.692383,4236.666504,4241.282227,4253.205078,4248.589844,4252.692383,4250.641113,4242.05127,4253.205078,4237.692383,4233.589844,4233.077148,2
1668946357.230723,61.0,4227.307617,4214.743652,4231.538574,4238.077148,4242.94873,4248.589844,4246.794922,4249.230957,4254.230957,4244.743652,4246.410156,4232.563965,4233.461426,4230.384766,2
1668946357.234625,62.0,4227.563965,4215.256348,4232.692383,4240.769043,4244.743652,4249.102539,4244.743652,4244.743652,4257.436035,4247.05127,4244.871582,4231.922852,4236.410156,4233.461426,2
1668946357.238526,63.0,4227.820313,4220.256348,4235.0,4242.692383,4245.897461,4253.717773,4244.358887,4241.794922,4259.358887,4248.461426,4248.077148,4235.897461,4240.0,4239.871582,2
1668946357.242427,64.0,4227.94873,4225.897461,4237.307617,4242.94873,4245.769043,4257.94873,4246.153809,4242.94873,4259.871582,4248.846191,4252.179688,4241.922852,4241.922852,4244.230957,2
1668946357.246329,65.0,4228.077148,4228.205078,4238.589844,4242.307617,4244.743652,4257.94873,4248.846191,4248.461426,4259.358887,4248.333496,4253.333496,4246.666504,4241.153809,4243.077148,2
1668946357.25023,66.0,4228.717773,4225.769043,4237.563965,4241.666504,4243.333496,4253.461426,4250.769043,4256.025879,4258.717773,4247.820313,4250.769043,4247.94873,4239.102539,4237.05127,2
1668946357.254132,67.0,4229.487305,4221.153809,4235.256348,4242.692383,4242.436035,4248.717773,4250.769043,4262.563965,4258.461426,4248.077148,4247.436035,4246.153809,4238.589844,4231.282227,2
1668946357.258033,68.0,4229.871582,4218.333496,4233.589844,4245.128418,4242.436035,4248.077148,4249.358887,4265.128418,4259.102539,4248.974121,4247.05127,4243.717773,4241.282227,4230.769043,2
1668946357.261934,69.0,4229.487305,4220.128418,4233.846191,4247.820313,4243.717773,4252.820313,4247.820313,4263.077148,4260.897461,4250.0,4251.282227,4242.563965,4246.538574,4236.666504,2
1668946357.265836,70.0,4228.846191,4225.512695,4236.282227,4249.102539,4245.641113,4259.358887,4246.922852,4257.692383,4263.077148,4251.153809,4258.333496,4243.717773,4251.153809,4245.0,2
1668946357.269737,71.0,4228.461426,4231.153809,4239.743652,4248.461426,4247.05127,4263.461426,4246.922852,4251.794922,4264.615234,4252.563965,4265.256348,4246.282227,4252.820313,4250.256348,2
1668946357.273639,72.0,4228.461426,4233.077148,4243.077148,4246.794922,4247.436035,4262.820313,4247.563965,4247.820313,4265.0,4253.846191,4269.230957,4248.205078,4250.897461,4248.717773,2
1668946357.27754,73.0,4228.717773,4230.256348,4244.743652,4245.641113,4246.538574,4258.846191,4247.94873,4246.922852,4263.717773,4253.461426,4269.102539,4247.563965,4246.666504,4241.538574,2
1668946357.281441,74.0,4228.974121,4224.102539,4244.230957,4245.769043,4245.769043,4254.743652,4247.94873,4248.333496,4260.384766,4250.128418,4264.358887,4243.717773,4242.436035,4232.820313,2
1668946357.285343,75.0,4229.358887,4218.077148,4242.307617,4246.794922,4246.025879,4252.307617,4247.436035,4250.384766,4255.384766,4243.974121,4256.153809,4238.461426,4240.256348,4226.922852,2
1668946357.289244,76.0,4229.871582,4214.487305,4240.641113,4247.94873,4247.692383,4251.538574,4247.05127,4251.538574,4250.256348,4237.692383,4247.563965,4234.102539,4241.282227,4226.153809,2
1668946357.293145,77.0,4230.641113,4214.615234,4240.384766,4248.461426,4249.871582,4251.153809,4247.436035,4251.153809,4247.94873,4234.871582,4242.436035,4233.077148,4244.615234,4230.128418,2
1668946357.297047,78.0,4231.794922,4217.563965,4241.282227,4248.717773,4251.666504,4250.641113,4248.333496,4250.0,4249.615234,4237.307617,4242.94873,4236.153809,4248.461426,4236.153809,2
1668946357.300948,79.0,4232.820313,4221.666504,4242.179688,4248.846191,4251.794922,4250.897461,4249.358887,4249.358887,4254.358887,4243.717773,4248.077148,4241.794922,4251.153809,4241.410156,2
1668946357.30485,80.0,4232.820313,4225.256348,4242.436035,4248.974121,4250.512695,4252.94873,4250.0,4249.487305,4259.615234,4250.512695,4253.717773,4247.05127,4252.307617,4244.743652,2
1668946357.308751,81.0,4231.538574,4227.307617,4242.563965,4249.102539,4248.461426,4256.666504,4250.256348,4249.871582,4263.974121,4254.358887,4256.410156,4249.358887,4252.820313,4246.410156,2
1668946357.312652,82.0,4230.128418,4228.077148,4242.820313,4249.615234,4246.922852,4260.641113,4250.256348,4250.0,4266.666504,4254.487305,4255.384766,4248.461426,4253.461426,4247.436035,2
1668946357.316554,83.0,4230.256348,4228.461426,4243.205078,4250.641113,4247.05127,4262.94873,4249.743652,4249.615234,4266.538574,4252.179688,4252.692383,4246.025879,4254.230957,4247.692383,2
1668946357.320455,84.0,4232.820313,4229.358887,4243.461426,4251.282227,4249.358887,4263.461426,4248.846191,4249.358887,4263.333496,4249.358887,4252.05127,4244.743652,4254.871582,4246.538574,2
1668946357.324356,85.0,4236.922852,4230.641113,4243.461426,4251.282227,4252.94873,4263.077148,4247.94873,4249.743652,4258.205078,4247.820313,4255.897461,4245.641113,4255.384766,4243.846191,2
1668946357.328258,86.0,4240.384766,4231.666504,4243.846191,4250.641113,4256.282227,4262.94873,4248.077148,4251.538574,4253.846191,4247.820313,4262.307617,4247.820313,4255.897461,4240.512695,2
1668946357.332159,87.0,4241.282227,4231.794922,4245.0,4250.384766,4257.94873,4262.94873,4250.0,4254.615234,4252.436035,4248.205078,4266.794922,4249.358887,4256.410156,4237.820313,2
1668946357.336061,88.0,4239.230957,4230.512695,4246.410156,4250.769043,4258.333496,4262.563965,4252.692383,4258.205078,4253.717773,4247.563965,4265.512695,4248.846191,4256.410156,4236.666504,2
1668946357.339962,89.0,4236.025879,4228.333496,4247.436035,4251.025879,4258.589844,4261.666504,4255.256348,4261.282227,4255.769043,4245.641113,4259.358887,4246.282227,4255.256348,4237.820313,2
1668946357.343863,90.0,4233.974121,4226.794922,4247.820313,4250.256348,4259.615234,4261.025879,4257.563965,4262.692383,4256.666504,4244.358887,4252.820313,4243.717773,4253.461426,4241.025879,2
1668946357.347765,91.0,4234.358887,4227.307617,4248.205078,4248.846191,4261.153809,4261.922852,4259.487305,4262.692383,4256.153809,4245.0,4251.153809,4243.717773,4252.307617,4245.512695,2
1668946357.351666,92.0,4236.410156,4229.487305,4248.974121,4247.436035,4261.794922,4263.974121,4261.153809,4261.922852,4254.871582,4247.307617,4255.897461,4247.436035,4252.307617,4249.871582,2
1668946357.355568,93.0,4238.077148,4231.153809,4249.487305,4246.922852,4260.256348,4265.641113,4261.538574,4261.538574,4254.871582,4250.256348,4263.846191,4253.205078,4252.307617,4252.05127,2
1668946357.359469,94.0,4237.94873,4230.256348,4248.846191,4247.179688,4256.666504,4265.512695,4260.641113,4262.05127,4257.05127,4253.333496,4269.743652,4257.820313,4251.282227,4251.538574,2
1668946357.36337,95.0,4235.641113,4227.179688,4247.179688,4247.94873,4252.436035,4264.102539,4259.615234,4263.333496,4261.025879,4256.410156,4269.871582,4259.102539,4249.358887,4249.743652,2
1668946357.367272,96.0,4232.820313,4224.615234,4245.512695,4248.589844,4249.487305,4263.333496,4259.743652,4264.487305,4265.256348,4259.358887,4265.512695,4257.436035,4247.94873,4248.846191,2
1668946357.371173,97.0,4231.153809,4224.743652,4244.743652,4248.589844,4248.589844,4264.102539,4260.769043,4264.487305,4267.820313,4261.410156,4261.153809,4255.128418,4248.717773,4249.871582,2
1668946357.375075,98.0,4231.794922,4227.05127,4244.615234,4247.692383,4249.358887,4264.743652,4261.025879,4263.077148,4267.692383,4261.538574,4259.871582,4254.358887,4251.666504,4251.666504,2
1668946357.378976,99.0,4234.102539,4228.846191,4244.358887,4246.282227,4250.0,4263.205078,4258.589844,4261.025879,4265.769043,4259.230957,4262.05127,4255.128418,4254.743652,4252.563965,2
1668946357.382877,100.0,4236.153809,4228.077148,4243.846191,4244.743652,4249.102539,4259.230957,4253.717773,4259.102539,4263.974121,4255.512695,4265.512695,4256.153809,4256.153809,4251.922852,2
1668946357.386778,101.0,4236.538574,4225.384766,4243.461426,4243.974121,4247.179688,4255.128418,4249.230957,4257.94873,4264.102539,4252.692383,4267.563965,4255.641113,4255.384766,4250.384766,2
1668946357.39068,102.0,4235.0,4223.589844,4243.846191,4244.358887,4245.897461,4254.230957,4248.589844,4258.333496,4266.410156,4253.205078,4267.436035,4253.461426,4254.102539,4249.358887,2
1668946357.394581,103.0,4232.692383,4224.615234,4244.615234,4245.256348,4246.282227,4256.922852,4253.077148,4260.641113,4269.615234,4257.563965,4265.641113,4250.769043,4254.358887,4249.358887,2
1668946357.398483,104.0,4230.512695,4227.563965,4245.128418,4245.769043,4247.307617,4261.025879,4260.0,4264.358887,4272.563965,4263.205078,4263.717773,4248.846191,4256.282227,4250.256348,2
1668946357.402384,105.0,4230.128418,4229.743652,4245.769043,4245.512695,4247.436035,4263.333496,4265.128418,4267.563965,4274.615234,4266.410156,4262.563965,4248.333496,4258.717773,4251.025879,2
1668946357.406285,106.0,4232.820313,4228.974121,4246.922852,4244.871582,4246.666504,4262.436035,4265.512695,4268.077148,4273.974121,4264.230957,4262.179688,4248.717773,4259.358887,4250.512695,2
1668946357.410187,107.0,4238.461426,4225.641113,4248.333496,4245.0,4246.666504,4259.615234,4261.794922,4265.512695,4269.743652,4257.307617,4262.05127,4249.102539,4257.563965,4248.461426,2
1668946357.414088,108.0,4244.743652,4222.563965,4248.717773,4246.666504,4248.974121,4257.94873,4256.794922,4261.666504,4263.717773,4250.0,4262.05127,4248.846191,4255.0,4246.410156,2
1668946357.41799,109.0,4248.717773,4222.692383,4246.153809,4249.487305,4252.436035,4259.358887,4254.102539,4260.128418,4260.256348,4248.205078,4262.94873,4248.333496,4254.358887,4245.897461,2
1668946357.421891,110.0,4248.333496,4227.05127,4241.025879,4252.179688,4254.743652,4262.436035,4254.230957,4262.307617,4261.922852,4254.230957,4264.615234,4248.333496,4256.666504,4246.410156,2
1668946357.425792,111.0,4244.230957,4232.820313,4235.769043,4253.846191,4254.358887,4264.102539,4255.512695,4266.666504,4266.666504,4264.230957,4265.897461,4248.974121,4260.384766,4246.410156,2
1668946357.429694,112.0,4238.974121,4235.769043,4233.846191,4253.461426,4252.563965,4262.820313,4255.384766,4269.102539,4270.256348,4271.282227,4264.743652,4249.871582,4262.563965,4244.102539,2
1668946357.433595,113.0,4235.384766,4233.846191,4236.922852,4251.410156,4251.153809,4260.512695,4252.820313,4266.922852,4268.589844,4269.743652,4260.256348,4249.615234,4260.641113,4240.128418,2
1668946357.437497,114.0,4234.487305,4228.205078,4242.94873,4248.589844,4251.153809,4260.256348,4249.230957,4260.256348,4261.666504,4258.846191,4253.205078,4247.820313,4255.0,4236.410156,2
1668946357.441398,115.0,4235.384766,4221.922852,4248.717773,4246.153809,4252.179688,4262.307617,4246.538574,4252.692383,4251.922852,4243.717773,4245.512695,4244.871582,4247.94873,4234.102539,2
1668946357.445299,116.0,4236.153809,4217.05127,4251.410156,4244.871582,4253.077148,4263.717773,4245.769043,4247.692383,4243.717773,4231.410156,4239.358887,4241.794922,4242.307617,4232.179688,2
1668946357.449201,117.0,4235.641113,4213.717773,4251.410156,4244.358887,4253.589844,4261.410156,4246.282227,4246.922852,4240.128418,4226.666504,4236.282227,4238.846191,4238.717773,4229.102539,2
1668946357.453102,118.0,4233.974121,4211.282227,4251.410156,4244.230957,4254.102539,4255.897461,4247.179688,4249.230957,4241.666504,4229.615234,4236.794922,4235.641113,4237.05127,4223.974121,2
1668946357.457003,119.0,4232.05127,4209.743652,4253.589844,4244.230957,4255.769043,4250.641113,4248.077148,4251.794922,4246.153809,4236.666504,4240.641113,4232.179688,4236.666504,4218.589844,2
1668946357.460905,120.0,4231.282227,4209.743652,4258.333496,4244.487305,4258.846191,4249.230957,4249.230957,4252.436035,4249.743652,4242.563965,4247.05127,4229.871582,4237.436035,4216.153809,2
1668946357.464806,121.0,4232.05127,4211.794922,4263.205078,4244.743652,4262.307617,4252.436035,4250.128418,4250.512695,4250.256348,4244.615234,4254.487305,4230.256348,4239.230957,4218.205078,2
1668946357.468708,122.0,4233.846191,4215.0,4265.384766,4245.256348,4264.615234,4257.307617,4250.384766,4248.077148,4247.692383,4243.589844,4261.025879,4233.717773,4241.410156,4223.974121,2
1668946357.472609,123.0,4235.384766,4217.307617,4263.717773,4245.769043,4264.743652,4259.871582,4249.615234,4246.794922,4244.487305,4241.666504,4264.743652,4238.717773,4243.205078,4229.871582,2
1668946357.47651,124.0,4235.897461,4217.436035,4260.641113,4246.410156,4262.692383,4258.846191,4248.077148,4247.563965,4243.077148,4241.153809,4264.102539,4242.820313,4244.102539,4232.820313,2
1668946357.480412,125.0,4235.256348,4216.153809,4258.974121,4246.794922,4260.512695,4255.641113,4246.666504,4249.230957,4244.230957,4242.563965,4258.333496,4244.230957,4244.102539,4231.922852,2
1668946357.484313,126.0,4234.102539,4215.384766,4259.358887,4247.05127,4260.0,4253.846191,4246.666504,4250.512695,4247.05127,4245.384766,4249.358887,4243.333496,4244.230957,4229.230957,2
1668946357.488215,127.0,4232.563965,4216.666504,4260.128418,4246.794922,4261.538574,4255.512695,4247.692383,4250.897461,4249.615234,4247.94873,4241.794922,4242.179688,4244.871582,4227.94873,2
1668946357.492116,128.0,4231.282227,4219.871582,4259.487305,4246.153809,4263.717773,4259.743652,4248.974121,4250.256348,4250.256348,4248.846191,4239.358887,4241.794922,4246.025879,4229.615234,2
1668946357.496017,129.0,4230.256348,4223.717773,4257.692383,4245.256348,4264.358887,4263.589844,4249.871582,4248.846191,4248.974121,4246.666504,4241.794922,4241.666504,4246.538574,4232.05127,2
1668946357.499919,130.0,4229.871582,4225.769043,4256.153809,4244.871582,4262.692383,4263.717773,4249.487305,4246.666504,4246.538574,4242.05127,4244.871582,4240.769043,4245.641113,4232.05127,2
1668946357.50382,131.0,4230.512695,4224.487305,4255.897461,4245.769043,4260.128418,4259.230957,4247.563965,4243.717773,4244.230957,4237.179688,4244.487305,4238.717773,4243.461426,4228.077148,2
1668946357.507721,132.0,4231.794922,4220.897461,4255.897461,4248.333496,4258.974121,4252.692383,4244.358887,4240.769043,4243.205078,4235.256348,4240.641113,4236.025879,4241.794922,4222.05127,2
1668946357.511623,133.0,4233.461426,4217.692383,4255.256348,4251.666504,4259.743652,4248.589844,4242.307617,4239.615234,4244.102539,4237.820313,4236.666504,4233.846191,4242.307617,4217.05127,2
1668946357.515524,134.0,4234.487305,4217.05127,4253.333496,4253.974121,4261.153809,4249.230957,4243.461426,4241.025879,4246.025879,4242.692383,4236.025879,4232.307617,4244.487305,4214.871582,2
1668946357.519426,135.0,4234.487305,4218.589844,4250.897461,4254.230957,4261.410156,4253.846191,4248.589844,4245.512695,4248.077148,4246.282227,4238.846191,4230.384766,4246.538574,4214.487305,2
1668946357.523327,136.0,4233.205078,4219.487305,4248.974121,4252.05127,4258.974121,4258.974121,4255.512695,4252.05127,4249.615234,4246.410156,4242.820313,4227.05127,4246.153809,4213.461426,2
1668946357.527228,137.0,4231.025879,4217.436035,4247.820313,4248.589844,4254.358887,4261.282227,4260.384766,4259.615234,4251.153809,4244.487305,4244.743652,4221.794922,4242.94873,4210.128418,2
1668946357.53113,138.0,4229.102539,4211.922852,4247.179688,4244.615234,4249.487305,4259.743652,4260.256348,4265.769043,4252.05127,4242.307617,4242.563965,4216.025879,4238.205078,4205.128418,2
1668946357.535031,139.0,4228.717773,4205.384766,4247.179688,4241.025879,4246.538574,4255.769043,4255.512695,4267.820313,4251.025879,4240.769043,4236.025879,4211.666504,4233.846191,4200.256348,2
1668946357.538932,140.0,4230.384766,4201.410156,4247.692383,4238.461426,4246.794922,4252.179688,4249.871582,4264.358887,4247.436035,4239.358887,4226.794922,4210.384766,4231.025879,4197.94873,2
1668946357.542834,141.0,4232.820313,4201.666504,4248.333496,4237.179688,4248.974121,4251.025879,4246.666504,4258.077148,4243.333496,4237.94873,4218.205078,4212.05127,4230.0,4198.974121,2
1668946357.546735,142.0,4234.743652,4205.384766,4248.461426,4237.307617,4250.897461,4251.538574,4246.922852,4253.589844,4242.05127,4237.563965,4215.128418,4215.0,4230.641113,4202.436035,2
1668946357.550637,143.0,4235.256348,4209.743652,4248.205078,4238.717773,4251.666504,4251.282227,4248.589844,4253.717773,4245.128418,4238.589844,4219.743652,4217.692383,4232.436035,4206.282227,2
1668946357.554538,144.0,4234.871582,4212.94873,4248.333496,4241.025879,4252.307617,4248.717773,4248.846191,4257.563965,4250.641113,4240.384766,4229.615234,4219.358887,4235.128418,4208.461426,2
1668946357.558439,145.0,4234.743652,4215.512695,4249.358887,4243.846191,4254.358887,4246.025879,4246.922852,4261.153809,4254.230957,4241.153809,4239.487305,4221.153809,4238.077148,4209.230957,2
1668946357.562341,146.0,4236.153809,4218.717773,4251.282227,4247.05127,4258.461426,4246.282227,4244.230957,4261.538574,4253.205078,4240.256348,4245.0,4223.589844,4240.769043,4210.641113,2
1668946357.566242,147.0,4239.871582,4223.333496,4254.358887,4250.256348,4262.692383,4250.897461,4243.846191,4258.461426,4248.589844,4238.333496,4245.512695,4226.410156,4242.563965,4214.487305,2
1668946357.570144,148.0,4244.743652,4228.589844,4258.333496,4252.94873,4264.743652,4258.717773,4247.436035,4255.128418,4245.0,4237.05127,4242.94873,4228.974121,4243.077148,4220.769043,2
1668946357.574045,149.0,4248.461426,4233.205078,4262.436035,4254.871582,4264.358887,4266.666504,4254.102539,4254.871582,4246.282227,4238.589844,4239.615234,4231.153809,4242.692383,4227.436035,2
1668946357.577946,150.0,4248.589844,4235.384766,4265.0,4255.512695,4262.820313,4271.282227,4260.512695,4258.846191,4252.820313,4243.333496,4237.563965,4233.333496,4241.922852,4231.794922,2
1668946357.581848,151.0,4244.615234,4234.743652,4264.871582,4254.358887,4261.410156,4270.897461,4263.589844,4264.871582,4260.897461,4249.358887,4237.307617,4235.641113,4241.538574,4232.820313,2
1668946357.585749,152.0,4238.461426,4232.179688,4261.666504,4251.153809,4260.0,4266.153809,4262.563965,4269.358887,4265.256348,4253.205078,4237.94873,4236.538574,4241.410156,4230.769043,2
1668946357.589651,153.0,4233.461426,4229.102539,4255.769043,4246.538574,4258.077148,4260.128418,4258.974121,4269.230957,4262.563965,4252.563965,4237.94873,4235.128418,4241.410156,4227.05127,2
1668946357.593552,154.0,4232.179688,4226.410156,4249.102539,4242.436035,4255.512695,4255.384766,4254.871582,4264.615234,4254.487305,4248.205078,4237.692383,4232.820313,4241.666504,4224.358887,2
1668946357.597453,155.0,4235.512695,4225.0,4243.974121,4241.025879,4253.461426,4253.846191,4251.538574,4258.077148,4246.025879,4244.102539,4239.358887,4231.922852,4242.307617,4225.384766,2
1668946357.601354,156.0,4241.538574,4226.025879,4242.05127,4242.563965,4252.820313,4255.769043,4249.743652,4253.589844,4242.436035,4243.333496,4245.0,4234.487305,4243.846191,4230.897461,2
1668946357.605256,157.0,4246.794922,4229.615234,4243.205078,4245.512695,4253.589844,4260.256348,4249.487305,4253.589844,4245.384766,4246.410156,4253.846191,4240.256348,4246.282227,4238.461426,2
1668946357.609157,158.0,4248.974121,4234.871582,4245.128418,4247.436035,4255.384766,4264.487305,4250.128418,4257.05127,4252.436035,4251.153809,4262.563965,4246.282227,4248.974121,4244.871582,2
1668946357.613059,159.0,4247.820313,4240.256348,4246.153809,4247.692383,4257.307617,4265.769043,4251.153809,4260.641113,4258.974121,4255.641113,4267.94873,4249.871582,4251.922852,4247.820313,2
1668946357.61696,160.0,4245.512695,4244.230957,4245.641113,4247.05127,4259.102539,4263.333496,4251.794922,4261.282227,4262.563965,4259.358887,4268.974121,4250.128418,4254.358887,4248.077148,2
1668946357.620861,161.0,4244.871582,4246.538574,4244.743652,4246.538574,4261.025879,4259.487305,4251.666504,4258.717773,4263.205078,4261.794922,4266.282227,4249.230957,4256.282227,4247.692383,2
1668946357.624763,162.0,4247.307617,4247.563965,4245.256348,4247.05127,4263.205078,4257.436035,4250.897461,4255.0,4262.436035,4262.05127,4261.282227,4248.974121,4257.179688,4247.820313,2
1668946357.628664,163.0,4251.410156,4247.820313,4247.436035,4248.205078,4265.256348,4258.846191,4249.487305,4252.563965,4261.666504,4259.102539,4254.871582,4249.615234,4257.179688,4247.436035,2
1668946357.632566,164.0,4254.102539,4247.05127,4250.256348,4249.358887,4266.538574,4262.563965,4248.205078,4253.077148,4260.897461,4253.717773,4247.307617,4249.102539,4256.153809,4244.743652,2
1668946357.636467,165.0,4253.333496,4244.358887,4251.922852,4249.743652,4266.282227,4265.256348,4247.179688,4255.641113,4259.358887,4247.563965,4239.615234,4245.769043,4253.974121,4239.230957,2
1668946357.640368,166.0,4249.743652,4239.743652,4252.05127,4249.230957,4264.743652,4264.743652,4246.794922,4257.436035,4255.897461,4242.820313,4233.589844,4240.0,4250.769043,4232.820313,2
1668946357.64427,167.0,4245.641113,4234.615234,4251.410156,4247.94873,4262.820313,4262.05127,4246.922852,4256.153809,4250.384766,4240.256348,4230.641113,4234.358887,4247.307617,4228.589844,2
1668946357.648171,168.0,4243.077148,4230.897461,4251.153809,4247.05127,4261.794922,4259.871582,4247.05127,4251.794922,4243.974121,4239.871582,4231.410156,4231.410156,4244.102539,4228.205078,2
1668946357.652073,169.0,4242.436035,4229.358887,4251.153809,4247.05127,4262.05127,4260.0,4246.922852,4246.922852,4237.94873,4240.128418,4235.384766,4231.666504,4242.05127,4230.769043,2
1668946357.655974,170.0,4243.205078,4229.230957,4250.769043,4247.436035,4262.820313,4261.794922,4246.025879,4243.974121,4233.333496,4239.487305,4241.153809,4233.461426,4240.897461,4233.333496,2
1668946357.659875,171.0,4244.743652,4229.487305,4249.358887,4247.307617,4262.307617,4262.820313,4244.871582,4243.846191,4230.769043,4236.922852,4246.153809,4234.230957,4239.871582,4233.589844,2
1668946357.663777,172.0,4246.538574,4229.615234,4247.05127,4246.282227,4260.128418,4261.282227,4243.846191,4245.641113,4230.512695,4233.589844,4248.205078,4233.077148,4238.974121,4231.282227,2
1668946357.667678,173.0,4247.820313,4229.871582,4244.743652,4244.615234,4256.538574,4257.307617,4243.846191,4248.461426,4232.820313,4232.436035,4246.538574,4231.153809,4238.974121,4229.102539,2
1668946357.671579,174.0,4247.820313,4230.256348,4243.589844,4243.589844,4252.94873,4252.436035,4245.128418,4252.05127,4237.563965,4235.641113,4243.077148,4230.641113,4240.512695,4229.358887,2
1668946357.675481,175.0,4246.410156,4230.897461,4243.461426,4243.717773,4250.641113,4248.717773,4247.05127,4256.538574,4243.461426,4241.794922,4240.769043,4231.922852,4242.820313,4231.410156,2
1668946357.679382,176.0,4243.974121,4231.282227,4243.589844,4245.0,4249.871582,4247.179688,4248.589844,4260.897461,4248.205078,4246.538574,4241.538574,4234.102539,4244.358887,4233.077148,2
1668946357.683284,177.0,4242.307617,4231.282227,4243.333496,4246.538574,4250.128418,4247.436035,4249.230957,4263.205078,4250.0,4246.538574,4244.615234,4235.128418,4244.358887,4232.563965,2
1668946357.687185,178.0,4242.436035,4231.666504,4242.820313,4247.563965,4250.256348,4247.692383,4248.846191,4261.410156,4248.717773,4242.05127,4247.692383,4234.615234,4242.94873,4231.153809,2
1668946357.691086,179.0,4244.743652,4233.717773,4243.077148,4247.692383,4249.615234,4247.05127,4247.94873,4255.256348,4246.538574,4236.666504,4248.717773,4233.589844,4241.153809,4231.794922,2
1668946357.694988,180.0,4248.077148,4237.820313,4244.487305,4247.307617,4248.846191,4246.410156,4246.666504,4247.820313,4244.871582,4234.487305,4247.179688,4233.717773,4240.0,4235.769043,2
1668946357.698889,181.0,4250.769043,4243.461426,4246.666504,4246.794922,4249.487305,4246.666504,4245.384766,4242.820313,4244.615234,4236.794922,4244.358887,4235.128418,4240.384766,4241.153809,2
1668946357.702791,182.0,4251.282227,4248.333496,4248.461426,4246.794922,4251.922852,4247.94873,4243.717773,4242.436035,4244.871582,4242.05127,4242.563965,4236.282227,4241.666504,4244.230957,2
1668946357.706692,183.0,4249.487305,4249.871582,4248.717773,4246.666504,4254.743652,4249.487305,4242.179688,4245.0,4245.0,4247.179688,4243.077148,4235.897461,4242.692383,4243.205078,2
1668946357.710593,184.0,4246.666504,4247.94873,4247.179688,4246.153809,4255.897461,4250.384766,4241.538574,4247.692383,4244.487305,4248.846191,4244.743652,4234.358887,4242.563965,4238.846191,2
1668946357.714495,185.0,4244.743652,4244.615234,4245.512695,4245.384766,4254.358887,4249.487305,4242.436035,4248.589844,4242.94873,4246.153809,4245.769043,4233.846191,4241.153809,4233.974121,2
1668946357.718396,186.0,4244.743652,4242.820313,4245.512695,4245.384766,4251.410156,4246.794922,4244.615234,4248.077148,4241.025879,4241.410156,4245.384766,4235.769043,4239.487305,4231.410156,2
1668946357.722297,187.0,4246.153809,4243.846191,4247.307617,4246.922852,4249.358887,4243.333496,4246.666504,4247.692383,4240.256348,4238.205078,4244.230957,4239.487305,4238.333496,4232.307617,2
1668946357.726199,188.0,4247.563965,4246.666504,4249.358887,4249.102539,4248.846191,4240.641113,4246.666504,4248.333496,4241.666504,4238.333496,4243.846191,4243.077148,4237.436035,4235.256348,2
1668946357.7301,189.0,4247.94873,4248.974121,4249.102539,4249.102539,4249.102539,4238.974121,4243.589844,4249.230957,4244.230957,4239.871582,4245.0,4244.487305,4236.282227,4237.94873,2
1668946357.734002,190.0,4247.436035,4249.743652,4245.384766,4244.871582,4248.589844,4237.820313,4237.94873,4248.717773,4245.512695,4239.871582,4246.538574,4243.589844,4234.743652,4238.589844,2
1668946357.737903,191.0,4246.666504,4248.974121,4240.256348,4237.436035,4246.794922,4236.666504,4232.307617,4246.922852,4244.102539,4237.820313,4247.307617,4242.05127,4233.461426,4238.077148,2
1668946357.741804,192.0,4246.410156,4247.94873,4236.922852,4231.153809,4245.256348,4235.641113,4230.0,4245.0,4240.641113,4235.769043,4247.436035,4241.410156,4233.589844,4238.333496,2
1668946357.745706,193.0,4246.666504,4248.205078,4237.820313,4230.128418,4245.256348,4235.897461,4232.820313,4244.743652,4237.179688,4236.282227,4248.077148,4242.563965,4235.128418,4240.769043,2
1668946357.749607,194.0,4247.05127,4249.743652,4242.179688,4234.358887,4246.538574,4237.820313,4238.717773,4246.410156,4235.641113,4238.974121,4249.230957,4245.0,4236.794922,4244.615234,2
1668946357.753508,195.0,4246.922852,4251.153809,4247.307617,4239.871582,4247.179688,4241.025879,4243.461426,4248.974121,4236.922852,4241.794922,4249.743652,4247.179688,4237.05127,4247.692383,2
1668946357.75741,196.0,4246.410156,4251.025879,4250.0,4242.179688,4245.641113,4244.102539,4243.974121,4251.282227,4240.384766,4242.820313,4247.94873,4247.436035,4235.384766,4247.94873,2
1668946357.761311,197.0,4245.641113,4249.871582,4249.743652,4239.871582,4243.205078,4245.641113,4241.153809,4251.922852,4244.487305,4242.05127,4244.230957,4246.153809,4232.94873,4245.769043,2
1668946357.765213,198.0,4245.256348,4249.615234,4247.820313,4236.153809,4243.077148,4246.025879,4238.205078,4251.282227,4247.820313,4241.025879,4240.128418,4244.487305,4232.179688,4243.717773,2
1668946357.769114,199.0,4245.897461,4251.794922,4246.666504,4235.384766,4247.692383,4245.897461,4238.333496,4249.871582,4249.615234,4241.794922,4238.461426,4243.461426,4234.358887,4244.102539,2
1668946357.773015,200.0,4247.436035,4255.512695,4247.179688,4238.974121,4255.641113,4246.153809,4241.666504,4248.846191,4249.871582,4244.615234,4240.256348,4243.077148,4238.461426,4246.538574,2
1668946357.776917,201.0,4248.717773,4258.589844,4248.846191,4244.615234,4261.666504,4246.794922,4245.897461,4248.717773,4249.358887,4247.820313,4244.743652,4241.794922,4241.410156,4248.589844,2
1668946357.780818,202.0,4249.358887,4258.589844,4250.256348,4248.461426,4262.05127,4247.179688,4248.333496,4249.615234,4248.205078,4249.487305,4249.358887,4238.974121,4241.153809,4247.94873,2
1668946357.78472,203.0,4249.102539,4254.871582,4250.512695,4248.974121,4257.179688,4247.307617,4247.94873,4250.384766,4246.410156,4248.205078,4251.538574,4235.128418,4237.94873,4244.743652,2
1668946357.788621,204.0,4248.461426,4249.743652,4249.871582,4247.307617,4251.666504,4247.563965,4246.410156,4250.769043,4243.077148,4243.717773,4250.128418,4232.179688,4233.974121,4241.538574,2
1668946357.792522,205.0,4247.307617,4245.897461,4249.230957,4245.512695,4249.487305,4248.333496,4245.384766,4250.641113,4238.333496,4237.179688,4245.384766,4231.025879,4231.538574,4239.871582,2
1668946357.796424,206.0,4245.384766,4245.256348,4248.717773,4244.487305,4250.384766,4249.487305,4245.128418,4250.641113,4233.333496,4230.897461,4238.589844,4231.666504,4231.153809,4239.615234,2
1668946357.800325,207.0,4242.436035,4246.922852,4247.820313,4243.589844,4250.769043,4249.743652,4244.358887,4250.384766,4229.743652,4227.05127,4231.666504,4232.436035,4232.05127,4239.487305,2
1668946357.804227,208.0,4238.461426,4248.717773,4246.153809,4241.666504,4247.179688,4247.692383,4241.538574,4249.743652,4228.461426,4225.897461,4226.025879,4232.307617,4232.436035,4238.077148,2
1668946357.808128,209.0,4234.615234,4248.717773,4244.358887,4238.589844,4240.0,4242.563965,4236.794922,4248.589844,4228.846191,4226.282227,4222.94873,4231.410156,4231.538574,4235.512695,2
1668946357.812029,210.0,4231.794922,4247.307617,4243.333496,4234.871582,4233.077148,4236.538574,4231.922852,4247.307617,4229.615234,4227.307617,4224.102539,4231.025879,4230.256348,4233.974121,2
1668946357.81593,211.0,4230.897461,4245.897461,4243.333496,4232.179688,4231.282227,4233.205078,4229.615234,4246.153809,4229.871582,4228.589844,4230.256348,4232.436035,4230.641113,4235.128418,2
1668946357.819832,212.0,4232.05127,4245.769043,4244.102539,4231.538574,4235.512695,4234.102539,4230.512695,4245.384766,4229.871582,4230.384766,4240.384766,4235.769043,4233.205078,4238.461426,2
1668946357.823733,213.0,4234.102539,4247.05127,4244.615234,4233.589844,4242.94873,4237.436035,4233.077148,4245.769043,4230.641113,4232.692383,4250.384766,4239.487305,4236.282227,4241.282227,2
1668946357.827635,214.0,4235.512695,4248.333496,4244.871582,4237.436035,4248.461426,4239.871582,4234.871582,4247.307617,4233.717773,4235.256348,4255.256348,4241.410156,4237.94873,4241.153809,2
1668946357.831536,215.0,4235.256348,4248.333496,4244.743652,4241.538574,4249.487305,4239.743652,4234.615234,4248.974121,4238.974121,4238.077148,4251.922852,4239.871582,4237.05127,4237.692383,2
1668946357.835437,216.0,4233.333496,4246.666504,4244.615234,4243.846191,4246.410156,4238.077148,4232.94873,4248.333496,4243.974121,4241.282227,4242.692383,4235.384766,4234.615234,4233.205078,2
1668946357.839339,217.0,4230.769043,4244.487305,4244.487305,4243.205078,4242.436035,4235.897461,4231.153809,4244.615234,4245.641113,4244.102539,4233.077148,4230.512695,4232.436035,4230.512695,2
1668946357.84324,218.0,4229.615234,4243.333496,4244.743652,4240.256348,4240.256348,4233.589844,4230.256348,4239.487305,4243.589844,4245.512695,4228.461426,4228.333496,4231.922852,4230.641113,2
1668946357.847142,219.0,4231.410156,4244.230957,4245.641113,4237.05127,4240.769043,4231.794922,4230.384766,4235.512695,4240.128418,4245.897461,4230.256348,4230.256348,4233.589844,4232.820313,2
1668946357.851043,220.0,4236.538574,4247.436035,4247.563965,4236.538574,4242.94873,4231.794922,4231.025879,4234.615234,4238.589844,4246.153809,4236.282227,4235.256348,4236.666504,4235.641113,2
1668946357.854944,221.0,4243.589844,4251.794922,4250.0,4239.615234,4245.769043,4234.487305,4231.794922,4236.025879,4240.384766,4246.153809,4242.820313,4241.153809,4240.256348,4238.717773,2
1668946357.858846,222.0,4250.0,4255.897461,4252.179688,4245.641113,4248.461426,4238.974121,4232.179688,4237.692383,4243.589844,4245.384766,4247.307617,4245.769043,4243.205078,4242.436035,2
1668946357.862747,223.0,4253.333496,4257.436035,4253.077148,4251.282227,4250.384766,4242.563965,4231.922852,4238.333496,4245.384766,4243.461426,4249.615234,4247.94873,4244.743652,4246.282227,2
1668946357.866649,224.0,4252.436035,4255.512695,4252.307617,4253.717773,4251.410156,4243.205078,4231.282227,4238.461426,4244.743652,4240.897461,4250.0,4247.563965,4244.487305,4248.333496,2
1668946357.87055,225.0,4248.461426,4251.153809,4250.512695,4251.538574,4251.025879,4240.512695,4230.769043,4239.615234,4243.333496,4238.974121,4247.94873,4245.897461,4243.333496,4247.692383,2
1668946357.874451,226.0,4244.358887,4247.05127,4248.846191,4246.666504,4249.358887,4237.05127,4231.538574,4242.179688,4243.077148,4238.846191,4242.692383,4244.102539,4243.077148,4245.256348,2
1668946357.878353,227.0,4242.179688,4245.769043,4248.205078,4241.922852,4247.307617,4235.769043,4233.461426,4245.256348,4243.846191,4239.102539,4235.256348,4243.205078,4243.974121,4243.205078,2
1668946357.882254,228.0,4242.05127,4247.307617,4248.333496,4239.615234,4245.897461,4238.077148,4235.897461,4247.692383,4243.589844,4237.94873,4228.461426,4243.077148,4245.128418,4242.820313,2
1668946357.886155,229.0,4242.307617,4250.128418,4248.589844,4239.871582,4245.897461,4243.077148,4237.563965,4248.333496,4241.153809,4235.641113,4226.282227,4243.589844,4245.384766,4244.358887,2
1668946357.890057,230.0,4241.538574,4252.179688,4248.589844,4241.794922,4247.563965,4248.717773,4237.436035,4246.794922,4237.692383,4234.358887,4230.897461,4244.487305,4244.743652,4247.05127,2
1668946357.893958,231.0,4239.102539,4252.820313,4248.461426,4243.717773,4249.487305,4252.563965,4235.769043,4243.205078,4235.897461,4236.153809,4240.769043,4245.897461,4244.102539,4250.384766,2
1668946357.89786,232.0,4235.769043,4252.307617,4248.205078,4243.974121,4249.615234,4253.205078,4233.589844,4238.589844,4237.692383,4240.641113,4251.153809,4247.436035,4243.846191,4253.717773,2
1668946357.901761,233.0,4232.563965,4250.512695,4247.307617,4241.282227,4246.922852,4250.512695,4231.922852,4234.615234,4241.410156,4244.230957,4256.794922,4248.717773,4243.461426,4255.769043,2
1668946357.905662,234.0,4230.641113,4247.436035,4245.512695,4236.282227,4241.538574,4246.153809,4230.897461,4232.94873,4243.974121,4243.974121,4256.153809,4249.102539,4242.820313,4255.512695,2
1668946357.909564,235.0,4230.256348,4244.102539,4242.692383,4231.282227,4236.153809,4242.05127,4230.256348,4234.102539,4243.077148,4240.256348,4251.666504,4248.461426,4241.922852,4252.692383,2
1668946357.913465,236.0,4231.666504,4242.436035,4240.0,4229.230957,4233.461426,4239.871582,4230.128418,4238.077148,4240.128418,4236.538574,4247.820313,4248.333496,4241.922852,4249.102539,2
1668946357.917367,237.0,4235.128418,4244.358887,4239.102539,4231.538574,4235.256348,4240.0,4230.641113,4243.589844,4238.846191,4236.922852,4246.666504,4250.897461,4244.230957,4247.820313,2
1668946357.921268,238.0,4240.641113,4250.512695,4240.384766,4237.179688,4240.769043,4242.307617,4231.922852,4248.077148,4242.307617,4242.94873,4248.077148,4257.179688,4249.743652,4251.666504,2
1668946357.925169,239.0,4246.666504,4258.717773,4243.205078,4243.717773,4246.794922,4246.538574,4233.461426,4249.102539,4249.358887,4251.666504,4249.743652,4265.512695,4257.307617,4259.615234,2
1668946357.929071,240.0,4250.769043,4264.487305,4246.410156,4248.077148,4250.256348,4251.410156,4235.128418,4246.538574,4255.641113,4257.820313,4250.256348,4271.282227,4263.333496,4267.436035,2
1668946357.932972,241.0,4250.641113,4263.846191,4248.461426,4248.589844,4249.230957,4253.974121,4236.538574,4243.589844,4257.05127,4257.692383,4248.846191,4270.384766,4264.102539,4270.128418,2
1668946357.936873,242.0,4246.025879,4256.025879,4249.102539,4245.641113,4244.871582,4252.179688,4237.179688,4243.461426,4252.307617,4251.666504,4246.025879,4262.05127,4258.589844,4265.128418,2
1668946357.940775,243.0,4239.487305,4244.358887,4248.461426,4241.025879,4239.102539,4246.282227,4236.666504,4246.410156,4244.615234,4243.974121,4242.94873,4249.743652,4249.743652,4255.384766,2
1668946357.944676,244.0,4234.230957,4235.0,4247.307617,4236.922852,4234.358887,4239.230957,4235.256348,4249.358887,4239.102539,4238.846191,4241.025879,4239.102539,4242.436035,4246.538574,2
1668946357.948578,245.0,4232.436035,4231.410156,4246.666504,4234.871582,4232.307617,4234.487305,4233.717773,4249.487305,4238.077148,4237.307617,4241.794922,4233.974121,4239.615234,4242.820313,2
1668946357.952479,246.0,4233.717773,4233.589844,4247.05127,4235.384766,4232.94873,4234.102539,4233.077148,4246.282227,4240.256348,4237.307617,4245.128418,4234.230957,4240.897461,4244.230957,2
1668946357.95638,247.0,4235.641113,4237.563965,4248.205078,4237.436035,4235.256348,4236.794922,4233.461426,4242.692383,4241.666504,4236.666504,4248.846191,4236.282227,4242.820313,4246.922852,2
1668946357.960282,248.0,4236.282227,4239.230957,4248.974121,4238.846191,4237.820313,4240.256348,4234.230957,4241.282227,4239.487305,4234.230957,4249.358887,4236.538574,4242.307617,4246.922852,2
1668946357.964183,249.0,4235.512695,4237.179688,4248.846191,4238.205078,4239.230957,4241.922852,4234.615234,4242.307617,4233.974121,4230.256348,4243.846191,4233.974121,4238.589844,4242.692383,2
1668946357.968084,250.0,4234.230957,4233.205078,4247.692383,4235.512695,4238.589844,4241.410156,4233.974121,4243.333496,4227.563965,4225.0,4233.461426,4230.128418,4233.846191,4235.897461,2
1668946357.971986,251.0,4233.077148,4230.128418,4246.282227,4232.563965,4236.282227,4239.743652,4232.692383,4243.077148,4222.94873,4219.358887,4222.179688,4227.563965,4230.0,4230.0,2
1668946357.975887,252.0,4232.307617,4229.230957,4245.0,4231.282227,4233.717773,4238.205078,4231.666504,4241.922852,4222.179688,4215.256348,4215.128418,4226.922852,4228.589844,4227.307617,2
1668946357.979789,253.0,4231.538574,4230.0,4244.358887,4232.563965,4232.563965,4236.922852,4231.025879,4241.410156,4225.128418,4214.871582,4215.384766,4227.692383,4228.974121,4228.846191,2
1668946357.98369,254.0,4230.769043,4231.538574,4244.871582,4235.128418,4233.589844,4235.769043,4231.025879,4241.922852,4229.871582,4218.461426,4221.794922,4228.717773,4230.256348,4233.333496,2
1668946357.987591,255.0,4230.256348,4233.846191,4246.538574,4236.794922,4235.769043,4234.871582,4231.282227,4242.436035,4233.846191,4224.358887,4230.897461,4229.615234,4231.410156,4238.717773,2
1668946357.991493,0.0,4230.256348,4236.410156,4248.589844,4236.153809,4237.436035,4234.871582,4231.282227,4241.153809,4235.641113,4229.487305,4238.077148,4230.897461,4232.436035,4242.820313,2
1668946357.995394,1.0,4230.641113,4237.94873,4249.871582,4233.974121,4237.692383,4235.897461,4231.153809,4237.692383,4235.256348,4231.794922,4240.769043,4232.820313,4233.589844,4243.974121,2
1668946357.999296,2.0,4231.410156,4238.077148,4250.128418,4232.05127,4236.922852,4237.692383,4231.153809,4233.846191,4233.974121,4230.897461,4239.615234,4234.871582,4234.871582,4242.179688,2
