Timestamp,EEG.Counter,EEG.AF3,EEG.AF4,EEG.F7,EEG.F3,EEG.FC5,EEG.T7,EEG.P7,EEG.O1,EEG.O2,EEG.P8,EEG.T8,EEG.FC6,EEG.F4,EEG.F8,Label
1669029884.990993,123.0,4205.641113,4201.282227,4230.512695,4241.666504,4242.179688,4248.589844,4254.871582,4256.153809,4263.205078,4278.974121,4267.820313,4239.102539,4264.615234,4210.128418,3
1669029884.994906,124.0,4212.692383,4203.717773,4234.871582,4244.230957,4241.025879,4254.615234,4260.256348,4260.512695,4262.563965,4284.102539,4271.153809,4240.0,4271.794922,4213.974121,3
1669029884.998819,125.0,4220.0,4207.563965,4234.102539,4242.179688,4240.897461,4256.025879,4262.179688,4259.871582,4257.307617,4285.384766,4270.512695,4238.589844,4271.794922,4214.102539,3
1669029885.002731,126.0,4225.128418,4214.871582,4230.769043,4237.820313,4244.358887,4253.333496,4261.410156,4256.282227,4251.538574,4282.820313,4266.025879,4237.820313,4264.871582,4210.897461,3
1669029885.006644,127.0,4227.436035,4222.692383,4229.743652,4235.0,4251.666504,4248.974121,4259.743652,4253.846191,4248.974121,4278.717773,4259.358887,4240.256348,4256.794922,4208.461426,3
1669029885.010557,128.0,4228.846191,4225.256348,4233.974121,4236.025879,4260.0,4245.897461,4259.358887,4256.025879,4250.641113,4274.871582,4252.563965,4245.128418,4253.461426,4210.384766,3
1669029885.01447,129.0,4231.282227,4218.077148,4240.512695,4239.615234,4265.256348,4244.871582,4260.769043,4262.307617,4254.615234,4271.666504,4246.922852,4248.717773,4256.666504,4214.871582,3
1669029885.018382,130.0,4233.717773,4203.205078,4242.05127,4242.436035,4263.717773,4244.871582,4263.333496,4269.487305,4257.94873,4268.205078,4242.179688,4246.794922,4263.333496,4215.641113,3
1669029885.022295,131.0,4232.94873,4188.333496,4233.077148,4241.922852,4254.871582,4244.358887,4264.871582,4272.307617,4258.846191,4263.333496,4237.563965,4237.94873,4267.563965,4208.333496,3
1669029885.026208,132.0,4226.025879,4182.436035,4215.641113,4238.077148,4241.922852,4243.205078,4262.692383,4268.333496,4257.563965,4258.077148,4233.589844,4226.282227,4265.769043,4195.641113,3
1669029885.03012,133.0,4214.871582,4189.615234,4198.974121,4233.846191,4230.641113,4242.563965,4256.025879,4258.974121,4255.512695,4255.0,4232.307617,4219.102539,4259.743652,4186.794922,3
1669029885.034033,134.0,4205.641113,4205.384766,4192.436035,4232.692383,4225.0,4243.846191,4247.692383,4249.615234,4253.589844,4256.538574,4235.641113,4221.666504,4255.128418,4191.538574,3
1669029885.037946,135.0,4204.358887,4220.256348,4197.436035,4235.641113,4226.538574,4246.153809,4242.692383,4245.512695,4251.538574,4262.179688,4243.717773,4233.589844,4256.794922,4211.282227,3
1669029885.041859,136.0,4211.922852,4226.922852,4206.794922,4240.512695,4232.307617,4248.333496,4244.102539,4248.461426,4248.846191,4268.717773,4253.974121,4249.358887,4265.384766,4238.974121,3
1669029885.045771,137.0,4223.461426,4226.025879,4210.0,4244.230957,4237.94873,4249.230957,4251.538574,4255.641113,4246.538574,4273.205078,4263.717773,4262.94873,4277.05127,4264.230957,3
1669029885.049684,138.0,4232.436035,4225.0,4200.769043,4244.871582,4238.589844,4248.717773,4261.025879,4263.205078,4246.922852,4274.871582,4271.282227,4271.922852,4285.897461,4280.641113,3
1669029885.053597,139.0,4234.743652,4231.282227,4180.897461,4242.436035,4232.436035,4247.436035,4267.563965,4268.461426,4251.153809,4275.769043,4276.794922,4277.94873,4287.94873,4290.0,3
1669029885.05751,140.0,4231.025879,4245.512695,4158.589844,4238.333496,4221.282227,4246.025879,4268.717773,4271.282227,4257.94873,4278.333496,4281.153809,4283.846191,4283.589844,4299.102539,3
1669029885.061422,141.0,4225.641113,4262.05127,4142.563965,4234.358887,4210.128418,4245.641113,4265.641113,4273.077148,4264.871582,4283.974121,4285.641113,4291.666504,4277.563965,4314.230957,3
1669029885.065335,142.0,4222.820313,4273.974121,4136.153809,4232.179688,4203.846191,4246.666504,4262.692383,4275.256348,4270.769043,4292.307617,4291.794922,4300.641113,4275.641113,4334.743652,3
1669029885.069248,143.0,4224.230957,4278.333496,4136.025879,4231.922852,4203.717773,4247.692383,4263.846191,4278.333496,4276.794922,4300.512695,4299.358887,4308.077148,4280.128418,4353.846191,3
1669029885.073161,144.0,4227.563965,4275.128418,4135.128418,4232.563965,4206.025879,4246.794922,4269.743652,4281.410156,4283.589844,4304.615234,4305.897461,4311.025879,4288.205078,4363.461426,3
1669029885.077073,145.0,4228.461426,4266.153809,4128.974121,4232.307617,4205.897461,4242.94873,4277.05127,4283.717773,4289.487305,4302.563965,4307.692383,4308.717773,4294.358887,4360.384766,3
1669029885.080986,146.0,4225.384766,4253.333496,4119.102539,4230.256348,4201.282227,4237.436035,4280.641113,4284.743652,4290.769043,4296.282227,4303.974121,4303.077148,4295.769043,4348.846191,3
1669029885.084899,147.0,4219.871582,4239.358887,4111.282227,4228.077148,4195.641113,4233.333496,4278.589844,4285.256348,4286.794922,4291.282227,4297.820313,4298.077148,4294.743652,4337.05127,3
1669029885.088812,148.0,4215.512695,4228.077148,4109.743652,4228.461426,4193.717773,4233.205078,4272.820313,4285.384766,4281.282227,4292.05127,4294.102539,4296.538574,4295.641113,4331.794922,3
1669029885.092724,149.0,4213.205078,4222.692383,4114.102539,4232.179688,4197.820313,4236.538574,4267.436035,4284.743652,4278.974121,4298.077148,4295.256348,4298.333496,4300.384766,4333.333496,3
1669029885.096637,150.0,4211.282227,4224.487305,4119.615234,4236.922852,4205.256348,4240.256348,4264.743652,4281.282227,4280.641113,4304.102539,4299.871582,4301.153809,4306.282227,4337.436035,3
1669029885.10055,151.0,4207.436035,4232.179688,4121.666504,4239.102539,4210.512695,4240.897461,4263.974121,4273.974121,4282.94873,4304.487305,4303.974121,4302.307617,4307.179688,4338.717773,3
1669029885.104463,152.0,4201.794922,4241.538574,4117.820313,4236.410156,4209.230957,4237.820313,4262.563965,4264.871582,4281.922852,4298.333496,4304.487305,4300.384766,4299.487305,4334.871582,3
1669029885.108375,153.0,4197.94873,4248.205078,4109.871582,4230.0,4202.05127,4232.563965,4260.128418,4258.461426,4277.436035,4290.512695,4301.153809,4295.769043,4285.256348,4327.179688,3
1669029885.112288,154.0,4200.897461,4251.922852,4102.563965,4224.358887,4194.487305,4228.205078,4258.846191,4258.077148,4274.230957,4287.692383,4297.179688,4291.538574,4272.563965,4320.0,3
1669029885.116201,155.0,4211.794922,4256.922852,4101.410156,4223.974121,4192.563965,4227.307617,4260.256348,4262.820313,4278.077148,4293.589844,4296.282227,4291.282227,4269.102539,4317.820313,3
1669029885.120113,156.0,4226.794922,4267.563965,4108.205078,4230.0,4199.102539,4230.384766,4264.102539,4268.589844,4290.384766,4305.897461,4299.743652,4296.666504,4277.05127,4322.179688,3
1669029885.124026,157.0,4238.205078,4281.282227,4119.487305,4239.230957,4210.512695,4235.512695,4267.307617,4271.282227,4305.769043,4317.563965,4305.384766,4305.641113,4291.410156,4330.384766,3
1669029885.127939,158.0,4239.487305,4288.205078,4128.077148,4246.666504,4219.102539,4239.487305,4267.05127,4269.230957,4314.871582,4322.05127,4309.230957,4313.333496,4303.333496,4337.179688,3
1669029885.131852,159.0,4229.743652,4280.384766,4129.230957,4248.461426,4219.358887,4239.743652,4262.179688,4263.589844,4313.077148,4317.179688,4308.333496,4316.153809,4305.769043,4338.589844,3
1669029885.135764,160.0,4215.384766,4260.128418,4123.846191,4244.615234,4211.410156,4236.666504,4255.512695,4257.820313,4303.461426,4307.179688,4303.461426,4314.615234,4298.333496,4334.615234,3
1669029885.139677,161.0,4206.794922,4240.256348,4118.589844,4238.974121,4200.769043,4232.692383,4251.666504,4256.410156,4294.871582,4298.846191,4298.205078,4311.538574,4286.410156,4329.615234,3
1669029885.14359,162.0,4210.384766,4232.820313,4119.743652,4236.538574,4194.358887,4230.384766,4253.461426,4261.794922,4294.615234,4297.307617,4295.897461,4310.0,4277.692383,4328.077148,3
1669029885.147503,163.0,4223.461426,4239.358887,4127.820313,4238.717773,4195.512695,4230.256348,4260.128418,4271.922852,4302.179688,4302.05127,4297.05127,4310.0,4277.05127,4330.641113,3
1669029885.151415,164.0,4235.512695,4249.358887,4137.179688,4243.205078,4202.692383,4230.641113,4266.922852,4280.769043,4310.384766,4307.563965,4298.974121,4309.102539,4283.333496,4333.717773,3
1669029885.155328,165.0,4236.922852,4250.512695,4140.641113,4246.025879,4210.256348,4229.743652,4269.230957,4282.436035,4311.922852,4308.205078,4297.94873,4305.128418,4291.282227,4332.94873,3
1669029885.159241,166.0,4226.282227,4239.230957,4135.384766,4244.743652,4212.692383,4226.538574,4265.897461,4275.897461,4305.0,4301.922852,4293.205078,4298.077148,4294.743652,4326.410156,3
1669029885.163153,167.0,4211.153809,4223.461426,4125.128418,4240.384766,4208.333496,4222.820313,4260.128418,4266.538574,4294.615234,4292.307617,4287.179688,4290.769043,4291.282227,4317.179688,3
1669029885.167066,168.0,4201.538574,4216.666504,4117.563965,4236.538574,4200.641113,4221.282227,4257.307617,4262.179688,4287.94873,4285.0,4283.846191,4286.922852,4283.589844,4311.025879,3
1669029885.170979,169.0,4203.333496,4225.641113,4117.436035,4235.384766,4195.256348,4223.846191,4260.769043,4266.794922,4288.974121,4283.461426,4285.769043,4288.461426,4277.179688,4311.538574,3
1669029885.174892,170.0,4214.487305,4245.256348,4123.717773,4236.538574,4195.128418,4229.871582,4269.230957,4277.820313,4296.025879,4287.179688,4291.538574,4293.589844,4275.641113,4317.436035,3
1669029885.178804,171.0,4226.794922,4262.179688,4130.0,4237.820313,4198.846191,4236.153809,4277.692383,4287.94873,4303.077148,4292.692383,4296.794922,4297.94873,4278.077148,4323.717773,3
1669029885.182717,172.0,4231.410156,4265.0,4131.025879,4237.307617,4201.794922,4239.487305,4281.282227,4291.538574,4304.230957,4296.666504,4296.538574,4297.820313,4279.487305,4325.128418,3
1669029885.18663,173.0,4225.384766,4253.333496,4126.282227,4235.512695,4201.410156,4238.974121,4278.974121,4287.820313,4297.94873,4297.179688,4290.0,4293.333496,4276.153809,4320.128418,3
1669029885.190542,174.0,4213.589844,4237.820313,4120.128418,4233.846191,4199.487305,4237.179688,4272.94873,4280.769043,4287.94873,4295.128418,4281.153809,4287.94873,4268.717773,4311.922852,3
1669029885.194455,175.0,4203.974121,4230.512695,4117.820313,4234.102539,4200.0,4236.538574,4267.692383,4275.641113,4280.897461,4292.436035,4275.769043,4285.0,4262.179688,4305.769043,3
1669029885.198368,176.0,4201.922852,4235.256348,4120.0,4235.897461,4203.717773,4237.563965,4265.769043,4275.641113,4280.384766,4290.256348,4275.769043,4284.615234,4261.282227,4303.461426,3
1669029885.202281,177.0,4206.025879,4245.769043,4124.102539,4238.333496,4207.436035,4238.077148,4267.563965,4279.871582,4283.717773,4287.436035,4278.077148,4284.102539,4266.538574,4303.333496,3
1669029885.206193,178.0,4211.538574,4253.077148,4126.794922,4240.256348,4207.436035,4236.794922,4271.025879,4284.743652,4284.871582,4282.692383,4278.205078,4281.153809,4275.128418,4302.692383,3
1669029885.210106,179.0,4215.384766,4252.307617,4127.94873,4241.666504,4203.846191,4234.487305,4273.077148,4287.05127,4279.615234,4277.436035,4274.615234,4276.922852,4283.461426,4301.410156,3
1669029885.214019,180.0,4217.94873,4244.871582,4129.358887,4242.692383,4200.0,4233.205078,4271.922852,4285.641113,4268.717773,4274.230957,4270.0,4275.256348,4290.384766,4301.666504,3
1669029885.217932,181.0,4220.769043,4234.230957,4132.820313,4243.461426,4200.384766,4233.974121,4267.692383,4281.025879,4257.05127,4275.256348,4268.205078,4278.717773,4297.05127,4305.128418,3
1669029885.221844,182.0,4222.692383,4223.974121,4136.794922,4243.717773,4205.384766,4235.512695,4261.922852,4273.717773,4250.0,4279.230957,4270.512695,4285.512695,4303.461426,4309.743652,3
1669029885.225757,183.0,4221.794922,4219.230957,4138.205078,4243.846191,4212.563965,4235.769043,4257.05127,4265.0,4250.128418,4282.94873,4275.0,4290.512695,4307.436035,4311.666504,3
1669029885.22967,184.0,4218.077148,4224.743652,4136.153809,4244.871582,4218.333496,4234.487305,4255.769043,4257.94873,4255.897461,4284.358887,4278.846191,4290.512695,4306.666504,4309.487305,3
1669029885.233582,185.0,4215.384766,4241.153809,4132.820313,4247.436035,4220.512695,4233.717773,4258.589844,4256.282227,4263.205078,4284.230957,4280.512695,4286.410156,4300.256348,4306.025879,3
1669029885.237495,186.0,4217.307617,4260.897461,4132.307617,4250.512695,4219.743652,4234.743652,4263.461426,4260.769043,4268.077148,4285.256348,4279.743652,4282.307617,4291.410156,4305.256348,3
1669029885.241408,187.0,4222.94873,4273.205078,4136.153809,4252.563965,4218.205078,4236.794922,4266.794922,4267.692383,4269.487305,4288.461426,4278.205078,4282.179688,4284.615234,4308.205078,3
1669029885.245321,188.0,4227.820313,4271.666504,4142.179688,4252.692383,4217.436035,4238.077148,4266.153809,4271.410156,4268.974121,4292.307617,4277.05127,4286.025879,4283.589844,4312.05127,3
1669029885.249233,189.0,4228.589844,4259.615234,4145.897461,4250.769043,4216.922852,4236.666504,4262.05127,4268.333496,4269.615234,4293.717773,4276.794922,4290.512695,4288.205078,4312.307617,3
1669029885.253146,190.0,4226.025879,4246.153809,4144.615234,4248.077148,4215.0,4233.205078,4257.179688,4260.0,4271.922852,4291.282227,4277.05127,4291.538574,4294.871582,4306.794922,3
1669029885.257059,191.0,4223.589844,4239.230957,4140.256348,4245.897461,4211.025879,4229.743652,4254.230957,4251.282227,4274.871582,4286.794922,4277.436035,4288.077148,4299.230957,4298.461426,3
1669029885.260972,192.0,4223.717773,4240.897461,4137.563965,4245.897461,4205.897461,4228.717773,4254.743652,4247.307617,4276.666504,4284.487305,4278.077148,4283.717773,4299.487305,4293.077148,3
1669029885.264884,193.0,4225.641113,4247.179688,4139.743652,4248.589844,4202.563965,4230.512695,4257.820313,4250.0,4277.692383,4286.538574,4279.743652,4283.205078,4296.282227,4294.102539,3
1669029885.268797,194.0,4226.153809,4252.05127,4145.512695,4252.307617,4202.436035,4232.94873,4261.410156,4257.179688,4278.589844,4291.794922,4282.563965,4287.692383,4291.794922,4300.512695,3
1669029885.27271,195.0,4223.077148,4251.410156,4150.128418,4254.230957,4204.743652,4233.077148,4263.205078,4264.487305,4279.871582,4296.282227,4285.384766,4293.461426,4287.692383,4306.410156,3
1669029885.276622,196.0,4218.461426,4246.410156,4150.128418,4252.179688,4207.179688,4230.641113,4262.692383,4268.589844,4280.641113,4296.666504,4286.153809,4295.0,4284.487305,4306.922852,3
1669029885.280535,197.0,4217.179688,4241.538574,4146.410156,4247.436035,4209.230957,4228.589844,4261.153809,4268.333496,4280.128418,4292.05127,4284.230957,4290.512695,4282.563965,4301.922852,3
1669029885.284448,198.0,4223.077148,4240.128418,4143.717773,4243.333496,4212.436035,4230.256348,4259.871582,4265.384766,4278.333496,4285.256348,4280.769043,4283.589844,4282.05127,4296.153809,3
1669029885.288361,199.0,4234.230957,4242.563965,4147.307617,4242.563965,4218.077148,4236.025879,4259.102539,4261.794922,4276.153809,4280.128418,4277.307617,4280.128418,4282.820313,4294.743652,3
1669029885.292273,200.0,4243.717773,4246.538574,4157.94873,4245.128418,4225.0,4242.820313,4257.94873,4258.974121,4274.358887,4278.846191,4275.0,4282.94873,4283.846191,4299.230957,3
1669029885.296186,201.0,4245.0,4249.871582,4170.512695,4248.333496,4229.615234,4246.538574,4255.512695,4257.692383,4272.692383,4280.769043,4274.743652,4290.0,4283.974121,4306.538574,3
1669029885.300099,202.0,4237.436035,4251.794922,4178.205078,4249.358887,4229.487305,4245.769043,4252.820313,4257.307617,4271.282227,4283.974121,4276.794922,4296.282227,4282.05127,4311.794922,3
1669029885.304012,203.0,4226.538574,4252.692383,4177.692383,4247.94873,4224.871582,4242.563965,4252.179688,4257.307617,4270.769043,4287.179688,4281.025879,4298.461426,4278.846191,4312.692383,3
1669029885.307924,204.0,4219.102539,4252.692383,4171.666504,4245.641113,4218.974121,4240.641113,4255.128418,4257.820313,4272.05127,4290.384766,4286.282227,4296.538574,4276.025879,4309.743652,3
1669029885.311837,205.0,4217.94873,4252.179688,4166.666504,4244.102539,4215.256348,4242.307617,4260.769043,4260.0,4275.128418,4293.974121,4290.256348,4293.205078,4274.358887,4305.897461,3
1669029885.31575,206.0,4220.512695,4252.179688,4166.282227,4243.205078,4215.256348,4246.794922,4266.666504,4264.358887,4278.846191,4297.05127,4290.641113,4290.384766,4272.94873,4302.820313,3
1669029885.319662,207.0,4222.179688,4253.205078,4168.589844,4241.282227,4217.436035,4251.282227,4270.769043,4270.256348,4281.410156,4297.820313,4286.666504,4287.820313,4270.384766,4300.641113,3
1669029885.323575,208.0,4220.384766,4253.717773,4168.717773,4237.179688,4219.230957,4252.820313,4272.179688,4275.0,4281.538574,4295.256348,4279.743652,4284.358887,4266.025879,4298.077148,3
1669029885.327488,209.0,4216.538574,4250.769043,4164.102539,4231.794922,4218.974121,4250.0,4271.025879,4276.153809,4279.230957,4290.0,4272.692383,4279.615234,4260.769043,4294.230957,3
1669029885.331401,210.0,4212.820313,4242.179688,4156.922852,4227.179688,4217.436035,4244.871582,4268.205078,4273.077148,4276.538574,4284.615234,4268.077148,4274.743652,4256.410156,4289.487305,3
1669029885.335313,211.0,4210.512695,4230.0,4152.307617,4226.153809,4216.282227,4240.256348,4264.743652,4267.05127,4276.025879,4282.307617,4267.820313,4272.307617,4255.384766,4286.025879,3
1669029885.339226,212.0,4209.487305,4220.384766,4154.230957,4229.871582,4215.384766,4238.589844,4261.794922,4261.666504,4279.743652,4284.487305,4272.05127,4274.487305,4258.717773,4287.05127,3
1669029885.343139,213.0,4210.0,4220.128418,4162.692383,4237.05127,4214.102539,4240.256348,4260.512695,4260.128418,4286.538574,4290.512695,4278.974121,4281.025879,4266.153809,4293.589844,3
1669029885.347052,214.0,4213.205078,4230.769043,4173.846191,4245.384766,4212.563965,4243.846191,4261.538574,4263.589844,4293.205078,4297.94873,4285.641113,4290.256348,4276.410156,4303.717773,3
1669029885.350964,215.0,4220.256348,4247.94873,4182.94873,4252.307617,4212.563965,4247.436035,4264.358887,4269.487305,4296.410156,4303.974121,4290.384766,4298.974121,4287.307617,4313.077148,3
1669029885.354877,216.0,4229.615234,4262.820313,4187.05127,4256.922852,4216.282227,4250.0,4267.179688,4273.205078,4295.769043,4306.153809,4292.307617,4303.461426,4296.153809,4317.563965,3
1669029885.35879,217.0,4236.922852,4267.563965,4186.025879,4259.743652,4223.205078,4250.384766,4267.563965,4271.410156,4292.94873,4303.717773,4291.153809,4301.922852,4300.0,4315.256348,3
1669029885.362702,218.0,4238.846191,4260.769043,4182.307617,4261.025879,4230.512695,4248.461426,4265.0,4264.358887,4290.256348,4298.589844,4287.692383,4295.641113,4298.333496,4308.333496,3
1669029885.366615,219.0,4236.025879,4249.102539,4180.0,4260.641113,4235.256348,4246.025879,4260.897461,4255.897461,4288.333496,4293.846191,4283.717773,4289.102539,4293.846191,4301.666504,3
1669029885.370528,220.0,4232.179688,4242.94873,4181.410156,4259.102539,4236.410156,4245.256348,4257.307617,4249.615234,4286.282227,4291.538574,4281.794922,4287.436035,4290.769043,4299.871582,3
1669029885.374441,221.0,4231.025879,4248.589844,4185.128418,4257.179688,4235.128418,4247.05127,4255.641113,4246.282227,4283.077148,4291.282227,4282.563965,4291.538574,4291.025879,4302.820313,3
1669029885.378353,222.0,4233.333496,4262.94873,4187.94873,4255.897461,4233.205078,4249.615234,4255.897461,4245.512695,4279.871582,4291.410156,4283.717773,4297.307617,4293.333496,4306.282227,3
1669029885.382266,223.0,4236.922852,4275.769043,4186.538574,4255.641113,4231.025879,4250.128418,4257.563965,4247.692383,4279.871582,4290.384766,4281.794922,4298.974121,4294.487305,4305.897461,3
1669029885.386179,224.0,4239.230957,4276.794922,4180.897461,4256.410156,4228.077148,4246.410156,4260.512695,4254.102539,4284.615234,4287.94873,4275.0,4293.205078,4292.05127,4300.512695,3
1669029885.390092,225.0,4238.589844,4263.077148,4174.102539,4257.436035,4224.487305,4239.743652,4263.589844,4264.230957,4291.538574,4285.0,4265.512695,4282.563965,4286.410156,4292.436035,3
1669029885.394004,226.0,4235.384766,4242.05127,4169.487305,4257.94873,4220.897461,4233.589844,4265.512695,4273.077148,4294.487305,4282.307617,4258.333496,4272.94873,4280.128418,4286.282227,3
1669029885.397917,227.0,4232.179688,4228.077148,4168.974121,4258.205078,4218.589844,4231.282227,4265.256348,4275.384766,4288.589844,4280.384766,4257.563965,4269.615234,4277.05127,4285.384766,3
1669029885.40183,228.0,4231.538574,4232.436035,4172.05127,4259.102539,4217.692383,4233.846191,4262.436035,4269.102539,4274.358887,4278.846191,4264.487305,4273.846191,4278.589844,4289.871582,3
1669029885.405743,229.0,4233.589844,4253.717773,4176.410156,4260.641113,4217.436035,4239.615234,4258.717773,4258.846191,4259.230957,4278.333496,4275.384766,4283.077148,4282.820313,4296.666504,3
1669029885.409655,230.0,4236.538574,4276.538574,4179.871582,4262.179688,4217.307617,4245.512695,4256.025879,4251.666504,4252.179688,4280.128418,4285.128418,4292.94873,4286.410156,4302.179688,3
1669029885.413568,231.0,4237.692383,4282.692383,4181.922852,4262.436035,4217.692383,4248.846191,4255.769043,4251.666504,4257.563965,4285.384766,4290.384766,4299.358887,4287.94873,4305.0,3
1669029885.417481,232.0,4236.153809,4265.641113,4183.717773,4261.025879,4219.615234,4248.846191,4257.820313,4257.563965,4271.666504,4292.692383,4290.897461,4300.641113,4287.94873,4305.769043,3
1669029885.421394,233.0,4231.666504,4236.025879,4185.897461,4258.333496,4222.692383,4246.794922,4260.128418,4263.333496,4284.358887,4298.333496,4288.974121,4298.077148,4287.820313,4306.153809,3
1669029885.425306,234.0,4225.0,4213.717773,4187.307617,4255.256348,4224.871582,4245.128418,4260.256348,4263.077148,4286.538574,4298.461426,4286.410156,4293.974121,4287.563965,4305.897461,3
1669029885.429219,235.0,4217.179688,4211.922852,4185.512695,4252.436035,4223.205078,4245.0,4256.666504,4255.0,4277.307617,4293.205078,4284.615234,4290.641113,4286.153809,4304.102539,3
1669029885.433132,236.0,4211.025879,4229.871582,4180.897461,4251.282227,4218.077148,4246.410156,4250.256348,4243.461426,4264.230957,4287.436035,4284.871582,4289.358887,4283.589844,4300.641113,3
1669029885.437045,237.0,4209.743652,4255.0,4176.794922,4253.077148,4213.333496,4247.820313,4244.743652,4236.410156,4257.563965,4287.94873,4288.974121,4291.153809,4282.05127,4297.94873,3
1669029885.440957,238.0,4215.897461,4273.717773,4177.692383,4257.820313,4214.230957,4248.846191,4243.205078,4238.846191,4261.666504,4296.538574,4297.05127,4295.641113,4284.358887,4298.974121,3
1669029885.44487,239.0,4227.820313,4278.205078,4183.846191,4263.077148,4221.282227,4248.846191,4245.641113,4247.94873,4271.410156,4306.666504,4305.256348,4299.487305,4289.743652,4303.333496,3
1669029885.448783,240.0,4240.0,4269.102539,4190.0,4265.384766,4230.0,4247.563965,4248.974121,4255.256348,4277.307617,4308.205078,4307.179688,4298.333496,4294.102539,4306.666504,3
1669029885.452695,241.0,4246.666504,4253.846191,4191.410156,4263.077148,4234.615234,4245.384766,4251.538574,4255.641113,4273.333496,4297.05127,4299.615234,4290.769043,4293.205078,4305.0,3
1669029885.456608,242.0,4246.538574,4243.205078,4188.589844,4257.692383,4234.230957,4244.487305,4253.717773,4251.538574,4262.692383,4279.358887,4286.025879,4281.153809,4287.563965,4298.974121,3
1669029885.460521,243.0,4241.794922,4244.102539,4186.282227,4252.94873,4232.436035,4246.794922,4257.436035,4249.358887,4253.717773,4265.384766,4274.743652,4277.179688,4281.538574,4293.333496,3
1669029885.464434,244.0,4236.025879,4254.358887,4187.820313,4250.897461,4232.692383,4251.025879,4261.922852,4252.436035,4253.077148,4261.666504,4270.641113,4281.410156,4278.589844,4291.538574,3
1669029885.468346,245.0,4231.153809,4264.230957,4191.922852,4250.897461,4233.717773,4253.846191,4263.974121,4258.205078,4260.0,4266.410156,4271.922852,4288.974121,4277.94873,4292.436035,3
1669029885.472259,246.0,4228.461426,4264.871582,4193.974121,4250.256348,4231.794922,4252.307617,4261.153809,4262.05127,4267.820313,4273.333496,4272.94873,4291.794922,4276.922852,4291.794922,3
1669029885.476172,247.0,4228.205078,4254.871582,4191.282227,4247.307617,4225.384766,4247.05127,4255.256348,4261.538574,4270.256348,4276.794922,4270.641113,4286.153809,4274.230957,4287.94873,3
1669029885.480085,248.0,4228.589844,4240.256348,4185.128418,4243.205078,4217.307617,4241.538574,4251.025879,4258.333496,4266.794922,4276.153809,4266.538574,4275.128418,4270.897461,4282.563965,3
1669029885.483997,249.0,4226.666504,4229.487305,4179.230957,4240.384766,4213.077148,4238.589844,4251.922852,4255.641113,4262.692383,4274.487305,4264.358887,4265.641113,4269.230957,4279.102539,3
1669029885.48791,250.0,4220.641113,4227.05127,4176.794922,4241.153809,4215.384766,4239.230957,4257.692383,4256.282227,4264.358887,4274.743652,4265.769043,4262.179688,4270.128418,4279.230957,3
1669029885.491823,251.0,4211.282227,4231.282227,4178.205078,4245.128418,4222.05127,4241.794922,4264.487305,4259.743652,4272.692383,4277.563965,4269.358887,4264.358887,4272.692383,4281.025879,3
1669029885.495735,252.0,4202.307617,4236.538574,4181.666504,4249.358887,4227.94873,4243.589844,4268.077148,4263.846191,4282.436035,4280.512695,4271.666504,4268.077148,4274.615234,4280.897461,3
1669029885.499648,253.0,4198.461426,4237.436035,4185.256348,4251.025879,4228.974121,4243.589844,4266.922852,4265.384766,4286.666504,4282.05127,4271.794922,4269.358887,4274.358887,4277.05127,3
1669029885.503561,254.0,4203.077148,4233.077148,4188.589844,4249.871582,4225.897461,4242.307617,4262.692383,4263.461426,4282.820313,4282.692383,4272.307617,4268.077148,4273.205078,4272.179688,3
1669029885.507474,255.0,4216.025879,4227.307617,4192.307617,4247.563965,4222.94873,4242.05127,4258.846191,4259.871582,4275.769043,4285.256348,4276.538574,4267.05127,4273.589844,4271.153809,3
1669029885.511386,0.0,4231.410156,4226.410156,4196.282227,4245.769043,4224.102539,4243.717773,4257.820313,4258.077148,4272.692383,4291.025879,4284.743652,4269.487305,4276.410156,4276.410156,3
1669029885.515299,1.0,4241.282227,4233.205078,4198.974121,4244.743652,4229.102539,4246.922852,4259.487305,4260.0,4276.922852,4297.563965,4292.94873,4275.0,4278.461426,4285.256348,3
1669029885.519212,2.0,4240.384766,4244.615234,4198.205078,4243.846191,4234.487305,4249.871582,4262.05127,4263.717773,4284.615234,4300.641113,4295.769043,4279.871582,4275.897461,4291.922852,3
1669029885.523125,3.0,4230.512695,4253.846191,4193.974121,4243.205078,4236.410156,4251.153809,4263.205078,4265.384766,4288.589844,4297.94873,4291.282227,4280.384766,4267.692383,4291.410156,3
1669029885.527037,4.0,4219.102539,4255.769043,4189.358887,4243.077148,4233.846191,4250.128418,4262.692383,4263.589844,4285.384766,4291.282227,4282.820313,4276.666504,4258.461426,4284.358887,3
1669029885.53095,5.0,4214.102539,4251.153809,4188.077148,4244.615234,4229.487305,4247.94873,4261.794922,4261.025879,4277.94873,4285.384766,4276.794922,4273.077148,4254.358887,4276.666504,3
1669029885.534863,6.0,4219.102539,4245.769043,4191.794922,4247.563965,4227.179688,4246.794922,4262.179688,4261.666504,4273.333496,4283.846191,4277.307617,4273.846191,4258.846191,4274.871582,3
1669029885.538775,7.0,4231.153809,4244.743652,4198.461426,4250.641113,4229.358887,4248.846191,4263.974121,4266.410156,4275.256348,4286.025879,4283.333496,4279.102539,4269.230957,4280.769043,3
1669029885.542688,8.0,4243.333496,4248.974121,4204.487305,4252.179688,4234.615234,4253.974121,4265.897461,4271.794922,4280.512695,4287.692383,4289.743652,4284.487305,4278.974121,4290.384766,3
1669029885.546601,9.0,4248.333496,4256.025879,4207.179688,4251.922852,4238.846191,4260.0,4266.538574,4273.717773,4281.538574,4285.256348,4291.666504,4284.871582,4283.077148,4297.179688,3
1669029885.550514,10.0,4242.436035,4261.794922,4205.384766,4250.256348,4237.94873,4263.205078,4265.897461,4270.769043,4274.487305,4278.589844,4288.333496,4278.717773,4281.538574,4296.282227,3
1669029885.554426,11.0,4227.436035,4262.05127,4198.717773,4248.077148,4230.384766,4260.641113,4264.615234,4265.641113,4264.102539,4271.538574,4282.307617,4268.846191,4277.563965,4287.436035,3
1669029885.558339,12.0,4209.487305,4253.717773,4188.589844,4246.410156,4218.846191,4252.307617,4263.461426,4262.820313,4259.358887,4269.230957,4277.563965,4261.025879,4274.743652,4274.871582,3
1669029885.562252,13.0,4196.666504,4238.461426,4179.358887,4246.025879,4210.0,4241.922852,4263.333496,4265.0,4265.641113,4275.128418,4276.922852,4259.743652,4274.615234,4265.256348,3
1669029885.566165,14.0,4195.0,4224.102539,4177.179688,4247.179688,4210.769043,4235.256348,4264.102539,4270.128418,4278.717773,4287.05127,4280.769043,4265.512695,4276.666504,4264.102539,3
1669029885.570077,15.0,4205.512695,4220.897461,4186.025879,4248.589844,4222.179688,4235.641113,4264.230957,4272.94873,4288.077148,4297.692383,4286.025879,4274.230957,4278.461426,4272.307617,3
1669029885.57399,16.0,4223.461426,4234.230957,4204.102539,4249.230957,4237.563965,4241.922852,4262.436035,4268.717773,4285.256348,4298.974121,4288.461426,4279.358887,4278.333496,4285.512695,3
1669029885.577903,17.0,4242.05127,4259.230957,4224.230957,4249.358887,4247.820313,4249.230957,4259.615234,4259.102539,4271.025879,4288.717773,4284.871582,4277.94873,4276.922852,4297.05127,3
1669029885.581815,18.0,4256.282227,4283.589844,4238.461426,4250.641113,4248.589844,4253.589844,4258.077148,4251.025879,4255.256348,4271.794922,4275.897461,4272.179688,4276.794922,4301.922852,3
1669029885.585728,19.0,4263.846191,4295.128418,4242.692383,4253.974121,4242.179688,4253.846191,4259.230957,4250.128418,4247.307617,4256.666504,4264.871582,4266.794922,4280.128418,4298.589844,3
1669029885.589641,20.0,4265.512695,4290.641113,4238.205078,4258.846191,4235.0,4250.512695,4261.153809,4255.512695,4249.358887,4249.871582,4255.769043,4265.384766,4286.410156,4290.384766,3
1669029885.593554,21.0,4263.846191,4276.666504,4230.897461,4262.692383,4232.820313,4245.512695,4261.153809,4261.410156,4255.897461,4252.05127,4251.282227,4267.692383,4292.179688,4282.820313,3
1669029885.597466,22.0,4261.922852,4264.615234,4226.025879,4262.820313,4236.410156,4241.025879,4258.077148,4262.692383,4259.615234,4258.333496,4251.410156,4270.769043,4293.333496,4280.128418,3
1669029885.601379,23.0,4261.282227,4262.94873,4225.128418,4258.974121,4242.179688,4237.820313,4254.230957,4259.358887,4258.205078,4262.820313,4254.230957,4272.436035,4288.205078,4282.05127,3
1669029885.605292,24.0,4261.410156,4272.436035,4225.769043,4253.461426,4245.384766,4235.641113,4252.307617,4255.0,4255.0,4262.563965,4257.307617,4272.179688,4279.871582,4285.512695,3
1669029885.609205,25.0,4261.153809,4287.179688,4224.487305,4249.487305,4243.846191,4233.717773,4253.077148,4252.820313,4254.615234,4259.743652,4259.102539,4271.794922,4272.692383,4287.179688,3
1669029885.613117,26.0,4259.615234,4299.487305,4220.0,4248.717773,4239.230957,4231.282227,4254.487305,4253.077148,4259.487305,4258.717773,4258.846191,4272.563965,4270.512695,4285.769043,3
1669029885.61703,27.0,4256.794922,4305.0,4214.871582,4250.0,4234.487305,4228.974121,4253.974121,4253.846191,4267.436035,4261.666504,4256.794922,4273.974121,4273.077148,4282.307617,3
1669029885.620943,28.0,4252.94873,4304.487305,4212.05127,4251.922852,4232.436035,4227.179688,4251.025879,4253.974121,4274.615234,4267.05127,4254.358887,4273.589844,4277.179688,4278.205078,3
1669029885.624855,29.0,4249.615234,4302.05127,4212.179688,4253.333496,4233.333496,4226.282227,4248.589844,4254.102539,4277.692383,4271.538574,4253.461426,4270.256348,4279.358887,4274.743652,3
1669029885.628768,30.0,4248.589844,4299.871582,4213.205078,4254.230957,4235.512695,4226.666504,4250.0,4256.282227,4276.922852,4273.333496,4256.025879,4265.0,4279.102539,4272.820313,3
1669029885.632681,31.0,4250.897461,4296.025879,4212.94873,4254.743652,4236.794922,4228.589844,4255.897461,4260.769043,4275.0,4272.179688,4261.153809,4261.025879,4277.820313,4272.436035,3
1669029885.636594,32.0,4255.384766,4287.05127,4210.897461,4255.256348,4236.282227,4231.153809,4262.692383,4265.641113,4274.102539,4269.230957,4266.153809,4260.512695,4277.307617,4272.179688,3
1669029885.640506,33.0,4257.94873,4271.922852,4208.846191,4255.641113,4233.846191,4233.077148,4265.512695,4267.820313,4275.0,4266.153809,4267.563965,4263.333496,4277.94873,4270.769043,3
1669029885.644419,34.0,4256.153809,4255.128418,4208.205078,4255.512695,4230.0,4233.077148,4262.563965,4265.641113,4276.410156,4264.358887,4264.487305,4266.025879,4278.846191,4267.307617,3
1669029885.648332,35.0,4250.128418,4244.487305,4209.230957,4255.0,4226.153809,4231.153809,4255.897461,4260.0,4276.153809,4263.717773,4259.487305,4265.128418,4278.974121,4262.563965,3
1669029885.652245,36.0,4243.589844,4245.897461,4210.128418,4255.384766,4224.358887,4228.589844,4249.871582,4253.333496,4272.05127,4263.461426,4256.153809,4261.025879,4278.589844,4258.589844,3
1669029885.656157,37.0,4240.256348,4259.102539,4209.615234,4257.179688,4227.05127,4227.692383,4247.05127,4247.563965,4264.230957,4262.820313,4256.538574,4257.307617,4279.230957,4257.94873,3
1669029885.66007,38.0,4242.179688,4276.282227,4208.205078,4259.487305,4233.846191,4228.846191,4247.179688,4243.974121,4256.922852,4262.436035,4260.512695,4258.461426,4281.538574,4260.897461,3
1669029885.663983,39.0,4247.307617,4286.666504,4207.179688,4260.769043,4240.769043,4230.256348,4248.205078,4243.205078,4254.743652,4263.974121,4265.128418,4264.615234,4284.102539,4265.897461,3
1669029885.667895,40.0,4251.410156,4283.589844,4206.410156,4259.871582,4242.05127,4229.743652,4248.974121,4246.153809,4260.256348,4267.563965,4267.307617,4271.922852,4284.230957,4269.743652,3
1669029885.671808,41.0,4250.256348,4268.717773,4204.871582,4256.666504,4235.384766,4226.282227,4250.641113,4253.205078,4271.025879,4271.922852,4265.641113,4275.641113,4280.512695,4269.615234,3
1669029885.675721,42.0,4242.436035,4251.794922,4201.282227,4252.692383,4223.333496,4221.666504,4253.846191,4262.179688,4281.025879,4274.871582,4261.538574,4273.205078,4273.974121,4265.384766,3
1669029885.679634,43.0,4231.153809,4242.692383,4196.153809,4249.102539,4212.692383,4217.820313,4256.538574,4267.436035,4284.615234,4275.128418,4257.563965,4265.769043,4267.692383,4259.358887,3
1669029885.683546,44.0,4222.820313,4245.128418,4192.179688,4246.666504,4209.358887,4217.05127,4255.897461,4264.102539,4280.0,4273.589844,4256.025879,4257.436035,4264.102539,4254.871582,3
1669029885.687459,45.0,4222.820313,4255.256348,4193.589844,4245.897461,4215.384766,4220.128418,4251.922852,4253.205078,4271.794922,4272.692383,4257.94873,4253.589844,4264.487305,4254.487305,3
1669029885.691372,46.0,4231.922852,4264.871582,4202.307617,4246.922852,4227.94873,4226.282227,4248.846191,4242.563965,4266.794922,4273.333496,4262.94873,4256.666504,4268.589844,4258.717773,3
1669029885.695284,47.0,4244.743652,4267.436035,4215.512695,4249.743652,4241.025879,4232.692383,4251.025879,4240.641113,4268.589844,4274.743652,4268.461426,4264.487305,4274.230957,4264.615234,3
1669029885.699197,48.0,4253.077148,4261.666504,4226.153809,4252.94873,4249.102539,4236.538574,4258.205078,4248.717773,4274.230957,4274.487305,4270.897461,4270.641113,4277.94873,4268.077148,3
1669029885.70311,49.0,4251.666504,4251.538574,4227.94873,4254.358887,4249.230957,4236.153809,4264.871582,4258.589844,4275.897461,4271.025879,4267.563965,4269.230957,4277.179688,4265.769043,3
1669029885.707023,50.0,4242.436035,4243.589844,4221.153809,4252.692383,4242.05127,4232.94873,4265.128418,4260.384766,4268.589844,4264.230957,4258.461426,4259.743652,4272.563965,4257.94873,3
1669029885.710935,51.0,4232.05127,4241.538574,4211.922852,4248.974121,4231.538574,4229.871582,4257.307617,4250.128418,4253.974121,4256.153809,4247.179688,4247.563965,4267.179688,4247.94873,3
1669029885.714848,52.0,4227.179688,4244.487305,4207.436035,4245.512695,4222.820313,4229.358887,4244.871582,4232.692383,4238.974121,4250.0,4238.205078,4241.025879,4263.589844,4240.769043,3
1669029885.718761,53.0,4229.615234,4248.717773,4210.512695,4243.974121,4219.358887,4231.282227,4233.974121,4217.436035,4229.743652,4247.307617,4233.717773,4243.846191,4262.179688,4240.384766,3
1669029885.722674,54.0,4236.153809,4250.769043,4217.179688,4244.743652,4221.025879,4232.94873,4228.717773,4212.179688,4227.307617,4246.922852,4232.820313,4252.94873,4261.666504,4246.794922,3
1669029885.726586,55.0,4241.794922,4250.641113,4221.282227,4246.538574,4225.256348,4231.922852,4229.615234,4217.563965,4228.205078,4245.641113,4232.436035,4260.384766,4261.410156,4255.512695,3
1669029885.730499,56.0,4243.717773,4249.871582,4220.128418,4247.94873,4229.487305,4228.333496,4233.589844,4226.922852,4227.94873,4241.794922,4231.025879,4260.128418,4262.05127,4260.897461,3
1669029885.734412,57.0,4243.077148,4250.641113,4216.410156,4248.077148,4232.436035,4224.615234,4237.05127,4232.692383,4225.384766,4237.179688,4229.487305,4252.820313,4265.0,4260.256348,3
1669029885.738325,58.0,4243.461426,4253.589844,4215.128418,4247.436035,4234.487305,4223.205078,4238.461426,4231.794922,4222.05127,4235.769043,4230.384766,4244.487305,4270.512695,4256.538574,3
1669029885.742237,59.0,4247.436035,4258.846191,4218.589844,4247.563965,4236.410156,4224.871582,4239.230957,4227.820313,4221.282227,4239.358887,4235.384766,4241.410156,4277.179688,4254.230957,3
1669029885.74615,60.0,4254.230957,4266.025879,4224.615234,4249.615234,4239.230957,4227.692383,4241.410156,4226.794922,4224.871582,4246.794922,4242.820313,4245.641113,4282.307617,4256.025879,3
1669029885.750063,61.0,4260.512695,4274.615234,4229.487305,4253.077148,4243.589844,4230.384766,4245.256348,4231.282227,4232.179688,4255.256348,4250.0,4254.615234,4283.717773,4261.666504,3
1669029885.753976,62.0,4263.205078,4283.461426,4231.410156,4255.769043,4248.589844,4232.692383,4249.487305,4239.230957,4241.538574,4262.179688,4254.487305,4263.333496,4281.282227,4268.589844,3
1669029885.757888,63.0,4262.563965,4290.256348,4231.410156,4256.025879,4252.05127,4235.641113,4252.05127,4245.897461,4250.128418,4266.153809,4256.282227,4268.589844,4277.05127,4274.102539,3
1669029885.761801,64.0,4262.05127,4291.922852,4232.05127,4254.615234,4252.436035,4239.487305,4252.563965,4249.102539,4256.282227,4267.436035,4257.307617,4270.769043,4274.487305,4276.153809,3
1669029885.765714,65.0,4265.897461,4287.563965,4235.256348,4254.358887,4250.384766,4243.461426,4252.307617,4250.0,4260.769043,4267.436035,4259.230957,4272.820313,4276.025879,4274.871582,3
1669029885.769627,66.0,4274.743652,4280.128418,4240.256348,4257.05127,4248.205078,4245.384766,4252.94873,4251.794922,4265.897461,4268.205078,4262.05127,4275.897461,4280.897461,4271.922852,3
1669029885.773539,67.0,4284.871582,4274.743652,4243.717773,4261.794922,4247.179688,4244.230957,4254.230957,4255.0,4272.05127,4270.0,4263.974121,4277.692383,4285.512695,4269.102539,3
1669029885.777452,68.0,4289.615234,4273.846191,4242.563965,4265.256348,4245.641113,4240.0,4254.743652,4257.05127,4277.436035,4271.282227,4262.94873,4274.358887,4286.922852,4265.769043,3
1669029885.781365,69.0,4284.615234,4275.0,4236.410156,4264.871582,4241.025879,4234.743652,4253.974121,4255.384766,4280.256348,4270.641113,4258.974121,4265.769043,4284.871582,4260.897461,3
1669029885.785277,70.0,4270.641113,4272.307617,4228.461426,4261.282227,4234.102539,4230.641113,4252.179688,4250.512695,4280.897461,4268.974121,4254.743652,4256.410156,4282.820313,4254.871582,3
1669029885.78919,71.0,4253.589844,4262.563965,4222.94873,4257.307617,4229.230957,4228.974121,4250.384766,4245.512695,4280.769043,4269.230957,4254.102539,4252.563965,4283.461426,4250.769043,3
1669029885.793103,72.0,4241.410156,4248.717773,4222.692383,4255.769043,4230.256348,4229.743652,4248.846191,4243.461426,4280.641113,4272.563965,4258.461426,4256.666504,4287.307617,4252.307617,3
1669029885.797016,73.0,4238.974121,4239.487305,4227.563965,4257.692383,4237.05127,4232.179688,4247.436035,4244.358887,4279.102539,4277.436035,4266.538574,4265.384766,4292.307617,4260.128418,3
1669029885.800928,74.0,4246.153809,4243.205078,4235.769043,4262.436035,4246.922852,4235.256348,4246.410156,4246.282227,4274.743652,4280.769043,4275.128418,4273.461426,4296.794922,4271.025879,3
1669029885.804841,75.0,4257.94873,4259.358887,4244.358887,4267.179688,4255.384766,4238.461426,4247.05127,4247.179688,4268.461426,4280.769043,4280.769043,4278.077148,4299.615234,4279.358887,3
1669029885.808754,76.0,4267.436035,4278.077148,4249.743652,4268.846191,4259.230957,4241.025879,4249.487305,4247.05127,4262.820313,4278.717773,4281.666504,4278.717773,4300.0,4281.410156,3
1669029885.812667,77.0,4270.128418,4288.333496,4249.230957,4265.512695,4256.794922,4241.538574,4252.563965,4247.05127,4259.871582,4277.05127,4278.333496,4277.05127,4297.179688,4277.307617,3
1669029885.816579,78.0,4267.179688,4287.436035,4242.692383,4259.230957,4250.0,4239.487305,4253.717773,4248.846191,4258.846191,4276.666504,4272.692383,4275.128418,4291.922852,4270.769043,3
1669029885.820492,79.0,4263.205078,4281.282227,4233.461426,4253.717773,4243.205078,4236.025879,4251.538574,4251.538574,4257.820313,4276.666504,4267.179688,4274.230957,4285.897461,4266.153809,3
1669029885.824405,80.0,4261.794922,4277.563965,4226.282227,4252.05127,4240.256348,4232.820313,4246.794922,4252.179688,4254.871582,4275.0,4263.205078,4274.487305,4281.410156,4265.512695,3
1669029885.828318,81.0,4262.94873,4277.05127,4223.974121,4253.717773,4241.794922,4231.410156,4241.666504,4248.205078,4250.128418,4269.871582,4261.282227,4273.974121,4279.743652,4267.05127,3
1669029885.83223,82.0,4264.743652,4273.846191,4227.179688,4256.538574,4244.615234,4231.282227,4238.461426,4240.512695,4245.128418,4261.794922,4260.769043,4270.512695,4281.025879,4267.692383,3
1669029885.836143,83.0,4265.897461,4263.333496,4234.230957,4258.717773,4245.641113,4231.922852,4238.205078,4233.461426,4242.05127,4253.077148,4260.0,4264.358887,4283.717773,4265.641113,3
1669029885.840056,84.0,4266.666504,4249.230957,4242.307617,4259.743652,4243.974121,4233.077148,4240.897461,4231.282227,4242.307617,4246.794922,4257.563965,4258.077148,4285.769043,4262.179688,3
1669029885.843968,85.0,4267.179688,4241.794922,4247.563965,4259.487305,4240.641113,4234.871582,4245.0,4235.128418,4245.384766,4244.615234,4253.461426,4254.615234,4285.256348,4260.128418,3
1669029885.847881,86.0,4266.538574,4247.692383,4246.538574,4257.820313,4236.922852,4236.794922,4248.589844,4242.307617,4249.102539,4246.153809,4249.102539,4254.487305,4281.922852,4260.897461,3
1669029885.851794,87.0,4263.461426,4263.077148,4238.846191,4255.128418,4233.974121,4237.307617,4250.769043,4248.717773,4251.153809,4248.846191,4246.025879,4256.153809,4277.820313,4262.436035,3
1669029885.855707,88.0,4258.461426,4276.410156,4228.846191,4252.179688,4233.589844,4236.153809,4251.538574,4251.282227,4250.641113,4250.0,4245.641113,4257.94873,4275.512695,4261.410156,3
1669029885.859619,89.0,4254.358887,4278.333496,4223.846191,4250.641113,4238.077148,4235.0,4251.794922,4250.384766,4249.358887,4249.102539,4247.820313,4259.615234,4276.410156,4256.666504,3
1669029885.863532,90.0,4253.846191,4269.487305,4229.487305,4251.922852,4247.563965,4235.897461,4251.922852,4248.205078,4249.615234,4247.692383,4250.512695,4261.025879,4278.974121,4250.512695,3
1669029885.867445,91.0,4257.05127,4259.487305,4245.0,4255.641113,4258.589844,4239.230957,4251.538574,4247.307617,4252.692383,4247.436035,4251.153809,4261.410156,4280.256348,4245.897461,3
1669029885.871357,92.0,4261.410156,4257.436035,4264.871582,4259.615234,4266.794922,4242.94873,4250.384766,4247.94873,4256.282227,4247.94873,4248.077148,4258.333496,4277.436035,4242.307617,3
1669029885.87527,93.0,4263.717773,4262.436035,4282.563965,4260.897461,4269.358887,4244.487305,4248.717773,4248.717773,4256.410156,4247.307617,4241.410156,4250.384766,4270.256348,4236.153809,3
1669029885.879183,94.0,4262.307617,4265.384766,4295.128418,4258.077148,4267.94873,4243.205078,4247.307617,4248.974121,4250.769043,4242.692383,4233.077148,4238.589844,4260.384766,4223.974121,3
1669029885.883096,95.0,4258.461426,4257.692383,4303.333496,4252.820313,4266.025879,4240.641113,4247.436035,4248.974121,4241.538574,4233.846191,4224.487305,4225.641113,4250.256348,4205.512695,3
1669029885.887008,96.0,4254.487305,4240.0,4310.384766,4248.205078,4266.025879,4239.358887,4248.461426,4248.974121,4234.487305,4222.94873,4216.410156,4214.358887,4241.282227,4184.358887,3
1669029885.890921,97.0,4251.282227,4221.922852,4318.333496,4246.410156,4268.333496,4240.384766,4248.846191,4247.820313,4233.846191,4214.230957,4209.615234,4206.538574,4234.358887,4166.153809,3
1669029885.894834,98.0,4248.589844,4212.820313,4327.05127,4247.563965,4271.922852,4243.077148,4247.307617,4244.743652,4238.461426,4210.897461,4204.743652,4202.179688,4230.769043,4155.256348,3
1669029885.898747,99.0,4246.025879,4212.820313,4333.974121,4250.0,4275.769043,4245.512695,4244.358887,4240.0,4242.563965,4213.846191,4202.179688,4199.743652,4231.922852,4151.794922,3
1669029885.902659,100.0,4245.512695,4213.846191,4336.410156,4251.666504,4278.461426,4246.794922,4242.05127,4235.769043,4240.0,4220.0,4202.05127,4197.05127,4237.436035,4152.05127,3
1669029885.906572,101.0,4249.487305,4209.487305,4333.461426,4252.05127,4279.230957,4247.563965,4242.563965,4234.871582,4228.461426,4224.871582,4203.589844,4194.615234,4244.358887,4152.05127,3
1669029885.910485,102.0,4257.436035,4201.922852,4327.820313,4252.05127,4277.820313,4249.230957,4246.025879,4237.563965,4211.410156,4224.743652,4204.871582,4193.461426,4248.077148,4149.871582,3
1669029885.914397,103.0,4264.487305,4198.589844,4322.94873,4252.563965,4275.128418,4251.794922,4249.230957,4240.769043,4195.769043,4219.615234,4203.846191,4193.846191,4245.769043,4146.666504,3
1669029885.91831,104.0,4265.512695,4203.717773,4321.025879,4253.461426,4272.820313,4253.461426,4249.230957,4241.153809,4189.487305,4213.205078,4200.897461,4193.461426,4238.846191,4144.230957,3
1669029885.922223,105.0,4260.128418,4213.333496,4322.563965,4253.974121,4272.436035,4252.563965,4245.128418,4237.94873,4196.794922,4210.897461,4198.205078,4189.871582,4232.692383,4143.589844,3
1669029885.926136,106.0,4253.846191,4220.769043,4326.282227,4254.358887,4274.230957,4249.615234,4239.743652,4233.205078,4215.0,4215.769043,4198.461426,4183.846191,4232.179688,4145.128418,3
1669029885.930048,107.0,4251.922852,4222.820313,4329.871582,4255.128418,4276.538574,4247.436035,4236.666504,4230.0,4234.743652,4226.025879,4202.436035,4180.0,4237.307617,4148.717773,3
1669029885.933961,108.0,4254.487305,4221.153809,4330.512695,4256.282227,4276.410156,4247.563965,4237.436035,4229.102539,4245.512695,4236.153809,4208.461426,4182.692383,4244.102539,4153.461426,3
1669029885.937874,109.0,4256.666504,4218.077148,4326.282227,4257.307617,4271.282227,4249.230957,4239.615234,4229.102539,4242.563965,4240.769043,4213.717773,4190.641113,4247.692383,4157.307617,3
1669029885.941787,110.0,4253.974121,4214.358887,4317.94873,4257.820313,4262.563965,4250.0,4239.615234,4227.94873,4229.615234,4238.717773,4215.897461,4198.589844,4246.410156,4157.820313,3
1669029885.945699,111.0,4246.538574,4211.025879,4309.487305,4257.692383,4255.256348,4248.205078,4236.153809,4225.128418,4216.282227,4232.563965,4214.230957,4201.282227,4241.794922,4154.743652,3
1669029885.949612,112.0,4238.846191,4210.641113,4306.025879,4257.05127,4255.0,4245.0,4231.794922,4222.436035,4211.025879,4227.179688,4210.641113,4198.461426,4238.205078,4150.641113,3
1669029885.953525,113.0,4237.05127,4215.256348,4309.487305,4256.666504,4262.94873,4242.820313,4231.153809,4222.307617,4216.025879,4225.384766,4207.820313,4195.0,4239.358887,4150.0,3
1669029885.957437,114.0,4243.333496,4222.436035,4317.436035,4257.307617,4275.128418,4243.589844,4236.025879,4226.025879,4227.563965,4227.307617,4207.563965,4195.769043,4245.641113,4154.230957,3
1669029885.96135,115.0,4254.102539,4226.153809,4323.461426,4259.230957,4284.230957,4246.153809,4243.717773,4232.307617,4238.589844,4230.128418,4209.358887,4200.897461,4253.205078,4160.512695,3
1669029885.965263,116.0,4263.077148,4221.025879,4322.692383,4261.282227,4285.0,4247.692383,4249.487305,4238.589844,4243.974121,4231.282227,4210.897461,4206.153809,4257.692383,4164.487305,3
1669029885.969176,117.0,4264.743652,4207.05127,4314.230957,4261.794922,4276.538574,4246.282227,4250.0,4242.563965,4243.461426,4230.512695,4210.897461,4206.794922,4257.436035,4163.461426,3
1669029885.973088,118.0,4258.333496,4191.153809,4302.563965,4259.487305,4263.333496,4242.436035,4246.153809,4244.358887,4241.922852,4229.615234,4209.871582,4202.05127,4254.871582,4158.461426,3
1669029885.977001,119.0,4247.436035,4182.94873,4293.333496,4254.743652,4251.666504,4238.333496,4241.538574,4244.615234,4244.487305,4230.512695,4208.974121,4195.897461,4253.333496,4153.077148,3
1669029885.980914,120.0,4237.436035,4187.94873,4289.871582,4249.102539,4246.922852,4236.153809,4239.358887,4243.333496,4251.666504,4233.333496,4208.461426,4193.717773,4253.589844,4150.0,3
1669029885.984827,121.0,4231.922852,4202.94873,4291.666504,4244.743652,4250.384766,4236.538574,4240.384766,4240.512695,4258.077148,4235.512695,4207.94873,4197.563965,4253.717773,4150.512695,3
1669029885.988739,122.0,4232.05127,4217.307617,4296.153809,4242.94873,4258.974121,4238.717773,4243.589844,4237.692383,4257.436035,4234.358887,4206.666504,4203.077148,4251.153809,4152.94873,3
1669029885.992652,123.0,4236.922852,4222.05127,4300.256348,4243.846191,4266.922852,4241.922852,4247.05127,4237.436035,4248.846191,4229.230957,4204.615234,4204.358887,4245.897461,4155.256348,3
1669029885.996565,124.0,4244.102539,4216.025879,4302.563965,4245.512695,4269.102539,4245.384766,4249.615234,4241.153809,4237.820313,4222.820313,4202.436035,4198.589844,4241.025879,4155.384766,3
1669029886.000477,125.0,4249.230957,4206.282227,4302.307617,4246.538574,4263.333496,4248.461426,4250.641113,4247.436035,4231.153809,4218.333496,4201.025879,4188.974121,4238.974121,4152.820313,3
1669029886.00439,126.0,4247.563965,4199.743652,4299.230957,4246.282227,4252.692383,4250.0,4249.102539,4251.153809,4231.153809,4217.563965,4199.743652,4181.538574,4239.358887,4149.102539,3
1669029886.008303,127.0,4237.94873,4198.077148,4294.487305,4245.641113,4243.461426,4248.717773,4244.743652,4248.717773,4235.128418,4220.641113,4197.820313,4180.384766,4240.512695,4146.153809,3
1669029886.012216,128.0,4225.897461,4198.589844,4290.256348,4245.384766,4242.307617,4244.871582,4239.487305,4241.666504,4239.230957,4225.897461,4196.538574,4185.641113,4240.512695,4145.641113,3
1669029886.016128,129.0,4220.0,4199.743652,4289.487305,4246.153809,4250.769043,4241.153809,4237.05127,4235.128418,4240.897461,4231.282227,4197.820313,4194.230957,4239.102539,4148.205078,3
1669029886.020041,130.0,4224.743652,4203.333496,4293.077148,4247.563965,4263.974121,4240.897461,4238.589844,4233.077148,4239.871582,4234.615234,4202.179688,4201.666504,4236.538574,4152.692383,3
1669029886.023954,131.0,4235.384766,4210.512695,4298.974121,4248.461426,4273.974121,4244.358887,4242.05127,4233.846191,4236.794922,4234.615234,4207.820313,4204.743652,4233.717773,4156.410156,3
1669029886.027867,132.0,4243.333496,4217.820313,4303.589844,4248.077148,4275.641113,4249.230957,4243.717773,4233.077148,4232.820313,4231.410156,4211.922852,4202.563965,4231.666504,4157.05127,3
1669029886.031779,133.0,4243.846191,4218.974121,4304.743652,4246.538574,4270.512695,4251.666504,4241.666504,4228.846191,4229.615234,4227.436035,4212.820313,4197.307617,4230.641113,4154.871582,3
1669029886.035692,134.0,4238.974121,4210.384766,4302.436035,4245.0,4264.102539,4250.128418,4236.666504,4223.333496,4228.333496,4225.641113,4211.025879,4193.077148,4230.897461,4152.307617,3
1669029886.039605,135.0,4233.717773,4195.512695,4298.333496,4244.358887,4260.769043,4245.512695,4231.794922,4219.871582,4228.589844,4227.692383,4209.230957,4192.94873,4231.794922,4151.666504,3
1669029886.043517,136.0,4232.179688,4183.077148,4293.974121,4244.487305,4261.025879,4241.282227,4230.256348,4220.512695,4230.0,4232.436035,4210.384766,4197.179688,4233.589844,4154.230957,3
1669029886.04743,137.0,4234.102539,4180.512695,4291.666504,4245.0,4263.205078,4240.641113,4233.333496,4224.487305,4232.692383,4237.820313,4216.282227,4203.846191,4237.436035,4158.717773,3
1669029886.051343,138.0,4237.563965,4189.743652,4292.692383,4245.512695,4265.512695,4245.0,4239.743652,4230.128418,4237.94873,4242.563965,4225.769043,4210.128418,4242.820313,4163.333496,3
1669029886.055256,139.0,4239.743652,4205.897461,4296.794922,4245.897461,4266.922852,4251.794922,4245.897461,4236.025879,4245.256348,4246.153809,4233.974121,4213.461426,4248.077148,4167.05127,3
1669029886.059168,140.0,4239.230957,4221.025879,4301.025879,4245.512695,4266.410156,4256.538574,4248.974121,4240.769043,4251.282227,4247.05127,4235.128418,4212.820313,4250.769043,4169.871582,3
1669029886.063081,141.0,4236.666504,4227.820313,4301.282227,4243.717773,4263.205078,4256.282227,4247.436035,4242.436035,4252.692383,4243.717773,4227.94873,4207.94873,4250.256348,4172.05127,3
1669029886.066994,142.0,4233.333496,4223.077148,4295.897461,4241.025879,4257.307617,4251.153809,4242.436035,4240.128418,4248.333496,4236.794922,4216.794922,4200.512695,4247.436035,4173.333496,3
1669029886.070907,143.0,4231.025879,4209.743652,4287.563965,4238.333496,4250.384766,4244.615234,4236.410156,4234.615234,4241.794922,4229.615234,4208.717773,4193.974121,4244.487305,4173.461426,3
1669029886.074819,144.0,4229.871582,4196.282227,4282.179688,4237.307617,4245.641113,4240.769043,4232.436035,4229.358887,4238.333496,4227.692383,4208.974121,4192.563965,4242.436035,4173.589844,3
1669029886.078732,145.0,4230.0,4192.307617,4284.358887,4238.717773,4245.512695,4242.179688,4232.692383,4228.589844,4241.410156,4233.589844,4217.94873,4198.077148,4242.436035,4175.384766,3
1669029886.082645,146.0,4230.769043,4202.05127,4292.692383,4241.922852,4248.974121,4247.94873,4238.077148,4234.615234,4249.230957,4245.128418,4231.025879,4207.692383,4245.512695,4179.487305,3
1669029886.086558,147.0,4231.410156,4220.769043,4300.897461,4245.641113,4252.307617,4254.487305,4246.282227,4245.128418,4255.769043,4255.641113,4241.282227,4215.512695,4251.794922,4183.846191,3
1669029886.09047,148.0,4231.666504,4238.077148,4302.307617,4247.94873,4252.563965,4257.820313,4252.563965,4253.589844,4255.641113,4258.205078,4243.461426,4217.05127,4258.974121,4185.512695,3
1669029886.094383,149.0,4232.94873,4243.846191,4296.282227,4247.94873,4250.512695,4256.538574,4253.205078,4253.846191,4248.205078,4250.897461,4236.922852,4212.307617,4263.333496,4183.333496,3
1669029886.098296,150.0,4237.436035,4235.641113,4289.230957,4246.794922,4250.384766,4253.461426,4248.205078,4245.128418,4238.974121,4238.333496,4226.282227,4205.897461,4262.692383,4179.615234,3
1669029886.102209,151.0,4246.922852,4220.769043,4290.0,4246.282227,4256.666504,4252.05127,4241.410156,4233.077148,4234.871582,4228.461426,4217.94873,4203.846191,4258.333496,4177.94873,3
1669029886.106121,152.0,4260.0,4211.794922,4302.05127,4248.077148,4268.846191,4253.589844,4238.077148,4225.897461,4238.717773,4227.05127,4216.538574,4208.461426,4253.846191,4181.282227,3
1669029886.110034,153.0,4272.179688,4216.410156,4320.256348,4251.794922,4281.538574,4256.282227,4239.615234,4227.94873,4246.410156,4233.846191,4221.538574,4217.436035,4252.563965,4188.461426,3
1669029886.113947,154.0,4278.333496,4232.179688,4333.846191,4255.641113,4288.333496,4257.820313,4243.717773,4235.897461,4250.0,4242.94873,4228.333496,4224.615234,4255.256348,4195.512695,3
1669029886.117859,155.0,4276.282227,4249.871582,4335.769043,4256.794922,4287.436035,4257.436035,4246.922852,4243.077148,4245.128418,4247.436035,4232.179688,4225.384766,4258.846191,4197.94873,3
1669029886.121772,156.0,4269.230957,4260.769043,4327.820313,4254.230957,4281.794922,4256.153809,4248.077148,4245.0,4234.743652,4243.589844,4230.256348,4220.128418,4259.615234,4194.487305,3
1669029886.125685,157.0,4263.205078,4261.922852,4317.820313,4249.230957,4276.153809,4255.256348,4248.077148,4243.589844,4226.538574,4234.358887,4223.461426,4213.461426,4255.769043,4187.563965,3
1669029886.129598,158.0,4261.922852,4255.641113,4312.94873,4244.230957,4273.461426,4255.384766,4248.333496,4243.461426,4226.282227,4225.384766,4214.871582,4210.256348,4249.358887,4181.922852,3
1669029886.13351,159.0,4263.974121,4245.256348,4314.230957,4241.538574,4273.333496,4255.769043,4248.974121,4246.794922,4233.333496,4220.512695,4208.461426,4211.410156,4245.0,4180.897461,3
1669029886.137423,160.0,4266.153809,4233.077148,4317.436035,4241.666504,4273.717773,4256.025879,4249.230957,4251.538574,4241.410156,4220.384766,4207.692383,4214.871582,4246.410156,4183.974121,3
1669029886.141336,161.0,4266.538574,4221.794922,4318.846191,4243.717773,4273.333496,4256.538574,4248.717773,4253.717773,4245.0,4223.077148,4213.717773,4217.820313,4253.846191,4188.717773,3
1669029886.145249,162.0,4265.897461,4215.512695,4318.205078,4246.538574,4272.307617,4257.692383,4248.077148,4251.794922,4242.820313,4226.410156,4224.615234,4219.615234,4262.692383,4192.692383,3
1669029886.149161,163.0,4266.025879,4218.205078,4318.333496,4248.589844,4272.436035,4259.487305,4247.820313,4247.563965,4238.205078,4229.230957,4235.641113,4220.897461,4267.692383,4195.512695,3
1669029886.153074,164.0,4268.717773,4230.0,4321.666504,4248.974121,4275.256348,4261.282227,4248.717773,4244.871582,4236.282227,4231.538574,4242.307617,4222.820313,4266.282227,4197.94873,3
1669029886.156987,165.0,4274.102539,4245.0,4327.307617,4248.077148,4280.897461,4262.563965,4250.769043,4246.153809,4239.743652,4234.487305,4243.461426,4225.512695,4261.666504,4201.410156,3
1669029886.1609,166.0,4280.641113,4255.256348,4332.05127,4246.410156,4285.897461,4262.94873,4253.205078,4250.128418,4246.666504,4237.94873,4240.384766,4228.461426,4258.461426,4205.769043,3
1669029886.164812,167.0,4284.743652,4255.641113,4332.692383,4245.0,4286.282227,4262.436035,4254.102539,4252.94873,4251.794922,4240.384766,4235.641113,4230.384766,4258.846191,4208.461426,3
1669029886.168725,168.0,4283.205078,4247.820313,4328.077148,4243.589844,4279.358887,4260.512695,4252.179688,4252.179688,4251.282227,4239.871582,4231.410156,4230.769043,4261.025879,4206.794922,3
1669029886.172638,169.0,4275.384766,4239.102539,4320.512695,4242.94873,4267.05127,4257.436035,4248.589844,4248.333496,4246.538574,4236.538574,4228.974121,4229.102539,4262.179688,4200.384766,3
1669029886.17655,170.0,4263.974121,4237.05127,4314.102539,4243.461426,4255.512695,4253.846191,4245.641113,4245.384766,4243.717773,4233.846191,4229.102539,4225.769043,4261.282227,4192.692383,3
1669029886.180463,171.0,4252.820313,4243.846191,4312.436035,4245.641113,4251.538574,4250.897461,4245.256348,4246.282227,4247.307617,4235.384766,4232.05127,4222.05127,4259.487305,4187.94873,3
1669029886.184376,172.0,4246.025879,4254.102539,4315.512695,4248.077148,4258.077148,4250.128418,4246.922852,4250.128418,4255.384766,4240.897461,4236.153809,4219.230957,4257.820313,4188.846191,3
1669029886.188289,173.0,4245.384766,4259.102539,4319.615234,4248.846191,4270.769043,4252.179688,4248.717773,4252.436035,4261.410156,4246.025879,4238.333496,4218.333496,4257.05127,4193.974121,3
1669029886.192201,174.0,4249.743652,4253.846191,4320.256348,4247.05127,4281.410156,4256.153809,4249.615234,4250.641113,4261.282227,4245.897461,4235.641113,4218.846191,4257.307617,4198.717773,3
1669029886.196114,175.0,4257.05127,4241.794922,4316.538574,4244.358887,4283.974121,4259.487305,4250.128418,4246.922852,4257.563965,4239.871582,4229.230957,4220.0,4258.717773,4199.871582,3
1669029886.200027,176.0,4264.743652,4232.179688,4310.769043,4243.205078,4278.717773,4260.256348,4251.282227,4246.794922,4256.794922,4233.077148,4223.589844,4221.153809,4260.769043,4198.461426,3
1669029886.20394,177.0,4270.0,4231.666504,4306.153809,4244.743652,4271.538574,4258.589844,4253.205078,4252.307617,4260.641113,4231.282227,4223.461426,4221.794922,4262.436035,4197.179688,3
1669029886.207852,178.0,4270.512695,4238.974121,4303.205078,4246.538574,4267.563965,4256.282227,4254.358887,4258.846191,4263.461426,4235.128418,4229.487305,4220.641113,4261.025879,4197.179688,3
1669029886.211765,179.0,4265.128418,4245.512695,4300.0,4245.128418,4267.820313,4253.974121,4253.333496,4259.230957,4257.692383,4239.615234,4236.666504,4216.666504,4254.487305,4196.538574,3
1669029886.215678,180.0,4255.256348,4241.922852,4295.128418,4239.358887,4269.102539,4251.666504,4249.871582,4251.794922,4241.794922,4238.205078,4238.077148,4210.512695,4243.974121,4192.436035,3
1669029886.21959,181.0,4244.615234,4226.025879,4290.0,4232.307617,4268.205078,4248.717773,4245.384766,4241.282227,4222.179688,4228.974121,4230.512695,4204.230957,4234.102539,4184.230957,3
1669029886.223503,182.0,4237.436035,4205.256348,4287.05127,4228.717773,4264.743652,4245.512695,4242.179688,4235.128418,4208.717773,4216.282227,4217.563965,4200.128418,4229.743652,4175.641113,3
1669029886.227416,183.0,4236.282227,4192.179688,4288.461426,4231.025879,4261.025879,4243.205078,4240.641113,4236.025879,4207.179688,4207.307617,4206.666504,4198.974121,4232.307617,4171.025879,3
1669029886.231329,184.0,4240.256348,4195.897461,4292.692383,4237.05127,4258.077148,4242.307617,4240.128418,4240.512695,4215.384766,4206.410156,4203.717773,4200.641113,4239.487305,4172.94873,3
1669029886.235241,185.0,4245.128418,4214.871582,4295.512695,4242.179688,4255.384766,4242.307617,4238.461426,4242.179688,4225.0,4211.922852,4208.461426,4204.230957,4245.769043,4180.128418,3
1669029886.239154,186.0,4246.410156,4237.179688,4293.333496,4242.563965,4252.436035,4241.666504,4234.871582,4237.692383,4227.94873,4218.717773,4216.153809,4208.333496,4247.436035,4188.077148,3
1669029886.243067,187.0,4242.05127,4249.358887,4287.05127,4238.974121,4249.871582,4239.743652,4230.769043,4229.487305,4222.179688,4222.05127,4221.666504,4211.794922,4244.102539,4192.692383,3
1669029886.24698,188.0,4235.128418,4244.358887,4281.410156,4235.256348,4249.358887,4237.94873,4228.589844,4223.077148,4213.333496,4221.410156,4222.820313,4213.846191,4239.871582,4192.307617,3
1669029886.250892,189.0,4231.025879,4226.410156,4281.666504,4235.0,4251.282227,4238.333496,4230.128418,4222.436035,4208.205078,4218.974121,4221.410156,4213.846191,4239.230957,4188.589844,3
1669029886.254805,190.0,4233.589844,4207.563965,4287.563965,4238.333496,4253.717773,4241.666504,4234.743652,4226.666504,4209.871582,4217.179688,4220.897461,4211.794922,4243.205078,4185.128418,3
1669029886.258718,191.0,4241.922852,4198.846191,4293.974121,4242.307617,4254.743652,4246.666504,4240.512695,4232.179688,4215.256348,4217.307617,4223.077148,4208.461426,4248.974121,4184.487305,3
1669029886.26263,192.0,4250.769043,4203.461426,4295.128418,4243.461426,4253.589844,4250.512695,4244.871582,4235.641113,4219.743652,4218.846191,4226.666504,4205.384766,4252.692383,4186.922852,3
1669029886.266543,193.0,4254.743652,4215.384766,4289.743652,4241.153809,4252.307617,4251.666504,4247.05127,4235.769043,4221.666504,4221.153809,4229.358887,4205.256348,4252.179688,4190.897461,3
1669029886.270456,194.0,4251.410156,4225.769043,4282.179688,4237.436035,4253.333496,4250.256348,4247.436035,4234.230957,4222.94873,4224.230957,4229.743652,4209.230957,4248.077148,4194.358887,3
1669029886.274369,195.0,4243.846191,4229.743652,4277.94873,4235.0,4257.563965,4248.205078,4247.436035,4233.717773,4225.769043,4227.307617,4228.333496,4215.512695,4242.563965,4196.025879,3
1669029886.278281,196.0,4237.820313,4227.820313,4278.974121,4234.743652,4262.563965,4247.692383,4247.05127,4235.512695,4228.846191,4228.717773,4226.410156,4221.153809,4238.077148,4195.256348,3
1669029886.282194,197.0,4237.179688,4223.333496,4282.05127,4235.897461,4265.256348,4249.487305,4246.282227,4238.205078,4230.0,4226.282227,4224.358887,4223.077148,4235.897461,4192.179688,3
1669029886.286107,198.0,4240.897461,4219.487305,4282.820313,4236.794922,4263.974121,4252.05127,4245.128418,4239.871582,4228.717773,4220.0,4222.05127,4220.384766,4236.282227,4188.333496,3
1669029886.29002,199.0,4244.230957,4217.692383,4279.871582,4236.666504,4260.384766,4253.589844,4244.358887,4239.615234,4227.307617,4212.94873,4219.743652,4215.0,4238.717773,4186.025879,3
1669029886.293932,200.0,4242.692383,4218.333496,4275.384766,4236.153809,4257.307617,4252.820313,4243.974121,4238.333496,4227.94873,4208.589844,4218.333496,4210.256348,4242.436035,4186.410156,3
1669029886.297845,201.0,4235.128418,4220.769043,4272.307617,4236.025879,4256.410156,4250.641113,4243.717773,4237.179688,4229.743652,4208.974121,4218.846191,4208.333496,4245.769043,4188.461426,3
1669029886.301758,202.0,4225.128418,4223.461426,4272.179688,4236.538574,4256.794922,4247.94873,4243.333496,4237.307617,4230.769043,4213.717773,4221.282227,4208.974121,4247.307617,4190.128418,3
1669029886.30567,203.0,4218.333496,4224.358887,4274.358887,4236.794922,4256.410156,4245.897461,4243.717773,4240.0,4231.153809,4220.769043,4224.743652,4210.0,4246.666504,4190.0,3
1669029886.309583,204.0,4218.077148,4220.897461,4277.179688,4235.641113,4254.230957,4245.256348,4246.025879,4246.282227,4232.563965,4228.205078,4227.307617,4210.0,4244.102539,4188.461426,3
1669029886.313496,205.0,4222.563965,4212.820313,4279.487305,4232.820313,4251.153809,4246.666504,4250.128418,4254.615234,4236.025879,4233.717773,4227.94873,4208.077148,4240.897461,4186.410156,3
1669029886.317409,206.0,4226.410156,4203.333496,4280.128418,4229.743652,4248.846191,4249.615234,4254.743652,4261.538574,4238.974121,4235.256348,4226.410156,4205.0,4237.307617,4184.743652,3
1669029886.321321,207.0,4225.384766,4197.05127,4279.358887,4228.846191,4248.461426,4252.692383,4257.94873,4263.846191,4237.692383,4231.410156,4223.077148,4202.179688,4233.846191,4183.717773,3
1669029886.325234,208.0,4220.512695,4197.692383,4278.077148,4231.922852,4249.871582,4254.871582,4257.94873,4260.897461,4230.384766,4223.077148,4219.102539,4201.410156,4231.794922,4183.974121,3
1669029886.329147,209.0,4217.94873,4205.641113,4277.436035,4237.820313,4252.05127,4255.897461,4254.615234,4254.615234,4219.743652,4213.974121,4216.282227,4203.974121,4232.692383,4186.025879,3
1669029886.33306,210.0,4223.461426,4217.307617,4278.333496,4242.820313,4254.102539,4256.282227,4249.743652,4248.333496,4212.179688,4208.974121,4216.410156,4208.974121,4237.05127,4190.256348,3
1669029886.336972,211.0,4236.922852,4227.563965,4280.897461,4243.846191,4255.512695,4256.794922,4245.897461,4244.871582,4213.717773,4211.538574,4220.897461,4214.358887,4243.205078,4195.641113,3
1669029886.340885,212.0,4251.666504,4232.436035,4283.974121,4240.769043,4256.666504,4258.077148,4244.871582,4244.871582,4225.128418,4220.641113,4228.974121,4217.94873,4248.461426,4200.641113,3
1669029886.344798,213.0,4259.743652,4231.282227,4286.794922,4236.794922,4257.94873,4260.384766,4246.410156,4247.436035,4240.256348,4231.922852,4237.94873,4219.358887,4250.0,4204.102539,3
1669029886.34871,214.0,4258.205078,4227.436035,4288.974121,4235.384766,4260.256348,4262.94873,4249.487305,4251.410156,4250.128418,4240.512695,4244.230957,4219.871582,4247.94873,4206.282227,3
1669029886.352623,215.0,4251.025879,4225.641113,4291.153809,4238.461426,4263.846191,4265.256348,4252.563965,4255.897461,4249.230957,4243.974121,4246.410156,4221.410156,4245.384766,4208.461426,3
1669029886.356536,216.0,4245.641113,4227.820313,4293.461426,4244.230957,4268.461426,4267.05127,4253.589844,4258.333496,4239.102539,4242.307617,4244.743652,4225.256348,4245.512695,4211.922852,3
1669029886.360449,217.0,4246.538574,4232.692383,4295.256348,4248.974121,4272.307617,4267.563965,4251.153809,4255.769043,4227.307617,4237.692383,4241.538574,4230.0,4249.102539,4215.897461,3
1669029886.364361,218.0,4251.538574,4237.563965,4294.487305,4249.871582,4272.563965,4266.282227,4246.025879,4248.461426,4222.05127,4231.922852,4238.205078,4232.436035,4253.717773,4218.077148,3
1669029886.368274,219.0,4254.615234,4240.897461,4289.871582,4246.794922,4267.692383,4262.94873,4242.05127,4241.282227,4226.282227,4227.05127,4235.512695,4229.871582,4256.410156,4216.410156,3
1669029886.372187,220.0,4251.538574,4242.820313,4282.436035,4242.179688,4260.512695,4258.846191,4242.692383,4240.769043,4237.179688,4225.0,4233.589844,4224.102539,4256.538574,4210.384766,3
1669029886.376099,221.0,4243.461426,4243.846191,4276.025879,4239.102539,4255.897461,4256.282227,4248.589844,4248.205078,4248.461426,4227.94873,4233.077148,4219.230957,4255.769043,4203.205078,3
1669029886.380012,222.0,4236.666504,4245.128418,4274.487305,4239.871582,4257.820313,4256.666504,4256.025879,4258.717773,4254.615234,4235.256348,4235.512695,4220.384766,4256.922852,4200.128418,3
1669029886.383925,223.0,4237.179688,4247.307617,4278.846191,4244.358887,4265.897461,4260.256348,4260.384766,4264.615234,4254.743652,4243.717773,4241.153809,4228.717773,4261.153809,4205.0,3
1669029886.387838,224.0,4246.282227,4250.256348,4286.794922,4250.384766,4275.128418,4265.641113,4259.487305,4262.307617,4251.666504,4249.358887,4248.461426,4240.897461,4267.820313,4216.922852,3
1669029886.39175,225.0,4259.743652,4253.077148,4294.102539,4255.256348,4280.256348,4270.256348,4255.0,4254.230957,4250.384766,4250.897461,4255.128418,4251.410156,4274.230957,4230.769043,3
1669029886.395663,226.0,4270.769043,4255.384766,4297.563965,4256.666504,4278.461426,4271.794922,4250.769043,4246.794922,4254.487305,4250.128418,4258.974121,4255.769043,4277.307617,4240.0,3
1669029886.399576,227.0,4274.230957,4256.410156,4296.794922,4253.589844,4271.538574,4269.615234,4249.487305,4244.615234,4262.94873,4250.256348,4259.102539,4253.589844,4275.384766,4240.512695,3
1669029886.403489,228.0,4269.743652,4255.641113,4293.589844,4247.436035,4263.717773,4265.0,4250.897461,4247.692383,4270.256348,4252.692383,4256.153809,4247.692383,4269.230957,4233.205078,3
1669029886.407401,229.0,4261.922852,4253.333496,4291.153809,4241.410156,4260.0,4261.282227,4252.94873,4252.179688,4271.410156,4256.666504,4252.820313,4242.563965,4262.179688,4223.717773,3
1669029886.411314,230.0,4257.692383,4251.922852,4292.05127,4239.487305,4262.94873,4261.282227,4253.846191,4253.846191,4265.512695,4260.0,4252.563965,4241.025879,4258.461426,4219.871582,3
1669029886.415227,231.0,4260.897461,4253.589844,4296.794922,4242.563965,4270.384766,4265.641113,4252.820313,4250.769043,4256.410156,4261.025879,4256.282227,4243.333496,4259.615234,4225.256348,3
1669029886.41914,232.0,4268.974121,4257.94873,4302.307617,4247.94873,4276.282227,4271.153809,4249.615234,4243.717773,4248.974121,4258.461426,4260.512695,4245.769043,4263.461426,4235.641113,3
1669029886.423052,233.0,4275.0,4260.769043,4303.717773,4251.410156,4275.0,4273.717773,4244.871582,4235.256348,4245.384766,4252.820313,4260.512695,4243.974121,4265.384766,4242.692383,3
1669029886.426965,234.0,4272.563965,4256.410156,4298.333496,4250.384766,4266.410156,4271.153809,4239.487305,4228.461426,4244.230957,4246.666504,4254.743652,4237.179688,4262.820313,4240.256348,3
1669029886.430878,235.0,4261.538574,4243.717773,4288.333496,4245.641113,4256.922852,4264.615234,4235.128418,4226.025879,4243.205078,4243.205078,4246.794922,4229.615234,4256.794922,4230.256348,3
1669029886.43479,236.0,4248.333496,4228.589844,4279.358887,4240.256348,4253.717773,4258.461426,4233.717773,4228.205078,4241.666504,4244.615234,4242.179688,4226.794922,4251.410156,4220.384766,3
1669029886.438703,237.0,4241.153809,4221.025879,4276.538574,4237.820313,4259.358887,4256.282227,4236.282227,4233.974121,4241.794922,4249.871582,4243.077148,4230.769043,4249.871582,4217.692383,3
1669029886.442616,238.0,4242.820313,4226.922852,4280.769043,4240.0,4268.974121,4258.974121,4242.692383,4241.410156,4245.512695,4255.641113,4247.307617,4238.205078,4252.563965,4222.692383,3
1669029886.446529,239.0,4250.128418,4243.333496,4288.333496,4245.128418,4275.641113,4263.333496,4249.743652,4248.205078,4252.307617,4257.94873,4250.897461,4243.974121,4257.307617,4230.128418,3
1669029886.450441,240.0,4256.538574,4259.358887,4294.230957,4249.743652,4275.897461,4265.769043,4253.589844,4251.794922,4257.820313,4256.025879,4251.025879,4244.102539,4261.153809,4233.461426,3
1669029886.454354,241.0,4258.077148,4264.871582,4295.0,4251.410156,4270.641113,4264.615234,4251.922852,4251.538574,4257.563965,4251.794922,4248.846191,4238.974121,4262.94873,4230.512695,3
1669029886.458267,242.0,4254.743652,4257.436035,4290.256348,4250.384766,4263.846191,4260.897461,4246.666504,4248.589844,4250.128418,4248.461426,4246.922852,4232.436035,4263.077148,4223.974121,3
1669029886.46218,243.0,4250.384766,4243.333496,4282.692383,4248.974121,4258.974121,4256.666504,4242.563965,4245.641113,4239.230957,4247.692383,4247.307617,4228.974121,4263.461426,4218.974121,3
1669029886.466092,244.0,4248.974121,4232.563965,4276.282227,4249.230957,4257.692383,4254.358887,4242.436035,4244.358887,4231.922852,4248.717773,4249.102539,4230.641113,4264.871582,4218.333496,3
1669029886.470005,245.0,4252.307617,4231.666504,4273.461426,4251.538574,4259.358887,4254.743652,4245.512695,4244.743652,4233.205078,4249.487305,4250.128418,4236.282227,4266.794922,4221.922852,3
1669029886.473918,246.0,4259.102539,4239.230957,4274.871582,4254.487305,4261.922852,4257.692383,4248.974121,4246.025879,4242.307617,4248.077148,4248.717773,4242.692383,4267.820313,4227.05127,3
1669029886.477831,247.0,4266.410156,4247.94873,4278.717773,4255.769043,4263.846191,4261.922852,4250.512695,4247.820313,4251.922852,4243.974121,4245.512695,4246.025879,4266.666504,4230.384766,3
1669029886.481743,248.0,4270.769043,4251.794922,4282.692383,4254.102539,4265.128418,4264.871582,4249.871582,4248.974121,4254.743652,4239.487305,4243.461426,4245.256348,4263.589844,4230.641113,3
1669029886.485656,249.0,4270.897461,4251.282227,4285.512695,4250.128418,4266.538574,4264.743652,4248.077148,4248.589844,4249.871582,4238.333496,4245.0,4242.179688,4259.743652,4229.358887,3
1669029886.489569,250.0,4267.05127,4250.769043,4286.410156,4246.282227,4268.333496,4260.897461,4246.666504,4246.538574,4243.461426,4241.794922,4249.871582,4240.0,4257.05127,4228.846191,3
1669029886.493482,251.0,4260.384766,4252.692383,4285.128418,4244.487305,4269.358887,4255.641113,4246.538574,4244.871582,4242.692383,4247.692383,4254.230957,4240.512695,4256.794922,4229.230957,3
1669029886.497394,252.0,4252.820313,4254.358887,4281.922852,4246.025879,4269.102539,4251.538574,4247.820313,4245.641113,4249.358887,4252.05127,4255.128418,4243.333496,4259.230957,4230.256348,3
1669029886.501307,253.0,4247.94873,4251.410156,4279.358887,4250.128418,4268.589844,4250.897461,4250.128418,4249.743652,4259.230957,4252.436035,4252.820313,4246.794922,4263.461426,4232.436035,3
1669029886.50522,254.0,4249.487305,4244.358887,4280.641113,4254.743652,4270.0,4253.717773,4252.05127,4255.256348,4265.897461,4249.871582,4250.897461,4249.615234,4268.333496,4236.410156,3
1669029886.509133,255.0,4257.692383,4239.102539,4286.282227,4257.307617,4274.230957,4257.692383,4252.436035,4258.461426,4266.922852,4247.307617,4251.282227,4250.384766,4272.05127,4240.256348,3
1669029886.513045,0.0,4268.205078,4241.538574,4292.820313,4257.05127,4278.589844,4259.615234,4251.153809,4257.179688,4265.512695,4246.666504,4252.820313,4248.077148,4272.563965,4239.615234,3
1669029886.516958,1.0,4274.487305,4251.410156,4294.743652,4255.512695,4279.102539,4257.94873,4249.230957,4252.692383,4266.153809,4248.077148,4252.563965,4242.307617,4269.615234,4231.538574,3
1669029886.520871,2.0,4273.077148,4262.307617,4289.487305,4254.871582,4274.615234,4253.589844,4247.563965,4247.820313,4269.358887,4249.743652,4249.743652,4236.025879,4265.512695,4218.974121,3
1669029886.524783,3.0,4265.256348,4267.05127,4279.615234,4256.282227,4267.692383,4249.102539,4246.538574,4245.256348,4270.897461,4250.0,4246.153809,4232.692383,4263.974121,4208.974121,3
1669029886.528696,4.0,4256.153809,4264.487305,4269.487305,4258.589844,4262.692383,4246.666504,4246.025879,4244.615234,4265.897461,4248.205078,4244.615234,4234.743652,4266.794922,4208.205078,3
1669029886.532609,5.0,4251.025879,4258.846191,4262.820313,4259.743652,4262.179688,4246.922852,4245.384766,4243.717773,4254.102539,4245.0,4246.282227,4241.410156,4272.563965,4217.820313,3
1669029886.536522,6.0,4251.922852,4256.410156,4260.0,4258.333496,4264.871582,4248.461426,4244.487305,4240.641113,4241.153809,4242.179688,4250.0,4249.743652,4278.077148,4233.461426,3
1669029886.540434,7.0,4257.563965,4259.487305,4259.743652,4254.615234,4268.461426,4249.358887,4243.333496,4236.153809,4234.358887,4241.153809,4253.717773,4257.179688,4280.897461,4248.846191,3
1669029886.544347,8.0,4264.358887,4265.0,4259.743652,4251.153809,4271.025879,4248.717773,4243.077148,4233.333496,4237.05127,4242.820313,4256.410156,4263.461426,4280.769043,4260.256348,3
1669029886.54826,9.0,4268.205078,4267.307617,4257.563965,4250.512695,4271.410156,4247.179688,4244.230957,4234.487305,4245.0,4246.153809,4258.846191,4270.128418,4279.743652,4268.974121,3
1669029886.552172,10.0,4267.05127,4263.461426,4251.666504,4252.436035,4268.077148,4244.871582,4246.410156,4239.230957,4250.384766,4248.589844,4262.563965,4277.307617,4278.846191,4277.94873,3
1669029886.556085,11.0,4262.436035,4256.922852,4242.563965,4254.230957,4261.025879,4241.794922,4247.436035,4244.230957,4247.94873,4248.205078,4267.307617,4282.563965,4277.692383,4288.205078,3
1669029886.559998,12.0,4258.461426,4255.384766,4233.205078,4253.461426,4252.179688,4237.820313,4245.897461,4246.538574,4241.153809,4245.897461,4271.538574,4283.461426,4275.0,4298.205078,3
1669029886.563911,13.0,4257.692383,4263.205078,4226.794922,4250.512695,4244.615234,4234.358887,4242.563965,4246.025879,4238.205078,4244.615234,4273.205078,4279.487305,4271.538574,4304.487305,3
1669029886.567823,14.0,4258.333496,4274.871582,4224.358887,4248.205078,4240.512695,4232.307617,4239.743652,4244.871582,4244.358887,4245.897461,4271.153809,4272.94873,4269.487305,4304.487305,3
1669029886.571736,15.0,4255.769043,4278.589844,4223.461426,4248.461426,4239.615234,4231.538574,4238.333496,4244.487305,4255.897461,4247.692383,4266.153809,4266.410156,4270.769043,4298.589844,3
1669029886.575649,16.0,4248.077148,4266.794922,4221.153809,4250.384766,4240.0,4230.512695,4237.692383,4243.333496,4263.077148,4247.05127,4260.128418,4261.666504,4275.128418,4289.615234,3
1669029886.579562,17.0,4238.205078,4244.102539,4216.538574,4251.410156,4239.871582,4228.846191,4236.666504,4240.0,4259.871582,4242.692383,4255.0,4258.717773,4280.512695,4281.410156,3
1669029886.583474,18.0,4232.436035,4224.102539,4210.897461,4250.512695,4238.846191,4227.436035,4235.384766,4234.743652,4248.205078,4236.922852,4252.307617,4256.922852,4284.102539,4276.025879,3
1669029886.587387,19.0,4235.512695,4219.871582,4207.307617,4248.461426,4238.205078,4227.563965,4235.128418,4230.641113,4236.794922,4233.461426,4253.077148,4255.769043,4283.717773,4273.717773,3
1669029886.5913,20.0,4246.410156,4233.974121,4207.820313,4247.307617,4239.871582,4229.871582,4236.922852,4230.769043,4233.205078,4235.256348,4257.436035,4256.410156,4279.487305,4273.717773,3
1669029886.595212,21.0,4259.102539,4257.692383,4212.94873,4248.333496,4243.717773,4234.102539,4240.769043,4235.897461,4238.717773,4241.922852,4264.743652,4260.897461,4274.230957,4275.769043,3
1669029886.599125,22.0,4266.025879,4276.153809,4220.384766,4250.256348,4247.436035,4239.358887,4245.384766,4243.205078,4248.205078,4249.615234,4271.410156,4268.205078,4271.282227,4279.487305,3
1669029886.603038,23.0,4263.077148,4278.205078,4225.897461,4251.410156,4248.333496,4243.717773,4248.846191,4248.717773,4255.0,4253.717773,4274.102539,4273.717773,4271.666504,4283.077148,3
1669029886.606951,24.0,4252.820313,4263.461426,4226.025879,4250.256348,4245.769043,4245.128418,4250.641113,4249.871582,4257.05127,4251.410156,4271.153809,4272.05127,4272.692383,4284.230957,3
1669029886.610863,25.0,4242.820313,4241.410156,4220.512695,4247.820313,4241.922852,4242.692383,4250.641113,4247.820313,4256.410156,4244.615234,4265.0,4262.563965,4271.410156,4282.307617,3
1669029886.614776,26.0,4239.102539,4225.128418,4213.077148,4245.769043,4240.128418,4238.333496,4250.256348,4246.153809,4256.538574,4237.692383,4259.615234,4251.410156,4267.94873,4278.974121,3
1669029886.618689,27.0,4242.436035,4221.282227,4208.717773,4245.256348,4241.410156,4235.384766,4250.384766,4247.179688,4258.846191,4235.256348,4258.846191,4246.025879,4264.615234,4276.538574,3
1669029886.622602,28.0,4247.820313,4227.563965,4209.615234,4246.538574,4243.589844,4236.025879,4251.153809,4250.128418,4262.436035,4239.358887,4263.333496,4250.384766,4264.230957,4276.410156,3
1669029886.626514,29.0,4250.0,4236.153809,4213.846191,4248.461426,4243.077148,4239.358887,4251.410156,4251.538574,4265.0,4247.94873,4270.769043,4261.153809,4266.794922,4278.205078,3
1669029886.630427,30.0,4247.436035,4241.666504,4217.436035,4249.615234,4238.846191,4242.05127,4250.0,4248.846191,4265.897461,4256.410156,4276.922852,4270.769043,4270.256348,4280.384766,3
1669029886.63434,31.0,4243.461426,4244.487305,4219.102539,4249.358887,4234.487305,4242.436035,4247.307617,4243.461426,4266.282227,4260.641113,4279.230957,4273.461426,4271.282227,4281.666504,3
1669029886.638252,32.0,4241.922852,4248.461426,4219.743652,4248.461426,4235.769043,4241.282227,4245.384766,4239.358887,4267.05127,4259.102539,4277.820313,4269.615234,4268.589844,4281.410156,3
1669029886.642165,33.0,4243.717773,4255.256348,4221.538574,4247.820313,4243.974121,4240.769043,4245.512695,4239.743652,4267.563965,4253.333496,4274.230957,4264.230957,4263.077148,4279.871582,3
1669029886.646078,34.0,4246.922852,4262.436035,4224.615234,4247.563965,4254.743652,4241.410156,4246.922852,4243.717773,4265.256348,4246.538574,4269.487305,4261.538574,4257.179688,4277.94873,3
1669029886.649991,35.0,4249.743652,4266.922852,4228.333496,4247.179688,4261.538574,4242.436035,4248.077148,4248.077148,4258.846191,4241.666504,4264.743652,4263.333496,4253.333496,4277.179688,3
1669029886.653903,36.0,4252.307617,4268.974121,4232.820313,4246.794922,4261.410156,4243.205078,4248.333496,4250.128418,4251.025879,4240.641113,4262.436035,4268.333496,4254.102539,4280.128418,3
1669029886.657816,37.0,4256.538574,4272.563965,4239.358887,4247.179688,4257.436035,4243.974121,4247.94873,4249.487305,4246.666504,4243.461426,4264.871582,4274.615234,4260.512695,4287.692383,3
1669029886.661729,38.0,4263.077148,4280.384766,4247.820313,4249.358887,4254.487305,4244.871582,4247.05127,4247.307617,4248.333496,4247.563965,4271.666504,4279.358887,4270.641113,4298.846191,3
1669029886.665642,39.0,4271.282227,4292.05127,4257.563965,4252.94873,4255.128418,4245.0,4244.743652,4244.358887,4252.94873,4249.358887,4278.846191,4281.025879,4280.256348,4310.384766,3
1669029886.669554,40.0,4279.615234,4304.871582,4267.563965,4256.666504,4258.461426,4243.846191,4241.025879,4240.512695,4253.589844,4247.179688,4281.538574,4280.384766,4285.769043,4319.358887,3
1669029886.673467,41.0,4287.436035,4316.410156,4278.205078,4259.358887,4262.563965,4241.922852,4237.179688,4235.897461,4245.769043,4242.05127,4277.820313,4280.0,4286.410156,4325.256348,3
1669029886.67738,42.0,4295.128418,4326.794922,4290.641113,4261.153809,4267.05127,4240.128418,4235.384766,4231.922852,4232.307617,4236.666504,4270.512695,4281.794922,4285.256348,4329.615234,3
1669029886.681292,43.0,4304.358887,4338.205078,4305.512695,4262.94873,4273.589844,4239.487305,4237.179688,4230.128418,4221.153809,4233.717773,4264.487305,4286.153809,4286.538574,4334.615234,3
1669029886.685205,44.0,4316.025879,4352.692383,4321.794922,4266.025879,4282.05127,4240.512695,4241.794922,4231.922852,4219.487305,4234.230957,4263.077148,4292.05127,4293.333496,4340.897461,3
1669029886.689118,45.0,4329.358887,4369.615234,4337.436035,4270.769043,4290.256348,4242.820313,4247.05127,4237.307617,4228.077148,4236.794922,4265.384766,4298.333496,4305.0,4347.94873,3
1669029886.693031,46.0,4342.563965,4386.153809,4350.897461,4275.897461,4295.512695,4245.128418,4250.512695,4243.974121,4240.0,4238.717773,4267.563965,4303.974121,4316.410156,4354.743652,3
1669029886.696943,47.0,4354.743652,4400.256348,4361.410156,4279.615234,4297.436035,4245.769043,4250.512695,4248.333496,4247.563965,4237.94873,4266.666504,4308.717773,4321.922852,4361.666504,3
1669029886.700856,48.0,4366.153809,4412.307617,4369.487305,4281.025879,4298.205078,4243.717773,4247.692383,4248.205078,4246.922852,4235.256348,4263.717773,4313.461426,4320.384766,4369.743652,3
1669029886.704769,49.0,4377.179688,4424.487305,4376.794922,4280.897461,4300.384766,4240.128418,4244.487305,4243.846191,4240.769043,4232.692383,4262.179688,4319.102539,4316.538574,4380.128418,3
1669029886.708682,50.0,4387.820313,4436.794922,4384.615234,4280.384766,4303.846191,4237.692383,4243.333496,4238.461426,4234.871582,4232.563965,4264.358887,4326.025879,4316.282227,4392.563965,3
1669029886.712594,51.0,4397.179688,4446.410156,4393.461426,4280.641113,4306.794922,4238.205078,4244.230957,4234.615234,4233.589844,4234.743652,4269.615234,4332.05127,4322.179688,4404.615234,3
1669029886.716507,52.0,4405.384766,4451.410156,4402.179688,4281.922852,4307.179688,4240.512695,4244.871582,4233.333496,4236.410156,4237.307617,4273.846191,4334.615234,4331.282227,4413.333496,3
1669029886.72042,53.0,4413.589844,4454.230957,4409.358887,4283.974121,4305.512695,4240.897461,4242.692383,4233.589844,4239.358887,4238.461426,4272.820313,4332.94873,4337.820313,4417.692383,3
1669029886.724332,54.0,4423.205078,4460.897461,4414.487305,4285.769043,4304.102539,4237.692383,4238.461426,4233.717773,4239.102539,4237.179688,4266.282227,4328.974121,4338.461426,4418.974121,3
1669029886.728245,55.0,4434.743652,4475.641113,4418.205078,4287.05127,4305.384766,4232.94873,4235.128418,4232.94873,4235.641113,4233.974121,4258.077148,4326.282227,4334.102539,4419.615234,3
1669029886.732158,56.0,4445.0,4495.384766,4421.025879,4287.820313,4310.0,4230.769043,4234.743652,4231.410156,4231.794922,4230.512695,4252.563965,4327.179688,4329.487305,4421.282227,3
1669029886.736071,57.0,4449.743652,4511.282227,4422.05127,4288.974121,4315.641113,4232.436035,4237.179688,4230.128418,4230.384766,4228.589844,4252.307617,4331.666504,4328.589844,4424.743652,3
1669029886.739983,58.0,4447.05127,4515.512695,4420.769043,4291.025879,4319.102539,4235.769043,4241.153809,4230.897461,4232.05127,4229.358887,4256.282227,4337.94873,4332.94873,4429.871582,3
1669029886.743896,59.0,4439.615234,4508.589844,4417.820313,4294.102539,4317.820313,4237.820313,4245.769043,4235.384766,4236.538574,4232.563965,4262.179688,4343.589844,4340.384766,4436.282227,3
1669029886.747809,60.0,4432.820313,4499.230957,4414.871582,4297.05127,4312.436035,4236.538574,4249.871582,4242.563965,4242.692383,4237.307617,4267.307617,4346.666504,4346.922852,4442.692383,3
1669029886.751722,61.0,4429.743652,4496.538574,4413.077148,4297.563965,4305.897461,4233.333496,4251.538574,4247.820313,4248.461426,4240.897461,4269.615234,4345.384766,4349.871582,4445.641113,3
1669029886.755634,62.0,4429.487305,4502.563965,4412.436035,4294.487305,4301.410156,4230.512695,4248.974121,4246.153809,4251.153809,4240.512695,4267.692383,4339.743652,4348.974121,4442.436035,3
1669029886.759547,63.0,4429.743652,4510.512695,4411.025879,4287.94873,4299.230957,4230.0,4242.05127,4236.666504,4248.461426,4236.025879,4262.820313,4332.820313,4346.538574,4434.615234,3
1669029886.76346,64.0,4428.077148,4511.025879,4406.282227,4280.769043,4297.820313,4231.025879,4233.974121,4224.230957,4241.282227,4230.0,4258.077148,4328.717773,4344.487305,4426.666504,3
1669029886.767372,65.0,4424.102539,4499.358887,4397.307617,4276.025879,4295.769043,4231.538574,4228.333496,4216.153809,4232.692383,4226.410156,4256.153809,4329.615234,4343.077148,4423.077148,3
1669029886.771285,66.0,4419.102539,4480.0,4385.384766,4274.743652,4293.589844,4230.128418,4227.307617,4215.512695,4226.410156,4227.179688,4258.205078,4333.717773,4340.512695,4423.717773,3
1669029886.775198,67.0,4415.128418,4463.846191,4374.358887,4275.128418,4292.94873,4227.05127,4229.743652,4219.615234,4224.743652,4230.897461,4262.94873,4337.05127,4334.230957,4425.256348,3
1669029886.779111,68.0,4412.94873,4458.846191,4367.820313,4274.487305,4293.974121,4224.615234,4232.436035,4223.461426,4227.563965,4235.384766,4268.333496,4337.436035,4324.230957,4423.974121,3
1669029886.783023,69.0,4411.410156,4463.589844,4366.410156,4272.436035,4295.128418,4225.256348,4232.94873,4223.717773,4233.333496,4238.589844,4272.307617,4335.897461,4312.692383,4419.358887,3
1669029886.786936,70.0,4407.94873,4468.589844,4367.307617,4270.641113,4294.743652,4230.128418,4231.153809,4221.025879,4239.743652,4240.128418,4273.846191,4334.358887,4303.974121,4413.717773,3
1669029886.790849,71.0,4401.025879,4464.487305,4367.05127,4271.538574,4292.820313,4237.307617,4228.974121,4218.717773,4244.230957,4239.743652,4273.333496,4333.333496,4301.666504,4409.230957,3
1669029886.794762,72.0,4390.897461,4450.384766,4363.461426,4275.0,4291.153809,4244.358887,4229.487305,4219.871582,4244.871582,4237.820313,4271.666504,4331.153809,4305.897461,4406.025879,3
1669029886.798674,73.0,4378.589844,4433.461426,4356.538574,4278.589844,4291.153809,4249.102539,4234.230957,4225.384766,4242.692383,4234.871582,4269.871582,4326.410156,4313.077148,4402.563965,3
1669029886.802587,74.0,4366.410156,4422.307617,4348.205078,4279.102539,4292.307617,4251.282227,4241.922852,4233.077148,4240.512695,4232.179688,4268.846191,4319.871582,4318.205078,4397.05127,3
1669029886.8065,75.0,4357.05127,4419.743652,4340.897461,4275.641113,4293.589844,4251.282227,4249.102539,4240.128418,4241.666504,4230.897461,4268.846191,4314.230957,4318.461426,4389.615234,3
1669029886.810413,76.0,4352.820313,4422.05127,4335.897461,4270.128418,4294.615234,4251.153809,4252.307617,4244.743652,4247.05127,4232.05127,4270.256348,4312.179688,4315.128418,4382.563965,3
1669029886.814325,77.0,4354.358887,4422.307617,4332.692383,4265.897461,4295.128418,4252.05127,4251.410156,4246.922852,4254.230957,4235.512695,4273.717773,4314.615234,4311.666504,4378.461426,3
1669029886.818238,78.0,4358.589844,4414.743652,4329.230957,4265.128418,4293.974121,4254.102539,4248.589844,4247.563965,4259.230957,4239.487305,4278.717773,4319.487305,4310.769043,4377.820313,3
1669029886.822151,79.0,4359.487305,4397.563965,4322.94873,4267.05127,4290.128418,4255.769043,4246.025879,4247.307617,4259.358887,4241.538574,4283.205078,4322.692383,4312.307617,4377.179688,3
1669029886.826064,80.0,4351.922852,4374.102539,4313.077148,4269.615234,4283.077148,4255.769043,4245.128418,4246.538574,4254.871582,4240.0,4284.743652,4321.153809,4313.717773,4372.820313,3
1669029886.829976,81.0,4335.641113,4351.282227,4301.025879,4270.897461,4274.615234,4253.846191,4246.153809,4245.641113,4248.333496,4236.666504,4283.461426,4316.025879,4313.205078,4364.358887,3
1669029886.833889,82.0,4316.666504,4336.025879,4289.743652,4271.153809,4267.307617,4251.538574,4249.230957,4245.769043,4243.846191,4234.871582,4281.794922,4311.282227,4311.282227,4355.384766,3
1669029886.837802,83.0,4302.692383,4330.256348,4281.282227,4271.282227,4262.436035,4250.128418,4253.077148,4248.461426,4244.230957,4236.922852,4282.05127,4310.512695,4308.974121,4349.358887,3
1669029886.841715,84.0,4296.538574,4329.743652,4274.615234,4271.153809,4260.0,4249.871582,4255.769043,4252.307617,4248.846191,4241.666504,4283.589844,4312.307617,4305.769043,4345.897461,3
1669029886.845627,85.0,4295.897461,4327.820313,4267.820313,4269.871582,4259.358887,4250.128418,4255.512695,4254.358887,4253.205078,4244.871582,4284.230957,4312.563965,4300.384766,4341.282227,3
1669029886.84954,86.0,4296.282227,4321.153809,4260.897461,4266.410156,4259.871582,4250.0,4252.563965,4252.05127,4253.717773,4245.0,4282.436035,4308.461426,4292.94873,4332.563965,3
1669029886.853453,87.0,4294.487305,4311.922852,4255.0,4262.179688,4260.769043,4249.487305,4249.358887,4247.436035,4251.538574,4243.717773,4278.974121,4302.179688,4286.922852,4321.922852,3
1669029886.857365,88.0,4290.384766,4305.0,4251.538574,4260.128418,4261.025879,4249.102539,4248.077148,4244.615234,4250.384766,4244.743652,4276.153809,4297.94873,4286.794922,4313.846191,3
1669029886.861278,89.0,4285.256348,4303.333496,4249.615234,4262.436035,4259.615234,4249.487305,4250.0,4247.05127,4253.205078,4248.589844,4275.769043,4297.94873,4293.846191,4312.05127,3
1669029886.865191,90.0,4280.897461,4305.641113,4247.179688,4267.820313,4256.153809,4251.153809,4254.615234,4253.717773,4258.205078,4252.94873,4278.333496,4300.256348,4303.974121,4316.025879,3
1669029886.869104,91.0,4278.333496,4307.94873,4243.333496,4272.692383,4251.410156,4254.230957,4260.0,4260.128418,4262.05127,4254.871582,4283.717773,4302.179688,4310.769043,4321.153809,3
1669029886.873016,92.0,4276.922852,4307.563965,4238.589844,4273.589844,4246.922852,4257.94873,4263.717773,4262.436035,4263.077148,4254.871582,4290.128418,4301.794922,4310.128418,4322.820313,3
1669029886.876929,93.0,4275.512695,4303.846191,4234.487305,4270.128418,4244.358887,4260.897461,4264.102539,4259.358887,4262.179688,4254.743652,4294.615234,4299.871582,4302.820313,4319.230957,3
1669029886.880842,94.0,4273.077148,4297.820313,4232.307617,4264.487305,4244.615234,4261.922852,4261.282227,4253.589844,4262.179688,4255.769043,4294.358887,4297.307617,4293.589844,4311.538574,3
1669029886.884755,95.0,4269.230957,4291.025879,4231.666504,4259.871582,4246.922852,4261.153809,4257.563965,4249.487305,4264.615234,4256.410156,4288.717773,4294.743652,4287.436035,4303.333496,3
1669029886.888667,96.0,4264.358887,4283.717773,4230.641113,4257.94873,4249.871582,4260.384766,4255.512695,4250.128418,4269.615234,4255.897461,4280.512695,4292.436035,4286.410156,4298.077148,3
1669029886.89258,97.0,4258.205078,4275.256348,4227.307617,4258.589844,4251.538574,4261.153809,4256.666504,4255.256348,4276.153809,4255.256348,4274.743652,4290.769043,4288.846191,4296.922852,3
1669029886.896493,98.0,4251.538574,4265.384766,4221.410156,4260.128418,4251.153809,4263.077148,4260.384766,4262.307617,4283.205078,4256.282227,4275.128418,4289.358887,4291.794922,4298.077148,3
1669029886.900405,99.0,4245.897461,4255.256348,4215.128418,4261.282227,4249.487305,4264.871582,4264.615234,4267.436035,4288.589844,4259.230957,4281.282227,4287.436035,4293.461426,4298.589844,3
1669029886.904318,100.0,4243.077148,4247.179688,4211.794922,4261.282227,4248.077148,4265.384766,4266.410156,4268.205078,4289.615234,4262.563965,4288.846191,4284.358887,4293.333496,4297.692383,3
1669029886.908231,101.0,4242.94873,4243.717773,4212.94873,4259.743652,4247.436035,4264.230957,4264.615234,4265.128418,4284.358887,4262.820313,4291.794922,4280.769043,4291.666504,4295.641113,3
1669029886.912144,102.0,4244.743652,4246.153809,4217.692383,4257.05127,4246.922852,4261.794922,4260.641113,4260.897461,4275.0,4258.077148,4287.692383,4278.717773,4288.717773,4293.717773,3
1669029886.916056,103.0,4247.307617,4253.333496,4222.692383,4253.717773,4246.282227,4259.743652,4257.820313,4258.333496,4266.922852,4249.358887,4279.102539,4279.487305,4284.615234,4292.05127,3
1669029886.919969,104.0,4250.256348,4261.794922,4225.0,4251.410156,4247.05127,4260.128418,4258.461426,4258.589844,4264.230957,4241.410156,4271.666504,4281.922852,4280.0,4290.769043,3
1669029886.923882,105.0,4252.820313,4266.922852,4223.589844,4251.282227,4249.871582,4262.692383,4261.666504,4260.128418,4267.692383,4238.589844,4270.0,4283.333496,4276.666504,4289.487305,3
1669029886.927795,106.0,4252.692383,4264.743652,4219.102539,4253.205078,4252.692383,4265.128418,4264.230957,4261.025879,4273.717773,4242.436035,4273.333496,4281.153809,4275.769043,4287.820313,3
1669029886.931707,107.0,4247.692383,4253.846191,4212.436035,4255.0,4251.025879,4263.974121,4263.205078,4259.487305,4277.05127,4249.615234,4276.666504,4275.256348,4277.05127,4285.512695,3
1669029886.93562,108.0,4237.563965,4237.94873,4204.487305,4254.615234,4242.307617,4258.461426,4258.589844,4255.384766,4274.615234,4254.358887,4276.282227,4267.820313,4279.102539,4282.563965,3
1669029886.939533,109.0,4226.410156,4224.615234,4196.282227,4252.179688,4229.230957,4252.179688,4253.974121,4250.0,4267.563965,4253.461426,4272.307617,4262.820313,4280.512695,4279.871582,3
1669029886.943445,110.0,4219.743652,4221.666504,4190.512695,4249.615234,4219.615234,4249.230957,4252.820313,4245.897461,4261.025879,4249.230957,4268.717773,4263.461426,4281.282227,4277.94873,3
1669029886.947358,111.0,4220.769043,4230.897461,4189.487305,4249.743652,4220.128418,4251.282227,4256.025879,4245.256348,4260.0,4246.410156,4269.102539,4269.615234,4282.307617,4277.436035,3
1669029886.951271,112.0,4227.563965,4246.282227,4193.589844,4253.717773,4230.641113,4256.025879,4260.384766,4248.205078,4265.769043,4248.461426,4274.358887,4277.307617,4283.846191,4277.820313,3
1669029886.955184,113.0,4234.487305,4257.05127,4199.871582,4259.102539,4243.846191,4259.871582,4262.820313,4253.461426,4274.871582,4254.615234,4281.666504,4281.666504,4285.512695,4278.077148,3
1669029886.959096,114.0,4235.897461,4256.282227,4203.461426,4262.820313,4250.769043,4260.384766,4262.307617,4259.743652,4282.179688,4261.025879,4286.922852,4280.128418,4286.410156,4276.538574,3
1669029886.963009,115.0,4230.128418,4245.128418,4201.410156,4262.820313,4247.563965,4258.077148,4261.410156,4266.025879,4285.128418,4264.358887,4287.05127,4273.846191,4286.538574,4272.563965,3
1669029886.966922,116.0,4221.538574,4231.922852,4194.871582,4260.0,4237.692383,4254.615234,4262.692383,4271.666504,4283.974121,4263.974121,4282.563965,4266.410156,4286.282227,4266.922852,3
1669029886.970835,117.0,4216.794922,4224.358887,4187.820313,4256.922852,4228.974121,4252.307617,4266.025879,4275.128418,4280.512695,4261.794922,4276.794922,4261.410156,4286.025879,4261.794922,3
1669029886.974747,118.0,4220.0,4224.871582,4184.230957,4256.025879,4226.922852,4252.05127,4268.333496,4274.102539,4275.769043,4259.358887,4272.563965,4260.128418,4285.512695,4258.717773,3
1669029886.97866,119.0,4228.846191,4228.846191,4185.256348,4256.922852,4231.410156,4253.589844,4265.769043,4267.179688,4269.230957,4257.05127,4270.128418,4261.282227,4284.102539,4257.436035,3
1669029886.982573,120.0,4236.794922,4230.0,4188.333496,4258.077148,4237.563965,4255.256348,4258.717773,4256.153809,4261.153809,4253.846191,4267.820313,4261.922852,4281.282227,4255.512695,3
1669029886.986485,121.0,4238.333496,4224.871582,4190.384766,4258.333496,4240.256348,4255.641113,4251.666504,4246.410156,4254.487305,4249.487305,4264.487305,4259.743652,4277.179688,4251.410156,3
1669029886.990398,122.0,4233.333496,4216.025879,4189.487305,4258.205078,4237.820313,4254.871582,4250.512695,4244.102539,4252.94873,4245.0,4260.641113,4254.615234,4272.94873,4246.025879,3
1669029886.994311,123.0,4225.641113,4207.436035,4186.794922,4258.461426,4232.94873,4253.717773,4256.282227,4250.128418,4257.307617,4243.461426,4258.589844,4249.102539,4270.256348,4242.563965,3
1669029886.998224,124.0,4219.615234,4202.179688,4184.615234,4258.974121,4229.871582,4252.692383,4264.230957,4259.871582,4264.487305,4246.794922,4260.256348,4246.410156,4269.871582,4243.077148,3
1669029887.002136,125.0,4216.282227,4200.897461,4183.589844,4258.205078,4230.384766,4251.538574,4268.205078,4265.897461,4269.743652,4253.974121,4265.641113,4248.077148,4271.410156,4247.179688,3
1669029887.006049,126.0,4213.717773,4203.461426,4182.05127,4254.871582,4232.563965,4249.871582,4265.128418,4263.333496,4270.0,4261.153809,4272.307617,4253.077148,4272.820313,4251.538574,3
1669029887.009962,127.0,4208.589844,4207.94873,4177.692383,4249.615234,4232.563965,4247.563965,4257.436035,4253.077148,4265.512695,4264.230957,4277.179688,4257.179688,4272.179688,4253.077148,3
1669029887.013875,128.0,4200.384766,4211.794922,4171.153809,4244.487305,4227.692383,4244.871582,4250.384766,4241.025879,4258.974121,4261.794922,4277.563965,4257.307617,4269.487305,4250.512695,3
1669029887.017787,129.0,4192.820313,4213.333496,4166.282227,4242.179688,4219.871582,4243.333496,4248.205078,4234.871582,4254.358887,4256.666504,4273.974121,4253.846191,4266.282227,4246.538574,3
1669029887.0217,130.0,4191.282227,4212.179688,4167.563965,4244.743652,4214.487305,4244.487305,4252.563965,4238.974121,4253.974121,4253.077148,4268.846191,4250.897461,4265.0,4245.641113,3
1669029887.025613,131.0,4197.820313,4209.358887,4175.769043,4250.897461,4215.256348,4248.717773,4260.512695,4250.128418,4255.897461,4252.307617,4264.487305,4251.153809,4265.897461,4249.102539,3
1669029887.029525,132.0,4208.846191,4205.897461,4185.384766,4256.025879,4221.666504,4254.230957,4266.922852,4260.384766,4254.743652,4251.025879,4260.641113,4252.563965,4266.538574,4252.692383,3
1669029887.033438,133.0,4217.05127,4203.077148,4189.102539,4255.384766,4228.974121,4257.94873,4267.436035,4262.436035,4246.410156,4244.871582,4254.743652,4250.769043,4263.717773,4250.641113,3
1669029887.037351,134.0,4216.666504,4202.179688,4184.102539,4248.205078,4232.94873,4258.461426,4261.410156,4254.615234,4232.05127,4233.589844,4245.769043,4243.974121,4256.538574,4241.282227,3
1669029887.041264,135.0,4208.333496,4203.717773,4175.128418,4238.461426,4232.563965,4256.922852,4252.436035,4242.05127,4218.333496,4222.179688,4236.538574,4235.512695,4247.94873,4230.384766,3
1669029887.045176,136.0,4197.563965,4205.384766,4170.0,4232.692383,4230.0,4255.641113,4245.897461,4232.307617,4212.436035,4217.94873,4231.922852,4230.128418,4243.333496,4224.487305,3
1669029887.049089,137.0,4191.153809,4203.205078,4171.922852,4234.487305,4227.307617,4256.025879,4245.128418,4231.794922,4217.05127,4223.717773,4235.0,4230.0,4245.512695,4225.641113,3
1669029887.053002,138.0,4191.410156,4195.0,4177.563965,4241.025879,4225.384766,4257.307617,4250.384766,4241.025879,4228.974121,4235.512695,4243.333496,4232.436035,4252.820313,4228.846191,3
1669029887.056914,139.0,4196.282227,4182.820313,4180.512695,4245.641113,4224.230957,4257.563965,4258.717773,4255.0,4241.666504,4245.769043,4251.153809,4233.205078,4259.615234,4228.846191,3
1669029887.060827,140.0,4201.666504,4173.205078,4177.820313,4243.846191,4223.077148,4256.282227,4265.384766,4266.538574,4250.256348,4248.589844,4254.487305,4230.897461,4261.025879,4225.641113,3
1669029887.06474,141.0,4205.256348,4172.820313,4172.05127,4236.922852,4222.179688,4254.358887,4267.692383,4270.641113,4253.077148,4244.615234,4253.077148,4229.230957,4256.153809,4224.358887,3
1669029887.068653,142.0,4206.922852,4184.743652,4167.94873,4230.641113,4221.666504,4253.205078,4266.538574,4267.820313,4252.179688,4239.102539,4250.512695,4232.307617,4248.333496,4230.641113,3
1669029887.072565,143.0,4208.205078,4205.384766,4168.077148,4230.128418,4221.922852,4253.205078,4264.743652,4262.94873,4250.384766,4237.436035,4250.256348,4241.410156,4242.05127,4245.769043,3
1669029887.076478,144.0,4209.615234,4226.666504,4170.256348,4235.769043,4222.307617,4253.589844,4264.871582,4261.538574,4250.256348,4240.769043,4253.461426,4253.077148,4240.256348,4265.0,3
1669029887.080391,145.0,4210.0,4240.128418,4170.256348,4244.358887,4221.282227,4253.974121,4267.563965,4265.256348,4252.692383,4247.179688,4259.358887,4262.94873,4243.333496,4282.307617,3
1669029887.084304,146.0,4207.94873,4243.333496,4165.641113,4251.410156,4218.333496,4254.102539,4271.410156,4271.153809,4257.436035,4253.717773,4266.538574,4269.487305,4250.256348,4293.461426,3
1669029887.088216,147.0,4204.358887,4240.0,4158.333496,4254.487305,4214.743652,4254.615234,4274.743652,4274.487305,4264.102539,4258.717773,4274.230957,4274.487305,4260.512695,4299.487305,3
1669029887.092129,148.0,4203.717773,4236.922852,4152.563965,4254.615234,4212.94873,4255.897461,4276.282227,4272.94873,4272.692383,4263.077148,4282.307617,4281.538574,4273.205078,4304.487305,3
1669029887.096042,149.0,4210.256348,4239.230957,4151.922852,4255.0,4215.128418,4258.205078,4276.153809,4268.589844,4283.461426,4268.205078,4290.512695,4291.922852,4286.794922,4311.794922,3
1669029887.099954,150.0,4223.205078,4247.179688,4155.769043,4257.94873,4220.384766,4260.256348,4275.0,4265.512695,4294.230957,4274.615234,4298.589844,4303.205078,4298.589844,4321.538574,3
1669029887.103867,151.0,4235.128418,4256.153809,4160.384766,4262.563965,4225.128418,4260.769043,4272.692383,4265.512695,4300.769043,4280.769043,4305.512695,4311.025879,4305.384766,4329.230957,3
1669029887.10778,152.0,4238.461426,4261.153809,4162.563965,4265.769043,4226.025879,4259.615234,4269.230957,4266.666504,4298.461426,4283.589844,4309.230957,4312.436035,4305.512695,4330.256348,3
1669029887.111693,153.0,4231.922852,4261.410156,4161.410156,4265.384766,4223.205078,4258.205078,4265.256348,4266.025879,4287.692383,4281.025879,4308.461426,4308.333496,4300.897461,4325.0,3
1669029887.115605,154.0,4221.922852,4259.358887,4159.102539,4262.307617,4219.615234,4258.974121,4262.563965,4262.436035,4273.974121,4274.615234,4303.974121,4302.05127,4296.153809,4318.077148,3
1669029887.119518,155.0,4216.922852,4256.922852,4158.205078,4259.358887,4217.820313,4262.307617,4262.436035,4257.179688,4263.205078,4267.692383,4298.205078,4296.282227,4294.615234,4314.358887,3
1669029887.123431,156.0,4219.871582,4253.333496,4159.230957,4258.333496,4218.333496,4265.769043,4263.717773,4252.692383,4257.692383,4263.333496,4292.820313,4291.666504,4295.769043,4313.589844,3
1669029887.127344,157.0,4226.538574,4246.282227,4159.871582,4258.974121,4219.871582,4266.794922,4264.230957,4250.384766,4255.769043,4262.05127,4288.717773,4286.922852,4296.282227,4312.307617,3
1669029887.131256,158.0,4229.358887,4236.282227,4158.077148,4258.717773,4220.512695,4264.358887,4262.436035,4249.615234,4254.871582,4262.179688,4285.0,4281.410156,4293.589844,4307.179688,3
1669029887.135169,159.0,4223.974121,4226.282227,4153.846191,4255.897461,4219.615234,4260.0,4259.358887,4249.743652,4254.230957,4261.282227,4280.769043,4275.512695,4287.820313,4298.717773,3
1669029887.139082,160.0,4212.05127,4220.0,4148.461426,4251.025879,4217.179688,4255.256348,4257.94873,4250.897461,4254.743652,4258.077148,4275.897461,4270.512695,4281.922852,4290.128418,3
1669029887.142995,161.0,4199.102539,4218.333496,4144.102539,4246.538574,4214.102539,4251.922852,4261.025879,4254.743652,4257.307617,4253.846191,4271.538574,4267.307617,4278.333496,4284.487305,3
1669029887.146907,162.0,4191.025879,4219.615234,4142.05127,4244.871582,4212.05127,4251.025879,4268.717773,4262.179688,4262.307617,4251.666504,4268.589844,4266.410156,4277.563965,4282.692383,3
1669029887.15082,163.0,4190.256348,4220.384766,4142.436035,4245.769043,4212.05127,4253.589844,4277.563965,4271.538574,4269.743652,4253.846191,4268.077148,4268.205078,4278.077148,4283.589844,3
1669029887.154733,164.0,4194.358887,4217.436035,4144.615234,4247.307617,4213.589844,4258.461426,4283.077148,4279.102539,4277.94873,4259.743652,4269.743652,4271.794922,4277.563965,4284.743652,3
1669029887.158646,165.0,4198.974121,4210.0,4148.077148,4247.436035,4215.256348,4263.077148,4283.205078,4281.410156,4283.846191,4266.153809,4272.692383,4275.641113,4274.358887,4283.974121,3
1669029887.162558,166.0,4202.05127,4201.410156,4151.666504,4245.897461,4215.769043,4265.256348,4279.358887,4278.333496,4284.615234,4269.487305,4275.769043,4277.563965,4268.846191,4281.282227,3
1669029887.166471,167.0,4204.487305,4197.179688,4154.230957,4243.333496,4215.128418,4264.743652,4274.615234,4272.820313,4280.384766,4268.461426,4277.692383,4276.410156,4263.077148,4278.974121,3
1669029887.170384,168.0,4208.589844,4202.563965,4155.512695,4241.153809,4214.358887,4263.205078,4272.179688,4269.743652,4275.512695,4265.769043,4279.230957,4273.589844,4259.615234,4280.256348,3
1669029887.174297,169.0,4214.487305,4217.94873,4157.307617,4240.256348,4214.615234,4262.820313,4274.230957,4272.563965,4275.256348,4265.512695,4281.666504,4272.05127,4260.256348,4286.025879,3
1669029887.178209,170.0,4219.102539,4236.282227,4161.025879,4241.025879,4216.282227,4264.487305,4279.871582,4280.769043,4281.410156,4268.717773,4285.384766,4273.589844,4264.487305,4293.461426,3
1669029887.182122,171.0,4219.230957,4245.769043,4166.025879,4242.820313,4218.717773,4267.179688,4285.384766,4288.974121,4289.615234,4272.307617,4287.563965,4276.153809,4270.0,4297.436035,3
1669029887.186035,172.0,4214.230957,4237.563965,4168.974121,4244.358887,4219.871582,4268.717773,4287.05127,4290.512695,4292.692383,4271.538574,4285.256348,4275.256348,4272.436035,4294.102539,3
1669029887.189947,173.0,4207.692383,4213.846191,4166.922852,4244.102539,4218.333496,4266.922852,4283.461426,4283.846191,4286.025879,4264.871582,4277.820313,4267.563965,4269.102539,4284.230957,3
1669029887.19386,174.0,4202.94873,4187.307617,4160.0,4241.794922,4214.615234,4262.307617,4277.692383,4273.846191,4272.05127,4255.384766,4268.846191,4255.128418,4260.256348,4273.077148,3
1669029887.197773,175.0,4200.641113,4171.794922,4151.025879,4238.077148,4210.897461,4257.94873,4274.358887,4267.563965,4257.563965,4247.94873,4263.077148,4243.846191,4249.358887,4265.897461,3
1669029887.201686,176.0,4196.922852,4172.692383,4143.589844,4234.358887,4208.333496,4255.897461,4275.256348,4268.205078,4248.205078,4245.256348,4261.538574,4238.717773,4240.128418,4263.974121,3
1669029887.205598,177.0,4187.94873,4184.615234,4140.0,4231.666504,4206.410156,4256.666504,4277.436035,4271.282227,4244.743652,4245.641113,4261.794922,4240.897461,4235.0,4264.871582,3
1669029887.209511,178.0,4174.743652,4197.05127,4140.512695,4230.128418,4203.461426,4257.94873,4276.410156,4269.743652,4243.717773,4246.282227,4261.282227,4247.307617,4234.230957,4265.128418,3
1669029887.213424,179.0,4163.846191,4203.205078,4144.615234,4230.384766,4199.487305,4258.077148,4270.128418,4260.256348,4241.538574,4246.025879,4260.128418,4254.743652,4236.922852,4263.846191,3
1669029887.217337,180.0,4162.692383,4203.974121,4150.384766,4232.307617,4196.538574,4256.922852,4262.179688,4247.436035,4238.461426,4245.769043,4260.641113,4260.769043,4242.179688,4262.820313,3
1669029887.221249,181.0,4173.461426,4204.871582,4155.256348,4235.384766,4196.538574,4255.897461,4258.077148,4240.384766,4237.563965,4246.282227,4263.846191,4264.230957,4248.589844,4263.846191,3
1669029887.225162,182.0,4190.384766,4208.717773,4156.794922,4237.94873,4199.487305,4256.025879,4261.410156,4244.743652,4241.410156,4247.179688,4268.077148,4264.871582,4254.487305,4266.666504,3
1669029887.229075,183.0,4203.974121,4212.94873,4154.358887,4239.102539,4203.461426,4257.436035,4269.487305,4257.563965,4248.333496,4246.538574,4270.256348,4263.461426,4257.820313,4269.743652,3
1669029887.232987,184.0,4208.333496,4213.589844,4150.641113,4239.230957,4206.794922,4259.230957,4275.641113,4269.358887,4252.820313,4243.461426,4268.974121,4261.666504,4257.94873,4272.436035,3
1669029887.2369,185.0,4204.871582,4210.641113,4149.743652,4239.358887,4209.358887,4260.256348,4274.743652,4271.410156,4251.410156,4238.717773,4265.512695,4261.794922,4255.897461,4275.0,3
1669029887.240813,186.0,4200.897461,4208.077148,4153.333496,4240.0,4212.563965,4259.871582,4267.692383,4262.820313,4245.512695,4234.871582,4262.692383,4264.230957,4253.589844,4278.333496,3
1669029887.244726,187.0,4202.179688,4209.358887,4159.743652,4240.384766,4216.282227,4258.846191,4260.128418,4250.897461,4240.641113,4234.487305,4262.307617,4267.307617,4252.436035,4282.179688,3
1669029887.248638,188.0,4208.461426,4212.307617,4165.256348,4240.256348,4218.846191,4258.589844,4257.94873,4245.769043,4241.153809,4237.820313,4265.0,4268.974121,4252.820313,4285.384766,3
1669029887.252551,189.0,4214.102539,4211.025879,4166.794922,4239.871582,4217.563965,4259.871582,4261.922852,4251.153809,4246.410156,4242.692383,4269.102539,4268.589844,4254.230957,4286.922852,3
1669029887.256464,190.0,4213.589844,4202.05127,4163.589844,4239.487305,4212.05127,4262.307617,4267.94873,4262.05127,4251.922852,4246.794922,4272.94873,4267.307617,4256.410156,4287.05127,3
1669029887.260377,191.0,4207.179688,4190.384766,4158.589844,4240.0,4205.769043,4264.230957,4270.384766,4269.358887,4254.743652,4249.358887,4276.410156,4267.692383,4259.871582,4287.05127,3
1669029887.264289,192.0,4200.641113,4188.077148,4156.538574,4241.538574,4203.846191,4264.743652,4268.333496,4268.333496,4256.794922,4251.410156,4280.769043,4271.538574,4265.0,4289.102539,3
1669029887.268202,193.0,4200.512695,4203.333496,4160.0,4244.743652,4209.102539,4263.846191,4265.641113,4262.307617,4261.666504,4254.615234,4287.05127,4278.205078,4271.666504,4294.615234,3
1669029887.272115,194.0,4207.436035,4231.794922,4166.153809,4248.717773,4218.717773,4262.94873,4266.410156,4258.205078,4270.512695,4259.102539,4293.205078,4284.487305,4279.743652,4301.538574,3
1669029887.276027,195.0,4215.128418,4256.666504,4168.333496,4251.922852,4225.897461,4262.563965,4271.282227,4259.871582,4278.846191,4262.692383,4295.897461,4286.153809,4287.05127,4306.025879,3
1669029887.27994,196.0,4216.025879,4262.05127,4162.563965,4252.436035,4225.128418,4262.436035,4276.538574,4264.871582,4281.410156,4263.333496,4293.333496,4281.410156,4290.256348,4304.102539,3
1669029887.283853,197.0,4209.102539,4246.153809,4153.077148,4250.512695,4217.94873,4262.563965,4278.717773,4268.077148,4276.666504,4261.538574,4288.205078,4273.077148,4287.563965,4295.641113,3
1669029887.287766,198.0,4201.025879,4223.333496,4148.846191,4248.333496,4211.922852,4264.358887,4277.307617,4266.282227,4268.461426,4259.487305,4285.641113,4267.307617,4280.897461,4284.743652,3
1669029887.291678,199.0,4200.512695,4211.410156,4157.94873,4248.077148,4214.487305,4268.333496,4274.615234,4261.153809,4262.563965,4258.974121,4287.563965,4267.820313,4273.589844,4275.641113,3
1669029887.295591,200.0,4209.487305,4217.820313,4180.641113,4249.743652,4226.538574,4273.974121,4273.077148,4257.05127,4261.794922,4259.487305,4290.384766,4272.05127,4268.205078,4269.358887,3
1669029887.299504,201.0,4222.94873,4233.461426,4210.256348,4251.153809,4241.410156,4279.102539,4273.461426,4257.692383,4264.358887,4258.589844,4288.205078,4273.333496,4265.128418,4262.692383,3
1669029887.303417,202.0,4234.487305,4242.179688,4238.077148,4250.769043,4251.666504,4282.307617,4273.846191,4262.436035,4265.512695,4254.615234,4278.461426,4266.666504,4263.461426,4252.563965,3
1669029887.307329,203.0,4241.410156,4235.256348,4260.128418,4248.846191,4255.0,4283.717773,4272.692383,4267.05127,4261.538574,4248.205078,4263.333496,4252.94873,4262.563965,4238.333496,3
1669029887.311242,204.0,4245.384766,4217.563965,4278.205078,4247.563965,4255.384766,4284.358887,4269.615234,4267.179688,4252.436035,4241.410156,4248.205078,4236.922852,4262.05127,4222.179688,3
1669029887.315155,205.0,4248.205078,4202.563965,4296.922852,4248.077148,4259.230957,4285.769043,4266.922852,4262.307617,4243.077148,4236.153809,4237.05127,4223.717773,4260.641113,4207.179688,3
1669029887.319067,206.0,4249.487305,4199.743652,4317.94873,4250.128418,4269.102539,4288.205078,4266.153809,4255.641113,4238.974121,4233.333496,4231.025879,4215.128418,4257.436035,4195.256348,3
1669029887.32298,207.0,4248.205078,4208.077148,4337.820313,4252.436035,4281.153809,4290.0,4267.05127,4250.897461,4241.922852,4233.077148,4228.333496,4209.871582,4252.05127,4186.410156,3
1669029887.326893,208.0,4244.615234,4218.205078,4350.256348,4253.717773,4288.205078,4288.589844,4267.179688,4248.717773,4247.820313,4235.128418,4226.410156,4205.384766,4245.256348,4179.102539,3
1669029887.330806,209.0,4240.256348,4221.410156,4350.769043,4252.820313,4286.025879,4282.692383,4263.461426,4246.153809,4249.358887,4239.230957,4224.230957,4200.256348,4238.589844,4171.666504,3
1669029887.334718,210.0,4237.436035,4217.179688,4340.769043,4249.487305,4276.025879,4274.743652,4255.641113,4239.743652,4242.692383,4244.743652,4221.794922,4194.871582,4233.205078,4163.461426,3
1669029887.338631,211.0,4238.589844,4212.179688,4327.436035,4245.769043,4264.615234,4269.358887,4246.666504,4229.487305,4230.0,4249.615234,4220.384766,4191.282227,4230.128418,4156.794922,3
1669029887.342544,212.0,4244.871582,4214.615234,4318.461426,4244.230957,4258.333496,4269.871582,4241.282227,4220.128418,4218.461426,4251.153809,4220.128418,4191.025879,4230.256348,4154.487305,3
1669029887.346457,213.0,4254.487305,4225.512695,4316.538574,4246.538574,4258.717773,4275.0,4242.307617,4217.436035,4215.0,4247.436035,4219.871582,4193.846191,4234.358887,4157.307617,3
1669029887.350369,214.0,4262.563965,4237.563965,4318.077148,4250.641113,4262.05127,4280.512695,4249.358887,4223.205078,4221.538574,4238.974121,4217.820313,4197.436035,4241.282227,4161.666504,3
1669029887.354282,215.0,4264.102539,4240.897461,4317.94873,4253.077148,4263.077148,4282.05127,4258.333496,4233.589844,4233.717773,4228.846191,4213.974121,4198.846191,4247.179688,4162.436035,3
1669029887.358195,216.0,4257.94873,4231.153809,4313.589844,4251.794922,4260.256348,4279.358887,4264.230957,4241.922852,4243.974121,4220.897461,4210.641113,4197.179688,4248.589844,4157.179688,3
1669029887.362107,217.0,4248.461426,4213.205078,4307.307617,4248.717773,4256.666504,4275.897461,4264.743652,4243.974121,4247.820313,4218.205078,4210.512695,4194.102539,4245.641113,4149.102539,3
1669029887.36602,218.0,4241.538574,4197.05127,4303.461426,4248.077148,4256.666504,4275.641113,4261.666504,4240.769043,4246.794922,4221.666504,4214.871582,4193.077148,4243.077148,4144.615234,3
1669029887.369933,219.0,4240.641113,4190.769043,4304.871582,4252.179688,4262.307617,4278.846191,4258.205078,4237.05127,4245.897461,4228.974121,4222.563965,4196.410156,4245.256348,4148.461426,3
1669029887.373846,220.0,4244.358887,4195.769043,4310.128418,4259.230957,4270.769043,4282.563965,4256.922852,4236.410156,4247.692383,4235.769043,4230.512695,4203.077148,4252.179688,4159.358887,3
1669029887.377758,221.0,4248.333496,4206.153809,4313.717773,4263.846191,4276.922852,4282.820313,4257.563965,4238.846191,4249.615234,4238.205078,4235.769043,4209.615234,4259.487305,4171.153809,3
1669029887.381671,222.0,4248.205078,4214.871582,4310.897461,4261.794922,4276.666504,4278.333496,4258.333496,4241.153809,4247.179688,4236.282227,4236.666504,4211.794922,4261.922852,4176.922852,3
1669029887.385584,223.0,4243.205078,4217.94873,4301.538574,4253.589844,4270.512695,4270.641113,4257.692383,4241.410156,4240.769043,4233.077148,4233.205078,4208.333496,4257.307617,4173.974121,3
1669029887.389497,224.0,4236.538574,4216.538574,4290.769043,4244.358887,4262.820313,4263.846191,4256.410156,4241.025879,4236.153809,4232.436035,4227.563965,4201.282227,4248.205078,4165.384766,3
1669029887.393409,225.0,4232.820313,4214.230957,4284.487305,4240.0,4257.94873,4261.410156,4256.282227,4242.436035,4239.487305,4236.410156,4223.333496,4195.512695,4240.128418,4157.820313,3
1669029887.397322,226.0,4235.384766,4213.205078,4285.512695,4242.563965,4257.563965,4263.974121,4257.94873,4245.897461,4250.897461,4243.333496,4223.846191,4195.384766,4237.692383,4157.307617,3
1669029887.401235,227.0,4243.589844,4214.102539,4291.538574,4248.846191,4260.256348,4268.333496,4259.871582,4248.717773,4264.487305,4249.230957,4228.717773,4201.538574,4240.512695,4164.743652,3
1669029887.405147,228.0,4252.307617,4216.153809,4296.922852,4253.205078,4263.717773,4270.897461,4261.153809,4249.358887,4273.077148,4250.641113,4234.871582,4209.743652,4244.102539,4174.871582,3
1669029887.40906,229.0,4255.897461,4218.717773,4297.563965,4251.922852,4265.256348,4269.743652,4262.05127,4249.743652,4274.743652,4247.563965,4238.589844,4214.615234,4244.743652,4180.641113,3
1669029887.412973,230.0,4252.436035,4220.769043,4293.589844,4246.410156,4263.333496,4266.794922,4263.717773,4252.436035,4273.077148,4242.94873,4238.333496,4213.717773,4243.077148,4178.846191,3
1669029887.416886,231.0,4245.512695,4221.282227,4289.358887,4242.307617,4258.589844,4265.512695,4266.410156,4257.563965,4272.436035,4240.897461,4235.769043,4209.871582,4243.589844,4172.05127,3
1669029887.420798,232.0,4241.410156,4219.743652,4289.230957,4244.487305,4253.333496,4267.820313,4267.692383,4261.025879,4273.077148,4242.307617,4234.358887,4207.820313,4249.102539,4166.153809,3
1669029887.424711,233.0,4242.820313,4217.692383,4293.974121,4252.05127,4250.256348,4272.563965,4265.641113,4258.077148,4271.282227,4245.256348,4235.641113,4210.128418,4257.692383,4165.641113,3
1669029887.428624,234.0,4246.922852,4216.666504,4299.743652,4259.615234,4251.025879,4276.282227,4260.256348,4247.307617,4263.717773,4246.794922,4238.461426,4215.641113,4263.461426,4170.128418,3
1669029887.432537,235.0,4249.102539,4217.94873,4302.563965,4261.794922,4255.897461,4276.153809,4253.717773,4233.589844,4251.538574,4245.897461,4241.282227,4221.153809,4262.436035,4177.05127,3
1669029887.436449,236.0,4248.205078,4222.307617,4301.794922,4257.94873,4263.589844,4272.563965,4249.358887,4224.230957,4241.153809,4244.487305,4243.589844,4224.358887,4257.436035,4183.717773,3
1669029887.440362,237.0,4246.282227,4230.256348,4300.0,4252.692383,4272.179688,4268.717773,4249.358887,4224.743652,4238.846191,4244.871582,4245.769043,4225.512695,4255.384766,4189.102539,3
1669029887.444275,238.0,4245.512695,4238.589844,4299.615234,4250.384766,4278.077148,4267.436035,4252.820313,4233.077148,4244.358887,4247.563965,4247.307617,4225.512695,4260.384766,4192.94873,3
1669029887.448187,239.0,4244.743652,4241.922852,4300.384766,4252.179688,4278.333496,4268.461426,4256.153809,4241.282227,4250.769043,4249.615234,4246.666504,4224.230957,4269.487305,4194.358887,3
1669029887.4521,240.0,4241.153809,4236.410156,4299.230957,4255.384766,4272.692383,4269.615234,4255.897461,4241.410156,4249.743652,4247.820313,4242.820313,4220.769043,4275.128418,4191.794922,3
1669029887.456013,241.0,4235.256348,4224.487305,4294.871582,4256.282227,4264.487305,4268.461426,4251.282227,4232.05127,4239.487305,4241.794922,4236.794922,4215.0,4272.307617,4185.512695,3
1669029887.459926,242.0,4230.897461,4214.487305,4289.230957,4254.230957,4258.461426,4265.769043,4245.128418,4219.230957,4225.769043,4234.871582,4231.282227,4209.102539,4262.692383,4177.94873,3
1669029887.463838,243.0,4232.820313,4213.461426,4286.282227,4251.153809,4257.94873,4263.974121,4241.153809,4211.666504,4216.538574,4231.153809,4229.102539,4206.153809,4252.820313,4173.077148,3
1669029887.467751,244.0,4241.410156,4220.0,4288.205078,4249.743652,4262.179688,4265.384766,4241.538574,4213.846191,4216.153809,4232.563965,4231.282227,4207.563965,4248.077148,4173.077148,3
1669029887.471664,245.0,4251.410156,4225.897461,4293.333496,4251.282227,4267.820313,4270.128418,4246.666504,4223.461426,4222.94873,4237.436035,4236.025879,4211.282227,4250.0,4176.922852,3
1669029887.475577,246.0,4256.282227,4224.487305,4297.94873,4253.974121,4271.666504,4276.025879,4254.487305,4234.230957,4231.538574,4241.410156,4239.487305,4213.461426,4255.128418,4180.769043,3
1669029887.479489,247.0,4252.436035,4216.282227,4298.589844,4255.256348,4271.666504,4279.615234,4261.538574,4240.897461,4237.05127,4241.538574,4238.333496,4212.179688,4258.205078,4180.512695,3
1669029887.483402,248.0,4242.436035,4207.436035,4295.0,4253.333496,4266.666504,4278.717773,4264.487305,4241.410156,4237.05127,4237.179688,4231.666504,4207.820313,4255.641113,4174.871582,3
1669029887.487315,249.0,4232.307617,4203.974121,4288.974121,4248.717773,4257.436035,4273.974121,4262.179688,4237.436035,4232.692383,4230.256348,4221.410156,4203.589844,4248.461426,4167.307617,3
1669029887.491228,250.0,4227.563965,4207.307617,4283.846191,4244.102539,4247.94873,4267.820313,4256.538574,4232.179688,4227.692383,4224.102539,4212.05127,4202.05127,4240.769043,4163.205078,3
1669029887.49514,251.0,4230.0,4213.974121,4282.179688,4241.153809,4242.692383,4263.589844,4251.025879,4229.102539,4225.641113,4221.153809,4208.589844,4203.461426,4237.05127,4166.282227,3
1669029887.499053,252.0,4236.794922,4219.230957,4284.358887,4240.384766,4244.230957,4263.717773,4248.589844,4230.128418,4228.461426,4222.563965,4212.94873,4205.897461,4239.487305,4174.871582,3
1669029887.502966,253.0,4243.077148,4220.256348,4288.589844,4240.769043,4251.025879,4268.077148,4250.641113,4234.743652,4235.384766,4228.077148,4223.333496,4207.692383,4246.282227,4184.102539,3
1669029887.506879,254.0,4245.641113,4217.94873,4293.077148,4242.436035,4258.846191,4275.0,4256.538574,4242.05127,4243.974121,4236.282227,4235.0,4209.487305,4253.974121,4189.743652,3
1669029887.510791,255.0,4245.384766,4216.538574,4296.794922,4246.025879,4264.358887,4282.692383,4264.358887,4250.769043,4252.692383,4245.0,4243.717773,4213.589844,4260.256348,4192.179688,3
1669029887.514704,0.0,4245.128418,4220.256348,4300.0,4251.922852,4266.666504,4289.230957,4271.794922,4259.743652,4260.512695,4251.922852,4247.436035,4220.512695,4263.974121,4194.743652,3
1669029887.518617,1.0,4245.897461,4229.102539,4302.436035,4257.94873,4266.153809,4292.692383,4276.282227,4266.282227,4266.153809,4255.128418,4246.922852,4227.179688,4265.256348,4199.487305,3
1669029887.522529,2.0,4245.128418,4237.692383,4302.820313,4260.769043,4263.589844,4292.563965,4276.666504,4266.794922,4267.436035,4254.230957,4244.487305,4228.717773,4263.717773,4204.358887,3
1669029887.526442,3.0,4240.0,4239.358887,4301.538574,4257.94873,4261.153809,4290.256348,4273.589844,4260.897461,4264.230957,4250.0,4242.05127,4224.230957,4259.743652,4206.025879,3
1669029887.530355,4.0,4232.307617,4232.94873,4300.512695,4250.897461,4261.025879,4288.717773,4270.128418,4253.077148,4259.102539,4245.512695,4240.897461,4217.563965,4254.743652,4202.94873,3
1669029887.534268,5.0,4227.94873,4223.717773,4301.794922,4243.461426,4264.102539,4290.897461,4268.846191,4249.487305,4255.0,4244.358887,4240.897461,4214.487305,4250.897461,4197.436035,3
1669029887.53818,6.0,4230.384766,4218.077148,4304.102539,4239.230957,4268.461426,4295.769043,4270.384766,4252.307617,4253.461426,4247.692383,4241.410156,4216.794922,4248.846191,4192.307617,3
1669029887.542093,7.0,4236.282227,4217.94873,4303.846191,4239.358887,4270.256348,4299.358887,4272.436035,4258.205078,4253.846191,4253.333496,4242.05127,4220.897461,4247.820313,4189.230957,3
1669029887.546006,8.0,4239.487305,4220.641113,4298.589844,4241.538574,4267.436035,4297.563965,4272.94873,4261.666504,4254.743652,4257.307617,4243.205078,4221.666504,4246.666504,4188.077148,3
1669029887.549919,9.0,4237.307617,4222.820313,4290.512695,4243.077148,4261.282227,4290.641113,4271.282227,4260.256348,4256.153809,4258.205078,4246.153809,4218.077148,4246.025879,4189.102539,3
1669029887.553831,10.0,4234.102539,4223.461426,4285.256348,4242.436035,4255.512695,4283.205078,4268.333496,4255.384766,4258.589844,4257.94873,4250.769043,4214.102539,4247.05127,4192.820313,3
1669029887.557744,11.0,4235.769043,4222.94873,4286.282227,4240.256348,4252.94873,4280.256348,4265.128418,4249.743652,4261.538574,4259.230957,4255.512695,4214.487305,4249.743652,4198.717773,3
1669029887.561657,12.0,4242.820313,4222.436035,4291.922852,4238.077148,4253.461426,4282.820313,4261.922852,4245.384766,4262.820313,4261.794922,4257.563965,4219.102539,4251.410156,4204.102539,3
1669029887.56557,13.0,4250.0,4223.974121,4297.05127,4237.692383,4255.512695,4288.205078,4258.205078,4241.666504,4260.0,4262.820313,4255.0,4222.94873,4249.358887,4206.153809,3
1669029887.569482,14.0,4249.871582,4227.563965,4297.436035,4239.102539,4257.179688,4291.538574,4254.102539,4236.922852,4252.692383,4260.128418,4248.974121,4221.025879,4243.589844,4203.974121,3
1669029887.573395,15.0,4240.256348,4230.897461,4293.333496,4240.897461,4258.461426,4290.384766,4250.128418,4231.025879,4243.717773,4254.743652,4243.077148,4214.230957,4236.666504,4199.743652,3
1669029887.577308,16.0,4226.025879,4230.128418,4288.205078,4241.410156,4260.0,4285.769043,4248.077148,4227.179688,4237.94873,4250.128418,4241.153809,4207.94873,4232.179688,4197.436035,3
1669029887.58122,17.0,4215.897461,4225.128418,4287.05127,4240.769043,4262.307617,4281.922852,4249.871582,4228.717773,4238.974121,4249.358887,4243.717773,4207.436035,4232.179688,4199.230957,3
1669029887.585133,18.0,4216.153809,4220.128418,4291.666504,4240.512695,4265.0,4281.794922,4255.769043,4236.282227,4245.384766,4252.179688,4247.307617,4213.461426,4236.410156,4204.102539,3
1669029887.589046,19.0,4226.282227,4219.871582,4300.256348,4242.692383,4266.666504,4286.025879,4262.563965,4245.512695,4251.538574,4254.102539,4247.436035,4221.538574,4243.333496,4208.589844,3
1669029887.592959,20.0,4238.974121,4225.512695,4308.077148,4246.410156,4265.769043,4291.282227,4265.897461,4250.128418,4252.05127,4250.641113,4241.666504,4225.769043,4250.0,4210.0,3
1669029887.596871,21.0,4246.538574,4232.179688,4311.025879,4249.487305,4263.461426,4293.846191,4263.846191,4247.179688,4246.025879,4241.666504,4231.794922,4224.102539,4253.461426,4207.94873,3
1669029887.600784,22.0,4246.282227,4234.102539,4308.589844,4249.743652,4262.563965,4292.307617,4259.358887,4240.641113,4238.077148,4232.179688,4222.820313,4218.974121,4252.820313,4204.230957,3
1669029887.604697,23.0,4242.436035,4229.102539,4303.589844,4247.436035,4265.0,4288.461426,4257.307617,4237.307617,4234.615234,4227.820313,4218.846191,4214.487305,4249.743652,4201.153809,3
1669029887.60861,24.0,4241.538574,4220.641113,4299.102539,4244.743652,4269.615234,4285.641113,4260.0,4240.769043,4237.563965,4230.256348,4220.897461,4212.820313,4246.794922,4199.102539,3
1669029887.612522,25.0,4245.256348,4215.641113,4296.153809,4243.333496,4272.563965,4284.871582,4264.743652,4247.692383,4241.922852,4236.025879,4225.897461,4212.692383,4245.0,4196.538574,3
1669029887.616435,26.0,4249.230957,4219.102539,4293.205078,4243.589844,4271.025879,4284.230957,4266.666504,4251.153809,4241.282227,4238.974121,4228.717773,4211.153809,4244.358887,4192.436035,3
1669029887.620348,27.0,4247.820313,4229.487305,4289.615234,4244.615234,4265.769043,4282.307617,4263.077148,4247.179688,4234.487305,4236.282227,4226.922852,4207.563965,4245.0,4188.205078,3
1669029887.62426,28.0,4241.153809,4240.641113,4286.794922,4245.769043,4260.384766,4279.230957,4255.641113,4237.94873,4227.692383,4231.153809,4222.307617,4204.102539,4248.077148,4187.05127,3
1669029887.628173,29.0,4234.871582,4244.615234,4286.666504,4247.05127,4257.820313,4277.307617,4248.717773,4229.358887,4228.333496,4229.487305,4219.102539,4203.205078,4253.717773,4190.512695,3
1669029887.632086,30.0,4234.102539,4237.692383,4289.102539,4248.717773,4258.333496,4277.820313,4245.384766,4225.897461,4237.05127,4233.589844,4220.128418,4205.897461,4259.743652,4196.153809,3
1669029887.635999,31.0,4238.077148,4221.922852,4291.153809,4250.256348,4259.487305,4280.0,4246.153809,4227.94873,4246.282227,4240.0,4223.974121,4209.615234,4262.436035,4199.358887,3
1669029887.639911,32.0,4241.666504,4205.512695,4289.615234,4251.153809,4259.102539,4282.692383,4249.102539,4232.436035,4246.153809,4242.94873,4227.307617,4212.05127,4259.871582,4197.307617,3
1669029887.643824,33.0,4241.538574,4198.205078,4284.615234,4251.922852,4258.205078,4284.871582,4251.794922,4235.512695,4234.102539,4239.615234,4228.077148,4213.077148,4254.358887,4193.077148,3
1669029887.647737,34.0,4239.230957,4205.641113,4280.897461,4253.333496,4259.230957,4286.666504,4252.563965,4234.871582,4217.05127,4233.077148,4228.333496,4215.769043,4250.769043,4193.077148,3
1669029887.65165,35.0,4238.461426,4225.897461,4282.94873,4255.256348,4264.102539,4287.94873,4251.282227,4231.538574,4206.410156,4230.256348,4231.153809,4222.436035,4252.563965,4201.410156,3
1669029887.655562,36.0,4242.179688,4249.102539,4290.641113,4256.666504,4271.025879,4288.589844,4248.846191,4228.589844,4209.615234,4235.897461,4238.974121,4231.666504,4258.974121,4214.487305,3
1669029887.659475,37.0,4248.589844,4262.563965,4297.307617,4256.410156,4275.512695,4288.077148,4246.922852,4228.333496,4225.384766,4249.487305,4249.615234,4239.230957,4266.538574,4223.333496,3
1669029887.663388,38.0,4253.589844,4258.077148,4295.641113,4254.615234,4274.102539,4285.897461,4246.282227,4230.769043,4244.358887,4263.717773,4258.589844,4240.256348,4271.282227,4220.897461,3
1669029887.6673,39.0,4253.717773,4238.589844,4283.717773,4252.179688,4267.179688,4282.436035,4247.307617,4234.358887,4255.512695,4270.0,4260.769043,4234.358887,4272.307617,4208.333496,3
1669029887.671213,40.0,4250.384766,4217.307617,4268.077148,4250.512695,4259.102539,4279.358887,4250.128418,4238.717773,4254.615234,4264.358887,4255.256348,4225.769043,4271.794922,4194.743652,3
1669029887.675126,41.0,4248.717773,4209.358887,4258.333496,4251.025879,4254.487305,4279.102539,4254.871582,4244.487305,4246.153809,4249.871582,4245.384766,4221.153809,4273.205078,4191.282227,3
1669029887.679039,42.0,4251.666504,4220.641113,4258.846191,4253.846191,4254.615234,4282.05127,4260.512695,4251.153809,4237.94873,4234.358887,4236.794922,4225.384766,4277.692383,4202.692383,3
1669029887.682951,43.0,4257.307617,4242.820313,4264.871582,4257.94873,4256.410156,4286.025879,4264.358887,4255.897461,4235.128418,4224.230957,4233.974121,4237.179688,4283.333496,4223.974121,3
1669029887.686864,44.0,4259.230957,4261.410156,4267.307617,4261.025879,4255.769043,4287.692383,4263.717773,4254.487305,4236.922852,4222.05127,4237.307617,4250.128418,4286.538574,4244.743652,3
1669029887.690777,45.0,4253.461426,4267.179688,4260.384766,4261.538574,4251.666504,4285.641113,4257.94873,4245.0,4238.974121,4226.538574,4243.717773,4257.436035,4285.384766,4256.538574,3
1669029887.69469,46.0,4242.179688,4261.538574,4246.922852,4260.0,4246.666504,4282.05127,4250.384766,4231.794922,4238.589844,4233.333496,4248.846191,4257.179688,4281.794922,4257.94873,3
1669029887.698602,47.0,4231.666504,4252.692383,4234.487305,4257.692383,4243.717773,4280.384766,4245.897461,4223.077148,4236.282227,4238.846191,4250.769043,4252.94873,4278.717773,4253.846191,3
1669029887.702515,48.0,4227.179688,4246.922852,4229.358887,4255.897461,4243.846191,4282.436035,4248.589844,4226.025879,4235.0,4241.794922,4250.0,4250.641113,4277.820313,4250.384766,3
1669029887.706428,49.0,4228.974121,4245.641113,4231.282227,4254.743652,4245.384766,4286.794922,4258.077148,4239.871582,4238.205078,4243.717773,4249.358887,4252.94873,4278.717773,4249.871582,3
1669029887.71034,50.0,4232.692383,4246.282227,4234.615234,4253.461426,4245.128418,4290.256348,4269.358887,4256.410156,4245.897461,4246.922852,4250.512695,4257.820313,4279.743652,4250.769043,3
1669029887.714253,51.0,4234.358887,4247.05127,4234.230957,4251.922852,4241.666504,4290.512695,4276.282227,4265.897461,4255.769043,4252.179688,4253.077148,4260.897461,4279.743652,4249.871582,3
1669029887.718166,52.0,4232.94873,4248.461426,4230.0,4250.256348,4236.282227,4288.205078,4275.641113,4264.615234,4263.846191,4258.205078,4255.128418,4259.358887,4279.230957,4247.179688,3
1669029887.722079,53.0,4231.025879,4251.282227,4226.794922,4249.487305,4232.179688,4286.025879,4270.384766,4257.820313,4267.94873,4262.563965,4255.769043,4254.871582,4279.102539,4245.641113,3
1669029887.725991,54.0,4231.410156,4253.846191,4228.717773,4250.512695,4232.436035,4286.282227,4265.512695,4253.461426,4267.563965,4264.487305,4255.769043,4251.410156,4279.615234,4248.205078,3
1669029887.729904,55.0,4233.589844,4252.563965,4234.615234,4252.563965,4237.05127,4289.358887,4264.358887,4255.384766,4264.743652,4264.358887,4256.666504,4251.794922,4280.0,4253.077148,3
1669029887.733817,56.0,4234.230957,4244.871582,4238.974121,4253.461426,4243.205078,4292.94873,4265.769043,4259.102539,4262.307617,4262.94873,4258.846191,4254.871582,4278.974121,4255.0,3
1669029887.737729,57.0,4230.512695,4232.820313,4237.05127,4251.922852,4247.179688,4294.615234,4265.256348,4257.436035,4261.538574,4260.641113,4261.282227,4256.410156,4276.282227,4250.769043,3
1669029887.741642,58.0,4223.461426,4222.563965,4230.0,4248.589844,4247.307617,4293.205078,4259.615234,4247.05127,4261.282227,4257.692383,4262.179688,4253.589844,4273.846191,4242.436035,3
1669029887.745555,59.0,4217.692383,4219.230957,4223.205078,4246.538574,4244.871582,4290.0,4250.384766,4233.077148,4258.717773,4255.256348,4261.025879,4247.179688,4274.102539,4235.769043,3
1669029887.749468,60.0,4217.820313,4222.94873,4221.282227,4247.94873,4242.94873,4287.94873,4243.333496,4224.871582,4253.333496,4255.0,4259.102539,4241.538574,4277.94873,4235.128418,3
1669029887.75338,61.0,4224.615234,4229.230957,4224.615234,4252.179688,4243.333496,4287.820313,4243.717773,4228.077148,4248.974121,4257.307617,4258.717773,4240.256348,4282.94873,4241.153809,3
1669029887.757293,62.0,4234.102539,4233.461426,4229.743652,4256.538574,4245.641113,4288.974121,4251.153809,4239.743652,4250.769043,4261.153809,4261.025879,4244.230957,4284.871582,4249.871582,3
1669029887.761206,63.0,4241.025879,4235.512695,4233.717773,4258.461426,4248.461426,4289.615234,4260.256348,4251.025879,4259.615234,4264.743652,4265.128418,4250.769043,4281.538574,4256.282227,3
1669029887.765119,64.0,4242.94873,4239.358887,4235.769043,4257.436035,4251.025879,4289.487305,4264.487305,4254.487305,4270.769043,4266.794922,4269.615234,4257.563965,4274.871582,4258.461426,3
1669029887.769031,65.0,4241.153809,4247.692383,4236.282227,4255.128418,4253.333496,4288.717773,4261.282227,4250.0,4277.307617,4266.538574,4273.077148,4263.589844,4269.743652,4257.692383,3
1669029887.772944,66.0,4239.102539,4257.307617,4236.025879,4253.717773,4254.487305,4287.820313,4253.589844,4243.077148,4276.538574,4264.358887,4275.0,4268.717773,4269.871582,4257.05127,3
1669029887.776857,67.0,4239.615234,4262.179688,4235.641113,4254.487305,4254.102539,4286.666504,4247.436035,4240.256348,4272.307617,4261.794922,4276.282227,4272.692383,4275.641113,4258.589844,3
1669029887.780769,68.0,4243.717773,4260.0,4236.153809,4257.692383,4252.307617,4285.512695,4247.563965,4243.461426,4272.05127,4261.922852,4278.589844,4274.743652,4284.743652,4262.179688,3
1669029887.784682,69.0,4249.487305,4254.358887,4238.077148,4262.179688,4250.384766,4285.0,4253.333496,4249.102539,4278.717773,4266.666504,4282.563965,4274.615234,4293.589844,4266.025879,3
1669029887.788595,70.0,4253.333496,4250.512695,4240.0,4266.025879,4249.615234,4285.897461,4260.128418,4252.692383,4287.307617,4273.333496,4285.897461,4271.666504,4298.461426,4267.436035,3
1669029887.792508,71.0,4251.794922,4249.871582,4239.871582,4266.794922,4249.487305,4287.05127,4263.461426,4251.666504,4287.820313,4276.282227,4285.128418,4266.410156,4297.820313,4264.615234,3
1669029887.79642,72.0,4245.0,4250.256348,4236.538574,4263.846191,4248.333496,4287.05127,4262.05127,4248.077148,4274.230957,4270.769043,4277.820313,4259.230957,4292.94873,4258.205078,3
1669029887.800333,73.0,4236.666504,4249.230957,4230.512695,4258.846191,4244.871582,4285.256348,4258.846191,4245.897461,4250.641113,4257.94873,4266.538574,4252.436035,4287.436035,4250.769043,3
1669029887.804246,74.0,4231.666504,4246.666504,4223.974121,4254.615234,4239.615234,4282.692383,4256.922852,4247.692383,4228.846191,4244.358887,4256.282227,4248.717773,4284.358887,4245.256348,3
1669029887.808159,75.0,4232.563965,4245.0,4219.871582,4252.94873,4234.871582,4281.538574,4258.077148,4252.436035,4219.615234,4236.666504,4251.794922,4250.256348,4284.230957,4242.820313,3
1669029887.812071,76.0,4238.717773,4246.922852,4220.128418,4253.846191,4233.717773,4283.205078,4261.538574,4257.307617,4225.641113,4237.820313,4253.717773,4256.282227,4285.769043,4244.358887,3
1669029887.815984,77.0,4247.94873,4252.563965,4225.641113,4256.538574,4238.077148,4286.922852,4265.256348,4260.256348,4240.512695,4244.358887,4259.102539,4264.487305,4287.692383,4249.871582,3
1669029887.819897,78.0,4256.153809,4259.358887,4233.717773,4259.487305,4246.282227,4290.0,4267.05127,4260.641113,4253.461426,4249.358887,4263.589844,4271.153809,4289.743652,4257.692383,3
1669029887.82381,79.0,4259.487305,4263.461426,4239.358887,4260.897461,4253.846191,4289.743652,4265.384766,4258.589844,4257.436035,4247.436035,4263.846191,4272.94873,4291.538574,4264.358887,3
1669029887.827722,80.0,4255.384766,4263.077148,4238.461426,4259.743652,4256.410156,4285.641113,4260.641113,4255.384766,4253.077148,4238.974121,4259.102539,4268.974121,4291.794922,4266.282227,3
1669029887.831635,81.0,4246.282227,4259.358887,4231.153809,4256.410156,4252.692383,4280.256348,4254.743652,4252.307617,4246.282227,4229.358887,4251.794922,4261.153809,4289.871582,4262.05127,3
1669029887.835548,82.0,4237.436035,4255.0,4222.436035,4253.077148,4246.538574,4277.307617,4249.358887,4250.256348,4243.461426,4224.358887,4245.256348,4253.717773,4286.153809,4254.230957,3
1669029887.83946,83.0,4234.230957,4250.769043,4218.589844,4252.05127,4243.205078,4278.205078,4245.769043,4248.846191,4246.025879,4225.897461,4242.179688,4250.128418,4281.666504,4247.05127,3
1669029887.843373,84.0,4236.922852,4245.897461,4221.538574,4253.589844,4244.615234,4281.153809,4244.102539,4247.563965,4251.025879,4230.256348,4242.94873,4250.769043,4278.717773,4244.102539,3
1669029887.847286,85.0,4241.282227,4239.102539,4228.205078,4256.666504,4247.692383,4282.692383,4244.615234,4246.153809,4254.230957,4233.077148,4246.153809,4252.692383,4279.102539,4245.128418,3
1669029887.851199,86.0,4241.794922,4231.153809,4232.307617,4258.974121,4247.820313,4281.410156,4246.794922,4245.0,4253.461426,4232.820313,4249.487305,4251.922852,4283.461426,4247.179688,3
1669029887.855111,87.0,4234.871582,4225.0,4230.384766,4258.846191,4243.077148,4278.461426,4249.743652,4245.128418,4250.256348,4231.922852,4251.153809,4247.307617,4290.0,4246.410156,3
1669029887.859024,88.0,4223.077148,4224.615234,4224.487305,4256.410156,4235.769043,4276.282227,4252.307617,4247.05127,4248.205078,4233.333496,4251.153809,4241.538574,4295.384766,4242.307617,3
1669029887.862937,89.0,4212.94873,4230.897461,4219.615234,4253.333496,4230.512695,4276.410156,4253.461426,4249.230957,4250.256348,4237.820313,4251.153809,4239.871582,4296.666504,4238.205078,3
1669029887.86685,90.0,4211.922852,4241.025879,4220.384766,4252.05127,4231.410156,4278.333496,4252.692383,4250.128418,4257.307617,4243.589844,4252.307617,4245.128418,4292.563965,4238.333496,3
1669029887.870762,91.0,4221.538574,4250.0,4226.410156,4253.589844,4238.846191,4280.512695,4251.410156,4250.384766,4266.153809,4248.846191,4255.384766,4255.512695,4285.256348,4243.974121,3
1669029887.874675,92.0,4236.794922,4253.974121,4233.333496,4256.538574,4248.333496,4281.410156,4251.794922,4252.563965,4272.179688,4252.179688,4259.358887,4264.743652,4277.820313,4251.666504,3
1669029887.878588,93.0,4248.846191,4252.563965,4235.769043,4257.436035,4254.102539,4280.897461,4255.384766,4258.846191,4271.538574,4252.692383,4261.666504,4267.307617,4272.94873,4256.282227,3
1669029887.882501,94.0,4251.922852,4247.563965,4232.436035,4254.358887,4252.307617,4280.384766,4260.769043,4267.94873,4265.256348,4250.256348,4260.512695,4261.922852,4271.538574,4255.128418,3
1669029887.886413,95.0,4246.538574,4240.897461,4226.538574,4249.102539,4245.128418,4281.666504,4265.128418,4274.358887,4257.820313,4246.153809,4256.666504,4253.077148,4272.820313,4250.0,3
1669029887.890326,96.0,4238.589844,4233.974121,4223.846191,4245.256348,4238.077148,4284.871582,4265.641113,4273.333496,4254.230957,4242.436035,4253.717773,4247.307617,4275.512695,4245.512695,3
1669029887.894239,97.0,4234.358887,4227.436035,4226.538574,4245.512695,4236.410156,4288.846191,4261.282227,4263.974121,4255.256348,4241.538574,4254.743652,4248.077148,4278.205078,4245.256348,3
1669029887.898152,98.0,4235.384766,4222.692383,4232.436035,4248.846191,4240.512695,4291.282227,4253.974121,4250.0,4257.94873,4243.589844,4259.358887,4253.333496,4279.230957,4248.846191,3
1669029887.902064,99.0,4238.846191,4221.538574,4236.794922,4251.282227,4246.666504,4291.025879,4246.666504,4237.94873,4257.692383,4247.307617,4263.589844,4257.820313,4278.205078,4253.461426,3
1669029887.905977,100.0,4239.743652,4224.871582,4237.436035,4250.128418,4250.0,4289.230957,4242.436035,4232.692383,4252.94873,4250.128418,4265.128418,4257.307617,4276.282227,4256.025879,3
1669029887.90989,101.0,4235.897461,4231.025879,4235.641113,4245.641113,4248.461426,4288.205078,4242.436035,4234.871582,4246.666504,4250.769043,4264.743652,4252.179688,4275.128418,4256.025879,3
1669029887.913802,102.0,4228.846191,4236.538574,4233.974121,4240.512695,4244.743652,4289.871582,4245.512695,4241.282227,4243.974121,4250.0,4264.615234,4246.025879,4275.128418,4254.358887,3
1669029887.917715,103.0,4222.563965,4238.846191,4234.358887,4237.307617,4243.333496,4293.846191,4249.487305,4247.05127,4247.436035,4249.615234,4265.897461,4242.820313,4275.256348,4252.563965,3
1669029887.921628,104.0,4221.666504,4238.205078,4236.922852,4237.307617,4246.410156,4298.077148,4251.538574,4249.487305,4255.512695,4250.641113,4267.820313,4244.358887,4273.846191,4251.922852,3
1669029887.925541,105.0,4227.307617,4237.05127,4240.384766,4240.512695,4251.922852,4300.128418,4250.641113,4248.974121,4263.461426,4253.333496,4268.589844,4249.615234,4270.512695,4252.692383,3
1669029887.929453,106.0,4236.153809,4237.820313,4243.077148,4245.128418,4254.487305,4298.461426,4246.666504,4246.922852,4266.538574,4256.410156,4267.05127,4255.0,4264.743652,4254.358887,3
1669029887.933366,107.0,4242.05127,4240.512695,4243.077148,4248.205078,4250.512695,4293.846191,4240.897461,4244.358887,4262.820313,4257.563965,4263.846191,4257.307617,4257.563965,4256.153809,3
1669029887.937279,108.0,4240.769043,4243.846191,4239.871582,4248.205078,4241.153809,4288.717773,4235.641113,4240.512695,4254.487305,4255.897461,4260.512695,4254.871582,4251.538574,4256.410156,3
1669029887.941192,109.0,4233.333496,4245.897461,4234.358887,4245.512695,4232.05127,4286.153809,4232.563965,4235.256348,4246.153809,4251.666504,4258.589844,4248.846191,4249.230957,4253.333496,3
1669029887.945104,110.0,4224.487305,4245.128418,4229.230957,4242.436035,4228.974121,4286.666504,4232.05127,4230.256348,4242.563965,4246.538574,4257.436035,4241.922852,4250.897461,4246.410156,3
1669029887.949017,111.0,4220.0,4241.538574,4227.179688,4241.538574,4233.077148,4288.717773,4233.077148,4228.846191,4245.128418,4242.563965,4255.897461,4237.563965,4254.871582,4238.589844,3
1669029887.95293,112.0,4223.717773,4237.05127,4230.128418,4243.846191,4240.256348,4290.0,4234.102539,4232.436035,4251.794922,4242.179688,4254.487305,4238.717773,4260.0,4234.743652,3
1669029887.956842,113.0,4235.384766,4234.743652,4237.05127,4248.333496,4246.025879,4290.128418,4234.615234,4239.358887,4258.333496,4246.922852,4255.641113,4246.282227,4266.153809,4239.230957,3
1669029887.960755,114.0,4249.230957,4236.410156,4244.102539,4253.205078,4248.589844,4290.256348,4235.384766,4245.641113,4261.282227,4255.897461,4261.666504,4256.794922,4273.205078,4250.512695,3
1669029887.964668,115.0,4257.820313,4240.384766,4246.794922,4255.384766,4249.102539,4291.025879,4237.692383,4248.333496,4259.102539,4265.384766,4270.384766,4264.743652,4278.974121,4262.179688,3
1669029887.968581,116.0,4256.666504,4243.077148,4243.077148,4253.077148,4248.461426,4291.153809,4241.794922,4247.05127,4253.333496,4269.487305,4276.538574,4265.384766,4280.897461,4267.05127,3
1669029887.972493,117.0,4247.05127,4242.94873,4235.128418,4246.922852,4246.153809,4289.230957,4246.153809,4244.230957,4247.692383,4265.641113,4275.128418,4258.846191,4278.077148,4262.820313,3
1669029887.976406,118.0,4235.0,4240.384766,4228.205078,4240.512695,4241.410156,4285.512695,4248.077148,4243.205078,4245.256348,4256.410156,4266.666504,4249.615234,4272.307617,4253.461426,3
1669029887.980319,119.0,4227.179688,4237.05127,4226.153809,4237.563965,4235.256348,4282.05127,4246.538574,4245.384766,4246.794922,4248.333496,4256.794922,4243.589844,4267.05127,4245.769043,3
1669029887.984232,120.0,4226.410156,4234.102539,4229.743652,4239.102539,4230.897461,4281.666504,4243.846191,4249.871582,4250.641113,4246.538574,4252.05127,4243.205078,4264.230957,4243.589844,3
1669029887.988144,121.0,4231.153809,4232.436035,4235.0,4242.436035,4231.025879,4284.743652,4243.205078,4254.743652,4254.358887,4251.666504,4254.102539,4246.282227,4263.717773,4245.897461,3
1669029887.992057,122.0,4236.410156,4232.307617,4236.922852,4243.717773,4235.897461,4289.487305,4245.512695,4257.563965,4256.410156,4259.102539,4259.358887,4248.974121,4263.974121,4248.589844,3
1669029887.99597,123.0,4237.307617,4233.461426,4233.589844,4241.794922,4242.692383,4292.692383,4247.94873,4256.922852,4256.282227,4263.461426,4261.666504,4248.589844,4264.102539,4248.205078,3
1669029887.999882,124.0,4232.820313,4233.461426,4226.922852,4237.94873,4246.282227,4292.563965,4247.307617,4252.94873,4254.615234,4261.666504,4257.307617,4244.743652,4263.589844,4243.974121,3
1669029888.003795,125.0,4225.641113,4228.717773,4221.153809,4235.128418,4242.94873,4289.487305,4243.077148,4247.820313,4251.410156,4254.615234,4247.307617,4237.94873,4261.666504,4237.05127,3
1669029888.007708,126.0,4220.128418,4217.94873,4219.358887,4235.0,4233.589844,4286.282227,4238.077148,4244.102539,4246.922852,4246.410156,4236.025879,4230.384766,4258.589844,4229.615234,3
1669029888.011621,127.0,4219.487305,4205.769043,4222.563965,4237.436035,4224.615234,4286.282227,4236.410156,4243.717773,4242.692383,4241.410156,4229.487305,4225.0,4256.794922,4224.487305,3
1669029888.015533,128.0,4224.230957,4200.897461,4230.256348,4241.282227,4222.563965,4290.512695,4240.128418,4246.666504,4242.05127,4242.436035,4231.410156,4225.256348,4258.717773,4224.358887,3
1669029888.019446,129.0,4231.538574,4209.487305,4239.487305,4245.0,4229.102539,4296.666504,4246.410156,4250.641113,4246.538574,4248.846191,4241.282227,4231.666504,4264.615234,4230.0,3
1669029888.023359,130.0,4237.307617,4228.333496,4245.384766,4246.410156,4239.487305,4300.256348,4250.384766,4252.563965,4254.615234,4256.922852,4253.589844,4240.0,4271.282227,4238.461426,3
1669029888.027272,131.0,4238.205078,4245.897461,4244.743652,4244.230957,4247.05127,4299.230957,4248.589844,4250.769043,4260.897461,4262.179688,4261.410156,4244.615234,4274.487305,4244.871582,3
1669029888.031184,132.0,4233.974121,4250.897461,4238.205078,4239.615234,4248.461426,4294.615234,4241.794922,4246.410156,4261.666504,4262.307617,4261.538574,4243.205078,4272.179688,4245.641113,3
1669029888.035097,133.0,4226.922852,4239.743652,4230.128418,4234.615234,4243.717773,4290.0,4234.743652,4242.563965,4256.410156,4258.333496,4256.410156,4237.692383,4265.897461,4241.153809,3
1669029888.03901,134.0,4220.384766,4219.871582,4224.615234,4231.410156,4236.410156,4287.179688,4231.282227,4242.436035,4249.871582,4253.846191,4251.025879,4232.820313,4258.974121,4234.871582,3
1669029888.042922,135.0,4216.922852,4204.743652,4223.461426,4231.410156,4230.0,4285.641113,4232.563965,4245.897461,4247.307617,4252.179688,4248.846191,4231.794922,4255.256348,4230.641113,3
1669029888.046835,136.0,4217.820313,4204.102539,4225.512695,4234.358887,4227.692383,4283.333496,4235.769043,4249.615234,4251.153809,4254.358887,4250.256348,4234.102539,4257.436035,4230.512695,3
1669029888.050748,137.0,4222.563965,4216.666504,4228.846191,4239.743652,4230.0,4279.871582,4237.307617,4249.487305,4258.717773,4258.717773,4253.205078,4236.794922,4265.641113,4233.205078,3
1669029888.054661,138.0,4229.487305,4231.922852,4231.922852,4245.769043,4235.384766,4276.666504,4235.769043,4244.615234,4263.717773,4262.436035,4255.769043,4238.205078,4275.641113,4235.897461,3
1669029888.058573,139.0,4235.641113,4238.974121,4234.358887,4250.512695,4241.025879,4276.538574,4232.94873,4238.205078,4261.282227,4263.974121,4257.179688,4238.333496,4282.179688,4237.179688,3
1669029888.062486,140.0,4238.974121,4234.871582,4235.641113,4252.563965,4244.102539,4280.256348,4231.922852,4235.128418,4252.563965,4263.717773,4257.692383,4238.846191,4282.563965,4237.05127,3
1669029888.066399,141.0,4238.461426,4226.025879,4235.256348,4251.794922,4242.436035,4285.512695,4234.615234,4238.846191,4245.0,4262.563965,4258.205078,4240.512695,4279.102539,4235.769043,3
1669029888.070312,142.0,4235.0,4222.179688,4232.820313,4249.230957,4236.794922,4288.717773,4239.743652,4248.205078,4245.769043,4260.897461,4258.974121,4242.692383,4276.153809,4233.846191,3
1669029888.074224,143.0,4231.282227,4227.94873,4229.743652,4246.025879,4229.743652,4288.205078,4244.358887,4258.974121,4255.256348,4258.589844,4259.358887,4243.846191,4276.282227,4230.897461,3
1669029888.078137,144.0,4229.358887,4239.230957,4228.333496,4243.205078,4225.384766,4284.615234,4246.282227,4266.025879,4266.666504,4255.897461,4257.563965,4241.922852,4277.692383,4227.563965,3
1669029888.08205,145.0,4230.128418,4246.794922,4230.0,4241.666504,4226.666504,4281.025879,4244.743652,4267.436035,4271.666504,4253.205078,4253.077148,4236.922852,4277.05127,4224.102539,3
1669029888.085962,146.0,4232.563965,4245.0,4233.717773,4241.538574,4234.102539,4280.256348,4241.666504,4264.615234,4267.820313,4251.282227,4247.307617,4231.025879,4272.820313,4221.794922,3
1669029888.089875,147.0,4235.384766,4237.563965,4237.179688,4242.307617,4244.358887,4282.692383,4239.871582,4261.538574,4261.025879,4251.025879,4243.461426,4227.692383,4267.179688,4222.05127,3
1669029888.093788,148.0,4237.820313,4232.820313,4238.589844,4243.077148,4252.307617,4286.282227,4241.282227,4261.282227,4260.128418,4252.436035,4243.974121,4228.461426,4263.333496,4225.512695,3
1669029888.097701,149.0,4239.615234,4235.0,4237.692383,4243.333496,4253.846191,4288.205078,4245.128418,4264.743652,4267.94873,4254.102539,4248.205078,4232.179688,4262.94873,4231.282227,3
1669029888.101613,150.0,4239.743652,4240.0,4234.871582,4242.436035,4249.102539,4286.794922,4248.077148,4269.487305,4278.333496,4254.743652,4252.94873,4236.025879,4264.230957,4236.153809,3
1669029888.105526,151.0,4237.307617,4240.0,4231.153809,4241.025879,4241.538574,4283.077148,4246.922852,4271.153809,4281.025879,4254.615234,4254.487305,4236.922852,4264.358887,4236.922852,3
1669029888.109439,152.0,4232.692383,4230.641113,4228.077148,4239.743652,4235.512695,4279.743652,4241.282227,4267.05127,4270.897461,4254.615234,4251.794922,4234.230957,4262.05127,4233.205078,3
1669029888.113352,153.0,4228.077148,4214.358887,4226.410156,4238.846191,4233.717773,4279.487305,4235.0,4258.717773,4253.717773,4254.871582,4247.05127,4229.358887,4259.487305,4227.436035,3
1669029888.117264,154.0,4226.538574,4199.230957,4225.641113,4238.077148,4236.410156,4283.461426,4233.205078,4251.666504,4241.025879,4254.487305,4243.205078,4225.128418,4260.641113,4222.820313,3
1669029888.121177,155.0,4228.846191,4193.333496,4225.128418,4237.307617,4240.769043,4289.743652,4238.077148,4250.897461,4240.0,4251.410156,4241.153809,4223.717773,4266.538574,4220.769043,3
1669029888.12509,156.0,4232.692383,4199.615234,4224.487305,4236.666504,4242.436035,4295.0,4246.282227,4256.025879,4247.436035,4244.487305,4238.461426,4225.512695,4274.102539,4220.384766,3
1669029888.129002,157.0,4233.461426,4213.077148,4222.692383,4236.153809,4238.461426,4295.769043,4250.769043,4261.922852,4252.179688,4234.743652,4232.436035,4228.589844,4277.820313,4219.102539,3
1669029888.132915,158.0,4227.94873,4225.384766,4219.358887,4235.512695,4230.512695,4291.538574,4247.179688,4262.94873,4246.538574,4225.641113,4222.94873,4230.0,4275.128418,4215.384766,3
1669029888.136828,159.0,4218.205078,4230.384766,4215.769043,4234.743652,4223.974121,4285.128418,4237.692383,4258.077148,4233.077148,4220.769043,4214.358887,4228.077148,4268.461426,4211.410156,3
1669029888.140741,160.0,4211.153809,4228.589844,4214.871582,4234.615234,4222.94873,4280.384766,4230.0,4251.666504,4223.077148,4222.563965,4212.179688,4224.615234,4264.102539,4211.410156,3
1669029888.144653,161.0,4212.94873,4224.615234,4218.461426,4235.769043,4226.794922,4279.743652,4230.641113,4249.230957,4225.641113,4229.871582,4218.205078,4222.820313,4265.384766,4217.563965,3
1669029888.148566,162.0,4223.205078,4221.922852,4225.256348,4237.436035,4230.256348,4282.179688,4239.102539,4252.563965,4239.487305,4238.974121,4228.717773,4224.230957,4269.871582,4226.410156,3
1669029888.152479,163.0,4234.487305,4219.615234,4230.384766,4238.077148,4228.846191,4284.615234,4248.077148,4258.461426,4254.102539,4245.897461,4236.922852,4226.794922,4271.794922,4230.256348,3
1669029888.156392,164.0,4239.102539,4215.256348,4228.974121,4236.410156,4223.077148,4284.487305,4249.743652,4261.153809,4259.102539,4248.974121,4238.333496,4227.436035,4268.333496,4224.743652,3
1669029888.160304,165.0,4235.769043,4210.897461,4221.922852,4233.589844,4218.461426,4282.05127,4242.692383,4257.179688,4253.846191,4248.974121,4235.128418,4227.179688,4262.563965,4214.615234,3
1669029888.164217,166.0,4230.641113,4213.717773,4215.641113,4232.05127,4221.410156,4280.384766,4233.205078,4249.230957,4246.153809,4249.102539,4234.743652,4231.153809,4260.769043,4211.538574,3
1669029888.16813,167.0,4231.282227,4228.974121,4216.538574,4233.717773,4233.077148,4282.179688,4229.358887,4243.205078,4244.487305,4251.666504,4242.820313,4243.461426,4266.922852,4225.384766,3
1669029888.172042,168.0,4238.974121,4252.05127,4224.871582,4238.717773,4247.94873,4287.307617,4233.846191,4243.461426,4250.769043,4256.922852,4258.333496,4262.563965,4279.358887,4255.128418,3
1669029888.175955,169.0,4248.205078,4270.897461,4233.461426,4244.102539,4256.410156,4291.666504,4241.794922,4248.461426,4259.230957,4262.94873,4274.230957,4280.897461,4291.666504,4289.358887,3
1669029888.179868,170.0,4251.410156,4276.025879,4233.717773,4245.769043,4252.94873,4292.179688,4245.512695,4251.794922,4262.179688,4267.692383,4283.589844,4291.538574,4297.820313,4314.102539,3
1669029888.183781,171.0,4247.436035,4269.102539,4223.077148,4242.692383,4240.0,4288.461426,4241.153809,4248.974121,4257.436035,4270.384766,4285.256348,4292.820313,4296.794922,4323.974121,3
1669029888.187693,172.0,4241.666504,4260.641113,4207.563965,4237.94873,4227.307617,4283.974121,4232.179688,4242.05127,4250.512695,4272.692383,4283.589844,4290.512695,4292.436035,4323.974121,3
1669029888.191606,173.0,4241.666504,4260.897461,4196.922852,4236.025879,4223.461426,4282.05127,4227.05127,4239.230957,4250.256348,4277.179688,4284.230957,4291.794922,4290.256348,4323.846191,3
1669029888.195519,174.0,4250.0,4273.077148,4196.538574,4238.461426,4229.102539,4283.846191,4230.769043,4246.410156,4262.05127,4285.0,4289.102539,4299.230957,4292.94873,4329.358887,3
1669029888.199432,175.0,4262.692383,4292.307617,4204.487305,4243.333496,4237.436035,4287.692383,4241.410156,4261.025879,4281.794922,4293.205078,4295.384766,4307.94873,4299.230957,4338.077148,3
1669029888.203344,176.0,4272.05127,4309.871582,4213.589844,4247.05127,4241.282227,4290.897461,4251.153809,4273.461426,4298.974121,4297.179688,4298.974121,4310.384766,4304.871582,4343.461426,3
1669029888.207257,177.0,4273.846191,4318.974121,4217.692383,4247.94873,4239.230957,4292.179688,4252.94873,4274.615234,4304.230957,4294.615234,4299.230957,4303.717773,4307.05127,4341.410156,3
1669029888.21117,178.0,4270.256348,4317.820313,4215.512695,4246.666504,4235.641113,4291.922852,4246.922852,4264.487305,4295.897461,4287.692383,4298.846191,4293.077148,4305.512695,4334.743652,3
1669029888.215083,179.0,4266.666504,4309.871582,4210.769043,4245.256348,4235.769043,4291.410156,4238.461426,4251.153809,4281.153809,4281.922852,4300.384766,4287.563965,4302.05127,4329.743652,3
1669029888.218995,180.0,4266.282227,4300.0,4207.94873,4245.128418,4240.0,4291.666504,4233.846191,4243.974121,4269.615234,4281.538574,4303.461426,4292.05127,4299.487305,4330.256348,3
1669029888.222908,181.0,4267.563965,4291.282227,4208.333496,4245.897461,4244.358887,4291.794922,4235.384766,4246.410156,4267.436035,4286.282227,4305.384766,4303.077148,4299.487305,4334.102539,3
1669029888.226821,182.0,4266.922852,4285.512695,4209.871582,4246.153809,4244.871582,4291.025879,4241.153809,4255.897461,4274.230957,4292.05127,4303.333496,4312.563965,4301.410156,4336.153809,3
1669029888.230734,183.0,4263.461426,4283.846191,4210.512695,4245.769043,4241.538574,4289.487305,4247.436035,4266.025879,4285.512695,4295.0,4298.205078,4314.615234,4303.846191,4333.589844,3
1669029888.234646,184.0,4260.512695,4287.05127,4210.641113,4245.769043,4237.563965,4288.717773,4251.794922,4272.307617,4295.769043,4294.487305,4292.94873,4310.256348,4305.641113,4328.589844,3
1669029888.238559,185.0,4262.307617,4292.820313,4211.538574,4247.05127,4236.153809,4289.358887,4253.589844,4273.461426,4301.410156,4291.666504,4290.512695,4304.615234,4305.641113,4325.128418,3
1669029888.242472,186.0,4268.846191,4295.512695,4212.820313,4248.846191,4236.282227,4289.743652,4252.307617,4271.153809,4301.025879,4287.307617,4290.256348,4300.769043,4303.333496,4324.615234,3
1669029888.246385,187.0,4274.102539,4290.512695,4212.05127,4249.230957,4234.358887,4287.436035,4247.692383,4266.922852,4295.384766,4281.922852,4288.589844,4297.179688,4298.974121,4324.615234,3
1669029888.250297,188.0,4271.666504,4279.358887,4207.05127,4246.538574,4227.820313,4282.179688,4241.282227,4261.153809,4286.538574,4275.769043,4282.563965,4291.025879,4293.461426,4321.922852,3
1669029888.25421,189.0,4261.282227,4269.615234,4199.230957,4241.153809,4218.717773,4276.153809,4236.153809,4254.102539,4276.794922,4270.0,4273.205078,4282.179688,4288.333496,4316.410156,3
1669029888.258123,190.0,4249.487305,4268.205078,4193.717773,4235.641113,4213.717773,4272.820313,4235.128418,4247.563965,4268.589844,4266.025879,4265.384766,4275.0,4285.256348,4311.538574,3
1669029888.262035,191.0,4244.871582,4275.384766,4194.615234,4234.102539,4217.692383,4273.461426,4238.333496,4244.871582,4264.615234,4265.512695,4264.358887,4274.615234,4285.641113,4311.282227,3
1669029888.265948,192.0,4250.769043,4285.512695,4201.666504,4238.205078,4229.615234,4277.05127,4243.461426,4247.820313,4266.538574,4269.615234,4270.641113,4281.538574,4289.871582,4317.05127,3
1669029888.269861,193.0,4262.692383,4292.94873,4210.641113,4246.025879,4242.436035,4280.512695,4246.922852,4254.487305,4272.820313,4277.05127,4279.487305,4291.025879,4296.282227,4325.641113,3
1669029888.273774,194.0,4271.922852,4295.512695,4216.410156,4252.563965,4249.102539,4281.538574,4247.05127,4259.615234,4278.974121,4283.205078,4285.128418,4296.666504,4301.922852,4331.794922,3
1669029888.277686,195.0,4272.563965,4294.358887,4216.794922,4253.461426,4247.307617,4279.487305,4244.358887,4258.974121,4280.641113,4283.333496,4284.358887,4294.871582,4303.589844,4332.179688,3
1669029888.281599,196.0,4265.384766,4292.307617,4213.077148,4249.487305,4241.025879,4276.282227,4241.538574,4253.589844,4276.666504,4277.179688,4279.358887,4289.230957,4301.025879,4328.077148,3
1669029888.285512,197.0,4257.563965,4292.307617,4209.615234,4245.128418,4236.666504,4274.230957,4240.641113,4248.461426,4271.025879,4270.384766,4275.256348,4287.179688,4296.666504,4324.615234,3
1669029888.289425,198.0,4257.179688,4295.0,4210.256348,4244.487305,4238.717773,4274.615234,4241.282227,4247.692383,4268.461426,4269.615234,4276.538574,4293.461426,4294.871582,4326.282227,3
1669029888.293337,199.0,4265.641113,4298.205078,4215.769043,4247.307617,4246.025879,4276.666504,4241.025879,4250.0,4269.743652,4276.282227,4282.820313,4305.0,4297.436035,4332.179688,3
1669029888.29725,200.0,4276.025879,4297.563965,4222.436035,4249.871582,4252.307617,4278.205078,4237.94873,4250.769043,4270.0,4284.743652,4289.230957,4312.179688,4301.794922,4336.025879,3
1669029888.301163,201.0,4278.717773,4290.512695,4225.256348,4248.974121,4251.282227,4277.436035,4232.94873,4246.538574,4264.230957,4286.282227,4289.358887,4307.820313,4303.461426,4332.307617,3
1669029888.305075,202.0,4269.743652,4278.974121,4222.563965,4245.0,4242.692383,4274.743652,4228.846191,4238.974121,4252.820313,4277.563965,4280.641113,4293.333496,4299.743652,4320.769043,3
1669029888.308988,203.0,4254.230957,4268.589844,4217.179688,4241.410156,4232.307617,4271.794922,4228.077148,4233.077148,4242.05127,4262.94873,4267.179688,4278.461426,4293.077148,4307.692383,3
1669029888.312901,204.0,4242.436035,4264.230957,4213.717773,4241.153809,4226.666504,4270.641113,4230.128418,4233.205078,4238.461426,4252.692383,4256.666504,4271.794922,4287.820313,4299.871582,3
1669029888.316814,205.0,4241.538574,4266.282227,4214.102539,4244.230957,4227.820313,4271.410156,4232.307617,4238.846191,4243.077148,4253.589844,4255.256348,4274.102539,4287.692383,4300.256348,3
1669029888.320726,206.0,4251.153809,4270.384766,4217.179688,4248.205078,4233.974121,4273.333496,4232.94873,4246.538574,4251.025879,4264.358887,4262.820313,4279.102539,4292.820313,4305.897461,3
1669029888.324639,207.0,4264.230957,4271.794922,4220.384766,4250.897461,4241.153809,4275.769043,4232.820313,4252.05127,4256.410156,4276.922852,4272.94873,4280.384766,4300.256348,4311.410156,3
1669029888.328552,208.0,4272.307617,4268.589844,4221.538574,4251.025879,4246.025879,4277.820313,4233.077148,4252.692383,4255.384766,4281.282227,4277.05127,4275.384766,4304.743652,4312.05127,3
1669029888.332465,209.0,4270.256348,4262.563965,4219.358887,4248.461426,4245.384766,4278.205078,4233.589844,4248.205078,4247.820313,4272.307617,4270.0,4266.538574,4301.922852,4306.153809,3
1669029888.336377,210.0,4260.128418,4257.820313,4214.615234,4244.230957,4239.358887,4275.641113,4232.436035,4240.769043,4236.282227,4252.94873,4253.846191,4258.589844,4291.282227,4295.769043,3
1669029888.34029,211.0,4248.974121,4257.563965,4210.256348,4240.384766,4231.666504,4271.025879,4229.102539,4234.230957,4224.871582,4232.820313,4236.666504,4255.0,4277.94873,4285.897461,3
1669029888.344203,212.0,4243.974121,4261.538574,4209.230957,4238.589844,4227.563965,4266.794922,4225.512695,4232.436035,4217.94873,4221.410156,4227.692383,4256.282227,4269.102539,4281.025879,3
1669029888.348115,213.0,4246.794922,4265.384766,4211.666504,4239.102539,4229.487305,4265.0,4224.743652,4235.897461,4217.820313,4221.794922,4230.384766,4259.487305,4268.333496,4281.538574,3
1669029888.352028,214.0,4252.307617,4264.487305,4214.487305,4240.256348,4235.512695,4265.384766,4227.563965,4242.05127,4223.589844,4229.615234,4240.256348,4260.897461,4272.94873,4284.230957,3
1669029888.355941,215.0,4253.333496,4258.333496,4214.230957,4240.256348,4240.897461,4266.538574,4231.025879,4245.897461,4232.05127,4238.205078,4249.102539,4259.871582,4276.922852,4285.128418,3
1669029888.359854,216.0,4247.436035,4252.307617,4210.641113,4238.205078,4241.794922,4267.05127,4231.922852,4245.0,4239.230957,4243.717773,4251.282227,4258.717773,4275.769043,4283.589844,3
1669029888.363766,217.0,4239.102539,4252.436035,4206.282227,4234.743652,4238.333496,4265.641113,4230.128418,4241.153809,4243.717773,4246.153809,4248.461426,4259.871582,4269.871582,4282.307617,3
1669029888.367679,218.0,4234.871582,4259.615234,4204.358887,4231.410156,4232.820313,4262.563965,4228.974121,4239.230957,4246.410156,4248.589844,4247.05127,4262.94873,4263.589844,4284.230957,3
1669029888.371592,219.0,4237.307617,4268.717773,4206.282227,4230.512695,4228.589844,4259.230957,4231.025879,4241.794922,4249.615234,4253.589844,4252.307617,4266.410156,4262.820313,4290.641113,3
1669029888.375504,220.0,4242.94873,4273.461426,4210.512695,4233.589844,4227.563965,4258.717773,4236.282227,4247.05127,4254.358887,4261.666504,4264.743652,4269.102539,4269.743652,4299.871582,3
1669029888.379417,221.0,4245.897461,4270.641113,4214.615234,4239.871582,4229.487305,4262.179688,4241.153809,4250.384766,4258.846191,4270.0,4278.717773,4271.410156,4281.025879,4308.205078,3
1669029888.38333,222.0,4243.205078,4261.538574,4216.538574,4246.025879,4232.94873,4267.820313,4242.820313,4250.512695,4259.487305,4273.717773,4286.410156,4274.102539,4288.717773,4311.538574,3
1669029888.387243,223.0,4236.538574,4250.769043,4215.384766,4247.820313,4235.641113,4272.179688,4242.307617,4251.025879,4254.230957,4269.871582,4283.333496,4276.282227,4286.666504,4307.820313,3
1669029888.391155,224.0,4231.538574,4242.94873,4212.05127,4243.717773,4235.641113,4273.077148,4242.94873,4256.666504,4245.897461,4259.487305,4271.794922,4275.897461,4275.897461,4298.846191,3
1669029888.395068,225.0,4233.333496,4240.256348,4207.94873,4236.410156,4233.461426,4270.897461,4246.538574,4266.282227,4240.0,4248.205078,4258.589844,4271.538574,4264.487305,4289.358887,3
1669029888.398981,226.0,4241.922852,4241.666504,4204.743652,4231.153809,4231.666504,4267.179688,4250.384766,4272.563965,4240.641113,4242.179688,4250.641113,4265.384766,4260.384766,4283.846191,3
1669029888.402894,227.0,4252.179688,4244.743652,4203.974121,4230.769043,4232.179688,4263.846191,4249.615234,4267.820313,4246.025879,4244.102539,4250.512695,4261.153809,4265.256348,4283.717773,3
1669029888.406806,228.0,4256.794922,4247.692383,4205.897461,4234.615234,4234.615234,4261.794922,4242.179688,4251.025879,4251.153809,4251.922852,4255.641113,4261.153809,4273.461426,4286.922852,3
1669029888.410719,229.0,4251.922852,4250.384766,4209.487305,4238.846191,4236.153809,4261.666504,4231.025879,4229.615234,4251.794922,4260.128418,4261.282227,4263.846191,4278.333496,4289.358887,3
1669029888.414632,230.0,4241.025879,4253.077148,4212.94873,4240.641113,4234.358887,4262.820313,4221.922852,4214.743652,4248.717773,4263.077148,4264.102539,4265.256348,4276.282227,4288.333496,3
1669029888.418544,231.0,4231.794922,4255.897461,4214.102539,4239.358887,4228.461426,4264.358887,4219.871582,4213.077148,4246.153809,4259.743652,4262.692383,4262.307617,4270.0,4284.487305,3
1669029888.422457,232.0,4229.871582,4257.820313,4211.922852,4237.05127,4220.897461,4265.128418,4224.743652,4222.563965,4246.666504,4252.820313,4258.077148,4255.512695,4264.487305,4280.769043,3
1669029888.42637,233.0,4234.358887,4257.307617,4207.692383,4236.410156,4215.897461,4264.615234,4232.05127,4234.615234,4248.077148,4246.794922,4251.922852,4248.589844,4262.94873,4279.871582,3
1669029888.430283,234.0,4240.641113,4253.717773,4204.102539,4238.333496,4216.794922,4263.333496,4236.153809,4241.025879,4245.897461,4244.102539,4246.666504,4245.897461,4264.871582,4281.922852,3
1669029888.434195,235.0,4244.615234,4248.205078,4203.974121,4241.410156,4222.692383,4261.794922,4234.871582,4239.743652,4238.589844,4244.743652,4244.487305,4248.846191,4266.666504,4285.384766,3
1669029888.438108,236.0,4246.025879,4244.102539,4207.436035,4243.077148,4229.615234,4261.025879,4230.897461,4235.128418,4229.358887,4247.179688,4245.897461,4254.743652,4266.153809,4287.820313,3
1669029888.442021,237.0,4247.692383,4244.871582,4212.820313,4242.179688,4233.333496,4261.538574,4228.333496,4232.692383,4224.487305,4250.0,4249.743652,4259.487305,4264.230957,4288.333496,3
1669029888.445934,238.0,4252.307617,4252.436035,4218.205078,4240.897461,4233.333496,4263.974121,4230.0,4234.230957,4227.436035,4252.563965,4254.358887,4261.282227,4264.358887,4287.692383,3
1669029888.449846,239.0,4260.0,4265.0,4223.077148,4241.794922,4233.077148,4268.333496,4233.846191,4236.922852,4236.025879,4254.743652,4258.461426,4261.410156,4269.615234,4288.333496,3
1669029888.453759,240.0,4268.589844,4276.794922,4227.820313,4245.512695,4236.153809,4273.205078,4236.538574,4236.538574,4243.077148,4255.256348,4261.153809,4262.436035,4278.589844,4291.538574,3
1669029888.457672,241.0,4273.205078,4281.410156,4231.153809,4250.0,4241.922852,4276.025879,4235.512695,4232.05127,4242.436035,4252.820313,4261.025879,4265.256348,4286.025879,4295.641113,3
1669029888.461584,242.0,4270.256348,4275.384766,4230.641113,4251.794922,4246.538574,4275.0,4231.922852,4226.538574,4233.589844,4246.922852,4257.436035,4267.820313,4287.563965,4296.153809,3
1669029888.465497,243.0,4259.358887,4261.538574,4225.128418,4249.743652,4246.153809,4270.384766,4228.846191,4223.846191,4222.94873,4239.230957,4250.512695,4267.94873,4282.692383,4289.871582,3
1669029888.46941,244.0,4244.615234,4247.563965,4216.666504,4245.128418,4240.256348,4264.743652,4228.717773,4225.897461,4218.974121,4232.436035,4243.077148,4264.358887,4275.384766,4278.589844,3
1669029888.473323,245.0,4232.307617,4241.922852,4209.358887,4240.769043,4232.179688,4260.641113,4231.794922,4231.922852,4225.0,4228.974121,4238.077148,4258.205078,4270.0,4267.94873,3
1669029888.477235,246.0,4228.461426,4248.333496,4206.922852,4238.846191,4226.538574,4259.615234,4237.05127,4240.128418,4237.563965,4229.358887,4237.94873,4252.179688,4269.102539,4263.589844,3
1669029888.481148,247.0,4235.384766,4262.820313,4210.641113,4239.743652,4226.538574,4262.05127,4242.820313,4248.205078,4249.615234,4233.333496,4242.563965,4249.743652,4272.94873,4267.692383,3
1669029888.485061,248.0,4250.128418,4275.769043,4217.436035,4242.563965,4231.666504,4267.179688,4247.436035,4252.94873,4256.025879,4239.487305,4249.743652,4252.307617,4279.358887,4277.179688,3
1669029888.488974,249.0,4264.487305,4277.820313,4222.436035,4245.0,4238.205078,4273.205078,4249.871582,4252.05127,4255.897461,4245.384766,4256.153809,4257.820313,4284.230957,4285.897461,3
1669029888.492886,250.0,4269.102539,4267.05127,4222.05127,4245.897461,4240.897461,4277.05127,4249.743652,4247.179688,4250.897461,4248.461426,4259.102539,4262.692383,4283.846191,4288.717773,3
1669029888.496799,251.0,4258.717773,4251.025879,4216.666504,4244.871582,4237.179688,4276.922852,4247.820313,4242.436035,4243.974121,4247.307617,4257.94873,4263.974121,4277.692383,4284.230957,3
1669029888.500712,252.0,4237.563965,4240.0,4210.256348,4242.94873,4229.102539,4272.692383,4245.384766,4241.153809,4237.563965,4242.820313,4254.487305,4261.538574,4269.487305,4275.641113,3
1669029888.504624,253.0,4217.820313,4239.358887,4206.666504,4241.025879,4221.794922,4266.538574,4243.077148,4242.94873,4232.692383,4237.05127,4250.641113,4256.410156,4264.102539,4267.307617,3
1669029888.508537,254.0,4212.179688,4245.769043,4206.410156,4239.230957,4219.358887,4261.282227,4240.897461,4245.384766,4229.102539,4231.922852,4246.922852,4250.512695,4264.230957,4261.794922,3
1669029888.51245,255.0,4224.487305,4252.436035,4207.94873,4237.307617,4222.563965,4258.461426,4239.230957,4246.153809,4226.922852,4228.846191,4243.205078,4246.922852,4268.717773,4260.128418,3
1669029888.516363,0.0,4247.307617,4256.538574,4210.769043,4235.641113,4229.358887,4258.717773,4238.717773,4245.512695,4227.692383,4228.974121,4240.512695,4249.615234,4274.358887,4263.974121,3
1669029888.520275,1.0,4267.307617,4260.641113,4215.641113,4235.384766,4237.179688,4261.538574,4239.871582,4244.615234,4232.436035,4232.820313,4241.538574,4260.128418,4278.589844,4274.358887,3
1669029888.524188,2.0,4274.358887,4268.461426,4222.692383,4237.94873,4243.846191,4265.512695,4242.436035,4244.743652,4240.641113,4239.743652,4248.461426,4274.615234,4280.769043,4288.333496,3
1669029888.528101,3.0,4267.692383,4277.94873,4228.717773,4242.436035,4246.538574,4268.205078,4245.769043,4246.410156,4249.102539,4247.820313,4259.487305,4284.358887,4282.436035,4298.461426,3
1669029888.532014,4.0,4253.974121,4281.410156,4229.230957,4246.666504,4244.102539,4267.692383,4248.717773,4248.717773,4254.487305,4253.846191,4268.589844,4282.179688,4284.871582,4296.666504,3
1669029888.535926,5.0,4241.666504,4272.692383,4222.05127,4248.077148,4237.692383,4263.333496,4250.512695,4250.512695,4256.538574,4255.641113,4269.871582,4268.974121,4287.820313,4281.538574,3
1669029888.539839,6.0,4235.769043,4254.102539,4210.897461,4246.410156,4230.769043,4257.179688,4250.128418,4250.512695,4256.153809,4252.820313,4263.717773,4253.077148,4290.641113,4261.282227,3
1669029888.543752,7.0,4235.897461,4236.410156,4202.179688,4243.589844,4227.307617,4251.922852,4247.692383,4247.563965,4254.230957,4247.94873,4256.025879,4244.871582,4292.307617,4249.743652,3
1669029888.547665,8.0,4239.230957,4231.538574,4200.0,4242.05127,4228.205078,4250.256348,4243.461426,4241.153809,4250.0,4245.128418,4254.615234,4249.358887,4293.846191,4256.538574,3
1669029888.551577,9.0,4242.94873,4243.846191,4203.333496,4243.205078,4231.794922,4252.692383,4238.589844,4232.94873,4243.589844,4247.179688,4262.436035,4264.743652,4296.666504,4281.410156,3
1669029888.55549,10.0,4246.666504,4266.666504,4207.820313,4245.769043,4235.769043,4258.461426,4235.641113,4226.410156,4238.205078,4253.846191,4276.794922,4283.974121,4301.922852,4314.358887,3
1669029888.559403,11.0,4250.769043,4287.692383,4209.487305,4248.077148,4238.589844,4265.384766,4236.282227,4225.0,4237.94873,4262.05127,4291.538574,4300.128418,4308.974121,4342.820313,3
1669029888.563316,12.0,4254.487305,4298.205078,4207.05127,4248.717773,4240.0,4270.256348,4240.769043,4229.871582,4243.333496,4267.692383,4301.153809,4309.871582,4315.641113,4359.358887,3
1669029888.567228,13.0,4256.410156,4298.461426,4201.282227,4248.461426,4238.717773,4270.512695,4246.794922,4238.589844,4251.410156,4268.846191,4303.974121,4314.487305,4318.717773,4364.358887,3
1669029888.571141,14.0,4255.512695,4295.512695,4194.743652,4248.333496,4233.846191,4265.769043,4251.153809,4246.666504,4257.436035,4266.282227,4301.666504,4317.05127,4316.538574,4362.820313,3
1669029888.575054,15.0,4252.820313,4295.897461,4188.717773,4248.717773,4227.563965,4258.717773,4251.922852,4250.512695,4259.615234,4262.820313,4297.563965,4319.358887,4310.512695,4359.615234,3
1669029888.578967,16.0,4250.384766,4300.128418,4183.589844,4249.230957,4223.846191,4253.461426,4249.871582,4249.871582,4260.128418,4260.897461,4294.615234,4320.512695,4303.846191,4356.666504,3
1669029888.582879,17.0,4249.102539,4303.717773,4178.974121,4248.974121,4224.102539,4252.436035,4247.307617,4247.692383,4262.94873,4262.179688,4293.717773,4318.974121,4300.128418,4352.820313,3
1669029888.586792,18.0,4248.846191,4300.897461,4175.256348,4248.077148,4225.897461,4254.871582,4246.666504,4247.692383,4270.0,4266.538574,4294.230957,4315.256348,4300.512695,4347.820313,3
1669029888.590705,19.0,4249.230957,4291.025879,4173.974121,4247.563965,4225.641113,4257.692383,4249.102539,4251.410156,4278.717773,4272.307617,4295.256348,4311.666504,4304.230957,4343.077148,3
1669029888.594617,20.0,4251.794922,4278.077148,4176.794922,4248.077148,4222.820313,4258.717773,4254.102539,4257.692383,4283.717773,4277.05127,4296.153809,4310.384766,4309.487305,4341.153809,3
1669029888.59853,21.0,4258.333496,4269.102539,4183.205078,4250.384766,4220.0,4257.692383,4259.487305,4263.589844,4281.410156,4278.717773,4297.05127,4309.871582,4315.256348,4341.794922,3
1669029888.602443,22.0,4267.563965,4268.077148,4189.615234,4253.717773,4220.512695,4256.025879,4262.307617,4266.153809,4273.589844,4276.538574,4297.563965,4307.307617,4320.0,4341.538574,3
1669029888.606356,23.0,4273.333496,4274.102539,4191.794922,4256.282227,4224.487305,4254.743652,4261.025879,4264.487305,4266.282227,4271.794922,4297.05127,4301.153809,4321.538574,4336.794922,3
1669029888.610268,24.0,4270.0,4282.692383,4187.94873,4256.153809,4230.0,4253.974121,4256.282227,4259.871582,4264.487305,4266.922852,4294.102539,4293.077148,4318.205078,4327.563965,3
1669029888.614181,25.0,4257.563965,4288.846191,4180.0,4253.333496,4233.589844,4253.717773,4251.282227,4256.282227,4267.692383,4263.589844,4288.974121,4287.05127,4310.512695,4317.820313,3
1669029888.618094,26.0,4242.94873,4289.102539,4172.563965,4250.256348,4232.692383,4252.820313,4249.358887,4257.307617,4270.641113,4261.153809,4281.922852,4285.256348,4301.794922,4311.666504,3
1669029888.622007,27.0,4234.743652,4283.205078,4169.102539,4249.615234,4227.563965,4250.769043,4252.05127,4262.94873,4268.589844,4257.563965,4273.846191,4285.897461,4295.897461,4310.769043,3
1669029888.625919,28.0,4236.025879,4273.974121,4170.0,4252.05127,4220.897461,4248.077148,4257.05127,4268.461426,4262.05127,4251.025879,4265.512695,4285.256348,4295.0,4312.179688,3
1669029888.629832,29.0,4242.563965,4264.615234,4173.461426,4256.025879,4216.410156,4246.282227,4259.871582,4268.333496,4254.743652,4241.666504,4257.179688,4281.025879,4297.820313,4311.922852,3
1669029888.633745,30.0,4246.410156,4257.307617,4176.538574,4258.077148,4216.025879,4246.410156,4257.05127,4260.512695,4250.256348,4232.05127,4249.743652,4274.102539,4300.769043,4307.820313,3
1669029888.637657,31.0,4243.717773,4252.563965,4177.05127,4256.922852,4218.589844,4248.333496,4249.615234,4249.487305,4249.743652,4225.897461,4245.384766,4268.717773,4301.410156,4301.666504,3
1669029888.64157,32.0,4237.179688,4250.384766,4175.384766,4253.717773,4221.410156,4250.256348,4243.333496,4243.333496,4252.820313,4226.922852,4246.666504,4269.487305,4300.128418,4297.563965,3
1669029888.645483,33.0,4233.333496,4250.641113,4173.461426,4250.897461,4222.692383,4250.512695,4244.102539,4246.666504,4259.358887,4235.641113,4254.230957,4277.05127,4299.358887,4298.974121,3
1669029888.649396,34.0,4236.538574,4252.05127,4173.333496,4250.256348,4223.077148,4248.974121,4251.922852,4256.153809,4269.358887,4248.205078,4265.512695,4287.436035,4301.410156,4305.384766,3
1669029888.653308,35.0,4244.487305,4253.589844,4175.384766,4251.410156,4224.743652,4246.922852,4261.282227,4263.717773,4280.641113,4259.102539,4276.025879,4294.230957,4305.384766,4311.922852,3
1669029888.657221,36.0,4250.769043,4255.0,4177.307617,4251.922852,4227.179688,4245.512695,4265.128418,4263.717773,4289.615234,4263.974121,4281.538574,4294.102539,4308.205078,4313.589844,3
1669029888.661134,37.0,4250.256348,4256.666504,4176.538574,4249.230957,4227.692383,4244.871582,4261.282227,4257.820313,4292.94873,4262.179688,4280.256348,4288.461426,4306.282227,4308.461426,3
1669029888.665047,38.0,4242.820313,4259.743652,4172.179688,4242.94873,4223.717773,4243.974121,4254.230957,4253.589844,4289.615234,4256.410156,4273.846191,4282.05127,4298.717773,4299.615234,3
1669029888.668959,39.0,4233.589844,4265.0,4166.538574,4236.538574,4216.282227,4242.820313,4250.769043,4257.05127,4281.410156,4250.256348,4266.922852,4279.487305,4289.871582,4292.94873,3
1669029888.672872,40.0,4229.871582,4272.820313,4164.230957,4234.615234,4209.102539,4242.436035,4254.358887,4267.436035,4273.461426,4247.436035,4264.358887,4282.563965,4286.282227,4293.846191,3
1669029888.676785,41.0,4235.128418,4281.666504,4168.846191,4239.615234,4206.794922,4244.102539,4262.05127,4276.410156,4269.615234,4250.128418,4268.717773,4290.384766,4291.922852,4303.333496,3
1669029888.680697,42.0,4246.410156,4288.589844,4178.974121,4249.487305,4210.769043,4248.077148,4267.563965,4275.512695,4270.512695,4256.794922,4277.563965,4299.358887,4304.102539,4317.05127,3
1669029888.68461,43.0,4256.153809,4290.128418,4188.846191,4257.94873,4218.589844,4252.179688,4266.025879,4263.589844,4272.307617,4263.205078,4284.615234,4305.128418,4314.871582,4328.077148,3
1669029888.688523,44.0,4258.077148,4285.128418,4191.794922,4260.128418,4225.641113,4253.589844,4258.077148,4248.205078,4270.641113,4265.128418,4284.615234,4305.769043,4317.436035,4330.256348,3
1669029888.692436,45.0,4251.410156,4275.897461,4186.153809,4255.512695,4228.077148,4250.897461,4248.589844,4238.717773,4263.589844,4261.794922,4277.94873,4301.922852,4311.538574,4323.333496,3
1669029888.696348,46.0,4241.153809,4266.538574,4176.410156,4248.333496,4226.153809,4246.025879,4242.94873,4238.974121,4253.717773,4255.256348,4270.256348,4295.512695,4303.077148,4312.05127,3
1669029888.700261,47.0,4233.846191,4260.384766,4169.743652,4243.461426,4223.333496,4243.333496,4243.461426,4245.512695,4246.025879,4249.743652,4266.410156,4288.589844,4297.94873,4302.436035,3
1669029888.704174,48.0,4233.333496,4258.589844,4170.256348,4242.94873,4222.307617,4245.897461,4248.333496,4251.410156,4243.846191,4247.179688,4266.922852,4282.05127,4297.94873,4298.077148,3
1669029888.708087,49.0,4238.077148,4260.512695,4176.666504,4245.641113,4223.717773,4252.179688,4253.077148,4252.563965,4247.05127,4247.307617,4268.461426,4276.922852,4300.384766,4298.461426,3
1669029888.711999,50.0,4243.974121,4264.230957,4184.230957,4248.846191,4226.922852,4257.436035,4254.487305,4249.743652,4252.563965,4248.461426,4268.589844,4274.615234,4301.538574,4301.538574,3
1669029888.715912,51.0,4247.692383,4267.820313,4189.230957,4250.641113,4230.769043,4258.205078,4252.563965,4246.794922,4256.922852,4250.384766,4267.563965,4276.538574,4300.128418,4305.512695,3
1669029888.719825,52.0,4247.94873,4270.0,4191.153809,4250.512695,4234.743652,4255.641113,4249.743652,4246.538574,4258.589844,4253.717773,4267.692383,4281.922852,4297.563965,4308.589844,3
1669029888.723737,53.0,4245.384766,4269.615234,4191.410156,4249.230957,4236.922852,4253.205078,4248.077148,4248.589844,4257.692383,4258.077148,4270.512695,4287.563965,4295.641113,4309.230957,3
1669029888.72765,54.0,4240.641113,4266.922852,4191.282227,4247.563965,4235.641113,4252.820313,4247.563965,4249.743652,4256.025879,4261.538574,4275.256348,4289.487305,4294.743652,4305.897461,3
1669029888.731563,55.0,4234.230957,4263.077148,4190.128418,4245.769043,4230.384766,4253.846191,4247.436035,4248.077148,4254.615234,4262.307617,4278.846191,4286.410156,4294.102539,4298.333496,3
1669029888.735476,56.0,4227.05127,4259.615234,4187.05127,4243.333496,4222.563965,4253.333496,4247.436035,4244.102539,4253.717773,4260.128418,4278.974121,4280.128418,4291.794922,4288.589844,3
1669029888.739388,57.0,4220.641113,4256.794922,4181.794922,4240.256348,4214.871582,4248.846191,4247.820313,4240.897461,4253.333496,4256.410156,4275.512695,4274.615234,4287.436035,4280.897461,3
1669029888.743301,58.0,4217.820313,4253.717773,4176.153809,4237.692383,4210.512695,4241.538574,4248.333496,4240.769043,4253.077148,4253.974121,4271.153809,4272.307617,4281.666504,4279.102539,3
1669029888.747214,59.0,4220.769043,4250.384766,4173.589844,4237.05127,4211.922852,4235.256348,4248.717773,4243.846191,4252.563965,4254.871582,4269.358887,4274.102539,4276.922852,4284.230957,3
1669029888.751127,60.0,4229.615234,4247.179688,4176.410156,4238.717773,4219.102539,4234.615234,4249.230957,4248.846191,4252.436035,4259.487305,4271.538574,4279.102539,4275.128418,4293.205078,3
1669029888.755039,61.0,4240.641113,4245.0,4183.846191,4240.512695,4228.846191,4240.128418,4249.743652,4252.692383,4252.820313,4264.487305,4275.769043,4284.615234,4276.922852,4300.384766,3
1669029888.758952,62.0,4248.077148,4244.615234,4191.153809,4240.384766,4235.897461,4247.94873,4249.615234,4252.94873,4253.333496,4264.871582,4277.94873,4286.666504,4280.256348,4301.410156,3
1669029888.762865,63.0,4248.077148,4246.538574,4194.358887,4238.846191,4236.410156,4252.436035,4248.461426,4249.743652,4254.230957,4258.461426,4275.641113,4283.974121,4282.563965,4296.153809,3
1669029888.766777,64.0,4242.563965,4251.282227,4193.589844,4238.846191,4232.307617,4251.538574,4247.179688,4245.512695,4256.153809,4248.333496,4271.282227,4278.589844,4284.102539,4289.358887,3
1669029888.77069,65.0,4238.077148,4258.333496,4192.436035,4242.692383,4229.487305,4247.692383,4247.179688,4243.974121,4259.230957,4241.410156,4269.743652,4275.0,4287.179688,4286.794922,3
1669029888.774603,66.0,4239.743652,4265.769043,4193.205078,4249.102539,4231.410156,4245.512695,4249.102539,4246.538574,4261.538574,4242.436035,4272.692383,4275.384766,4292.820313,4290.256348,3
1669029888.778516,67.0,4247.05127,4269.487305,4195.0,4253.846191,4235.0,4246.538574,4251.794922,4251.538574,4260.512695,4250.128418,4277.307617,4278.846191,4298.205078,4296.666504,3
1669029888.782428,68.0,4254.615234,4266.153809,4194.743652,4252.94873,4234.743652,4248.589844,4253.077148,4255.0,4255.897461,4258.717773,4278.974121,4282.436035,4299.487305,4301.025879,3
1669029888.786341,69.0,4256.922852,4256.794922,4191.794922,4246.538574,4228.846191,4248.717773,4251.666504,4254.102539,4250.769043,4263.205078,4275.769043,4284.102539,4295.256348,4300.512695,3
1669029888.790254,70.0,4252.820313,4247.307617,4188.333496,4238.717773,4221.410156,4246.922852,4248.333496,4249.487305,4249.230957,4262.307617,4269.358887,4283.589844,4287.05127,4295.512695,3
1669029888.794167,71.0,4245.256348,4245.384766,4187.692383,4234.487305,4217.563965,4245.256348,4245.384766,4245.128418,4252.820313,4258.589844,4263.077148,4281.025879,4278.846191,4288.846191,3
1669029888.798079,72.0,4238.205078,4253.717773,4191.794922,4236.410156,4219.230957,4245.256348,4244.615234,4245.256348,4258.974121,4254.615234,4259.230957,4277.179688,4274.487305,4283.205078,3
1669029888.801992,73.0,4235.0,4267.563965,4198.974121,4242.436035,4223.846191,4246.922852,4245.769043,4250.128418,4262.94873,4251.666504,4258.717773,4273.589844,4276.025879,4281.025879,3
1669029888.805905,74.0,4237.05127,4277.436035,4205.897461,4248.717773,4227.820313,4248.461426,4247.692383,4256.153809,4262.436035,4249.102539,4260.641113,4272.05127,4282.820313,4283.205078,3
1669029888.809817,75.0,4243.333496,4276.666504,4209.871582,4251.410156,4229.230957,4248.846191,4249.230957,4259.102539,4258.589844,4246.538574,4263.974121,4273.333496,4291.282227,4288.461426,3
1669029888.81373,76.0,4249.871582,4266.538574,4210.256348,4250.128418,4228.589844,4248.461426,4250.769043,4258.461426,4256.025879,4245.256348,4267.307617,4276.282227,4296.922852,4294.743652,3
1669029888.817643,77.0,4252.94873,4255.128418,4208.846191,4247.05127,4228.077148,4248.974121,4252.820313,4257.179688,4258.205078,4247.436035,4270.641113,4278.974121,4297.179688,4299.358887,3
1669029888.821556,78.0,4250.0,4249.871582,4207.563965,4244.615234,4229.743652,4250.897461,4255.769043,4258.461426,4263.974121,4253.717773,4273.205078,4279.102539,4292.563965,4300.256348,3
1669029888.825468,79.0,4242.820313,4251.794922,4206.922852,4243.077148,4233.077148,4253.205078,4259.230957,4261.922852,4267.692383,4261.025879,4273.589844,4276.153809,4285.769043,4296.794922,3
1669029888.829381,80.0,4235.897461,4256.025879,4206.538574,4240.641113,4236.794922,4254.102539,4261.922852,4264.487305,4263.974121,4264.358887,4270.256348,4270.641113,4279.102539,4289.871582,3
1669029888.833294,81.0,4234.743652,4257.563965,4206.538574,4237.05127,4239.743652,4253.205078,4262.563965,4263.205078,4253.589844,4261.282227,4264.230957,4265.384766,4274.487305,4282.94873,3
1669029888.837207,82.0,4241.922852,4256.538574,4208.205078,4234.615234,4242.563965,4252.692383,4260.769043,4258.589844,4243.589844,4254.358887,4259.615234,4264.615234,4273.717773,4280.128418,3
1669029888.841119,83.0,4255.384766,4256.922852,4213.205078,4236.666504,4246.282227,4254.743652,4257.820313,4253.205078,4241.666504,4250.0,4260.897461,4271.153809,4277.692383,4283.974121,3
1669029888.845032,84.0,4268.589844,4261.538574,4220.256348,4243.205078,4249.487305,4258.974121,4255.128418,4250.128418,4250.256348,4252.179688,4268.077148,4282.436035,4285.256348,4292.05127,3
1669029888.848945,85.0,4273.589844,4268.846191,4224.743652,4249.871582,4248.974121,4261.922852,4254.230957,4250.641113,4263.461426,4259.230957,4276.025879,4291.025879,4291.666504,4298.461426,3
1669029888.852857,86.0,4266.666504,4273.717773,4221.794922,4251.538574,4242.307617,4259.743652,4254.871582,4254.743652,4272.307617,4264.615234,4278.333496,4289.487305,4291.282227,4297.436035,3
1669029888.85677,87.0,4251.410156,4272.563965,4211.538574,4246.666504,4231.153809,4253.077148,4257.05127,4261.538574,4272.179688,4264.102539,4272.307617,4277.563965,4282.820313,4288.461426,3
1669029888.860683,88.0,4237.307617,4266.538574,4200.256348,4238.974121,4220.769043,4246.666504,4260.384766,4269.487305,4266.410156,4258.974121,4262.307617,4262.436035,4271.922852,4276.794922,3
1669029888.864596,89.0,4232.436035,4258.974121,4195.256348,4234.358887,4215.769043,4245.641113,4264.487305,4275.897461,4262.179688,4255.128418,4255.769043,4253.461426,4266.794922,4269.615234,3
1669029888.868508,90.0,4237.563965,4252.307617,4198.846191,4236.025879,4215.769043,4250.128418,4267.436035,4277.563965,4263.333496,4257.179688,4257.179688,4253.974121,4271.153809,4270.769043,3
1669029888.872421,91.0,4246.410156,4245.641113,4206.538574,4242.179688,4217.563965,4255.769043,4267.307617,4272.692383,4268.077148,4263.974121,4265.0,4260.897461,4280.641113,4278.205078,3
1669029888.876334,92.0,4251.538574,4238.461426,4211.666504,4247.563965,4219.230957,4257.692383,4264.230957,4263.205078,4271.922852,4270.512695,4273.846191,4268.205078,4287.179688,4286.025879,3
1669029888.880247,93.0,4250.641113,4233.205078,4211.410156,4248.846191,4222.05127,4255.0,4260.641113,4253.974121,4272.692383,4272.436035,4279.230957,4272.179688,4286.282227,4289.615234,3
1669029888.884159,94.0,4246.538574,4234.871582,4208.077148,4246.025879,4227.436035,4251.025879,4259.230957,4250.384766,4271.410156,4269.487305,4279.102539,4272.692383,4279.871582,4287.563965,3
1669029888.888072,95.0,4242.692383,4245.897461,4205.641113,4242.05127,4234.871582,4248.846191,4260.512695,4253.589844,4270.384766,4265.641113,4275.128418,4271.282227,4273.333496,4282.692383,3
1669029888.891985,96.0,4240.128418,4263.461426,4206.538574,4240.384766,4241.025879,4249.102539,4262.563965,4259.743652,4271.282227,4265.512695,4271.410156,4270.0,4272.179688,4279.358887,3
1669029888.895898,97.0,4238.077148,4280.769043,4209.871582,4241.794922,4243.077148,4250.128418,4262.436035,4263.717773,4274.487305,4270.641113,4270.769043,4270.128418,4277.563965,4280.641113,3
1669029888.89981,98.0,4235.769043,4291.025879,4211.794922,4244.102539,4240.128418,4249.358887,4258.589844,4262.179688,4277.820313,4278.205078,4273.077148,4271.666504,4285.641113,4285.256348,3
1669029888.903723,99.0,4233.205078,4290.384766,4210.512695,4244.615234,4234.230957,4245.897461,4252.436035,4256.153809,4278.846191,4283.077148,4275.897461,4272.563965,4290.641113,4288.205078,3
1669029888.907636,100.0,4232.563965,4279.615234,4208.205078,4243.077148,4229.358887,4241.794922,4246.794922,4249.487305,4276.282227,4282.05127,4276.794922,4272.179688,4289.230957,4286.794922,3
1669029888.911549,101.0,4236.282227,4264.102539,4209.487305,4241.794922,4228.589844,4240.128418,4244.358887,4246.025879,4271.794922,4276.410156,4276.282227,4272.179688,4283.205078,4283.461426,3
1669029888.915461,102.0,4244.615234,4251.410156,4215.641113,4242.563965,4232.179688,4241.794922,4246.538574,4247.179688,4268.717773,4270.769043,4276.666504,4274.358887,4278.205078,4283.461426,3
1669029888.919374,103.0,4253.717773,4246.666504,4222.05127,4245.0,4236.666504,4244.743652,4252.179688,4251.153809,4269.487305,4269.358887,4279.102539,4278.461426,4278.333496,4288.333496,3
1669029888.923287,104.0,4257.820313,4250.0,4221.025879,4246.922852,4237.692383,4245.769043,4258.846191,4255.769043,4273.205078,4272.05127,4282.05127,4281.025879,4282.94873,4292.94873,3
1669029888.927199,105.0,4253.461426,4256.666504,4210.256348,4246.922852,4234.102539,4243.974121,4263.589844,4259.230957,4277.05127,4276.025879,4282.692383,4279.615234,4288.589844,4290.384766,3
1669029888.931112,106.0,4243.974121,4261.666504,4196.410156,4245.384766,4229.230957,4241.282227,4265.0,4260.897461,4278.461426,4278.077148,4280.128418,4274.615234,4292.179688,4278.974121,3
1669029888.935025,107.0,4237.05127,4262.05127,4191.025879,4243.205078,4228.077148,4240.512695,4263.846191,4260.512695,4277.307617,4277.692383,4276.025879,4269.102539,4293.205078,4263.717773,3
1669029888.938938,108.0,4239.102539,4258.589844,4201.538574,4241.538574,4233.205078,4242.692383,4261.922852,4258.974121,4275.0,4276.282227,4272.692383,4265.769043,4293.077148,4252.563965,3
1669029888.94285,109.0,4250.256348,4253.717773,4225.512695,4241.025879,4243.333496,4246.538574,4260.256348,4257.436035,4272.692383,4276.025879,4271.282227,4264.871582,4291.794922,4249.615234,3
1669029888.946763,110.0,4263.589844,4250.128418,4253.077148,4241.538574,4254.102539,4250.0,4259.743652,4257.307617,4270.769043,4276.538574,4270.897461,4265.128418,4288.333496,4251.794922,3
1669029888.950676,111.0,4271.153809,4248.846191,4274.102539,4242.563965,4261.025879,4251.794922,4260.641113,4258.589844,4269.358887,4275.512695,4268.589844,4263.717773,4281.794922,4251.794922,3
1669029888.954589,112.0,4269.487305,4248.846191,4285.256348,4244.230957,4262.94873,4252.05127,4262.94873,4260.769043,4268.717773,4271.410156,4262.307617,4258.717773,4273.333496,4244.358887,3
1669029888.958501,113.0,4261.410156,4248.717773,4290.128418,4246.538574,4262.436035,4251.666504,4265.128418,4262.436035,4269.230957,4264.487305,4252.307617,4250.0,4266.410156,4230.0,3
1669029888.962414,114.0,4253.205078,4247.05127,4293.589844,4248.974121,4262.94873,4251.666504,4265.0,4262.820313,4269.615234,4256.794922,4241.538574,4238.974121,4263.205078,4214.230957,3
1669029888.966327,115.0,4248.333496,4243.589844,4297.563965,4249.743652,4265.256348,4252.179688,4261.794922,4261.794922,4268.077148,4250.384766,4233.717773,4227.820313,4262.179688,4202.179688,3
1669029888.97024,116.0,4246.538574,4238.205078,4299.615234,4247.563965,4266.153809,4252.563965,4257.05127,4260.128418,4264.615234,4245.641113,4230.128418,4218.333496,4260.641113,4195.256348,3
1669029888.974152,117.0,4244.230957,4230.128418,4297.307617,4242.436035,4262.94873,4252.563965,4253.333496,4258.461426,4260.256348,4241.922852,4229.230957,4211.153809,4256.538574,4191.025879,3
1669029888.978065,118.0,4238.717773,4218.846191,4290.897461,4236.282227,4255.384766,4251.794922,4252.307617,4256.410156,4256.153809,4238.333496,4227.307617,4206.410156,4249.871582,4185.641113,3
1669029888.981978,119.0,4230.384766,4206.025879,4284.358887,4232.563965,4247.820313,4250.512695,4253.589844,4253.461426,4252.05127,4235.0,4222.94873,4203.589844,4242.05127,4178.333496,3
1669029888.98589,120.0,4223.461426,4195.897461,4281.666504,4233.461426,4245.0,4249.615234,4256.410156,4250.128418,4248.077148,4233.205078,4218.333496,4202.820313,4236.410156,4172.179688,3
1669029888.989803,121.0,4223.077148,4192.94873,4284.102539,4238.717773,4248.461426,4249.487305,4259.487305,4247.94873,4244.743652,4233.974121,4217.563965,4204.102539,4235.897461,4171.153809,3
1669029888.993716,122.0,4230.256348,4197.436035,4288.333496,4245.256348,4255.512695,4250.0,4261.410156,4247.563965,4243.205078,4237.563965,4223.205078,4207.307617,4242.692383,4175.512695,3
1669029888.997629,123.0,4241.538574,4205.384766,4290.0,4249.743652,4261.922852,4250.512695,4261.282227,4248.461426,4244.743652,4243.333496,4233.846191,4211.666504,4255.769043,4182.05127,3
1669029889.001541,124.0,4252.179688,4212.436035,4288.589844,4251.153809,4265.897461,4251.025879,4259.230957,4249.743652,4249.102539,4249.871582,4245.128418,4217.307617,4271.153809,4187.179688,3
1669029889.005454,125.0,4258.846191,4217.436035,4286.153809,4250.128418,4267.563965,4251.282227,4257.05127,4251.538574,4255.128418,4255.897461,4252.179688,4224.358887,4283.589844,4190.512695,3
1669029889.009367,126.0,4259.615234,4222.820313,4284.743652,4247.692383,4266.538574,4250.256348,4256.025879,4253.974121,4260.128418,4260.0,4252.563965,4231.282227,4288.461426,4193.077148,3
1669029889.01328,127.0,4254.102539,4230.769043,4282.820313,4243.717773,4261.538574,4247.05127,4255.512695,4256.025879,4261.025879,4260.897461,4247.179688,4233.974121,4283.205078,4194.230957,3
1669029889.017192,128.0,4242.94873,4239.743652,4278.461426,4237.820313,4252.179688,4242.179688,4253.589844,4255.128418,4256.538574,4257.436035,4239.230957,4230.256348,4269.615234,4192.563965,3
1669029889.021105,129.0,4229.743652,4245.0,4271.794922,4231.794922,4242.436035,4238.077148,4248.846191,4248.974121,4248.077148,4250.769043,4232.692383,4221.538574,4254.230957,4188.077148,3
1669029889.025018,130.0,4220.769043,4242.94873,4267.307617,4228.974121,4237.820313,4237.436035,4242.436035,4238.589844,4240.512695,4243.461426,4230.0,4213.846191,4245.769043,4183.589844,3
1669029889.02893,131.0,4221.282227,4234.358887,4269.871582,4231.794922,4242.179688,4241.153809,4237.820313,4228.077148,4238.461426,4239.230957,4232.05127,4212.692383,4249.358887,4183.077148,3
1669029889.032843,132.0,4231.538574,4225.0,4280.384766,4239.871582,4254.358887,4247.307617,4237.307617,4223.077148,4243.589844,4239.871582,4237.692383,4219.743652,4262.820313,4188.205078,3
1669029889.036756,133.0,4246.282227,4221.922852,4294.615234,4248.717773,4268.461426,4252.179688,4240.641113,4225.641113,4253.589844,4244.615234,4244.743652,4231.410156,4277.820313,4196.794922,3
1669029889.040669,134.0,4257.820313,4228.461426,4305.384766,4253.461426,4277.436035,4253.717773,4245.0,4233.461426,4263.717773,4250.128418,4250.512695,4241.025879,4285.641113,4203.974121,3
1669029889.044581,135.0,4260.512695,4240.641113,4308.077148,4251.794922,4277.563965,4251.794922,4248.205078,4241.282227,4270.0,4253.077148,4253.077148,4243.461426,4282.436035,4205.769043,3
1669029889.048494,136.0,4254.743652,4249.615234,4302.436035,4245.769043,4271.666504,4248.205078,4249.487305,4245.641113,4271.922852,4252.692383,4251.666504,4238.589844,4271.538574,4202.179688,3
1669029889.052407,137.0,4246.666504,4247.820313,4293.205078,4240.128418,4265.384766,4245.0,4250.0,4246.666504,4271.282227,4251.025879,4247.307617,4230.384766,4259.871582,4196.410156,3
1669029889.056319,138.0,4242.820313,4235.641113,4286.410156,4238.461426,4263.205078,4243.205078,4251.282227,4247.307617,4270.256348,4250.384766,4242.563965,4224.615234,4253.846191,4192.563965,3
1669029889.060232,139.0,4245.897461,4221.794922,4285.128418,4241.153809,4264.487305,4242.563965,4254.102539,4249.615234,4269.487305,4251.282227,4239.487305,4223.974121,4254.615234,4192.436035,3
1669029889.064145,140.0,4252.94873,4216.666504,4288.717773,4245.256348,4266.410156,4242.692383,4257.179688,4253.077148,4267.692383,4251.666504,4238.205078,4227.307617,4258.974121,4195.0,3
1669029889.068058,141.0,4257.820313,4224.102539,4292.820313,4247.436035,4266.538574,4242.436035,4258.333496,4254.358887,4262.94873,4249.102539,4236.666504,4230.384766,4261.922852,4197.05127,3
1669029889.07197,142.0,4256.666504,4238.077148,4293.846191,4245.641113,4265.512695,4241.025879,4256.153809,4251.153809,4255.0,4243.717773,4233.461426,4229.615234,4260.512695,4196.666504,3
1669029889.075883,143.0,4249.871582,4247.179688,4291.153809,4241.025879,4264.230957,4238.717773,4251.282227,4245.128418,4246.025879,4238.717773,4229.230957,4224.102539,4255.897461,4193.717773,3
1669029889.079796,144.0,4241.666504,4243.205078,4286.922852,4236.538574,4262.05127,4236.794922,4246.794922,4240.512695,4239.358887,4237.563965,4225.512695,4215.897461,4251.538574,4190.769043,3
1669029889.083709,145.0,4235.769043,4227.436035,4283.461426,4234.871582,4257.307617,4236.282227,4245.897461,4240.897461,4236.538574,4240.384766,4223.974121,4208.333496,4250.256348,4189.743652,3
1669029889.087621,146.0,4233.333496,4209.743652,4281.666504,4236.282227,4250.256348,4237.179688,4249.230957,4246.282227,4236.794922,4243.717773,4224.743652,4203.974121,4252.179688,4191.410156,3
1669029889.091534,147.0,4233.205078,4202.307617,4281.410156,4239.102539,4243.974121,4239.102539,4254.487305,4253.461426,4238.205078,4243.846191,4227.179688,4204.871582,4255.256348,4194.487305,3
1669029889.095447,148.0,4233.333496,4210.256348,4281.922852,4241.153809,4242.436035,4241.153809,4258.589844,4258.077148,4239.358887,4239.871582,4230.128418,4210.769043,4257.563965,4197.563965,3
1669029889.099359,149.0,4232.820313,4227.692383,4282.94873,4241.538574,4247.179688,4242.179688,4259.871582,4258.846191,4240.256348,4235.384766,4232.692383,4218.846191,4257.94873,4199.230957,3
1669029889.103272,150.0,4232.436035,4242.94873,4283.205078,4240.256348,4255.769043,4241.410156,4258.974121,4256.538574,4241.410156,4234.230957,4233.589844,4224.871582,4256.922852,4198.589844,3
1669029889.107185,151.0,4235.128418,4248.589844,4282.563965,4238.461426,4264.102539,4239.358887,4257.179688,4253.461426,4242.05127,4237.436035,4232.820313,4226.410156,4256.153809,4196.282227,3
1669029889.111098,152.0,4242.820313,4246.153809,4282.05127,4237.692383,4269.230957,4237.820313,4255.512695,4250.769043,4241.538574,4242.436035,4230.897461,4224.871582,4257.05127,4194.230957,3
1669029889.11501,153.0,4254.743652,4242.94873,4283.717773,4239.358887,4271.282227,4237.563965,4254.102539,4248.461426,4239.615234,4245.769043,4229.615234,4224.102539,4260.256348,4194.743652,3
1669029889.118923,154.0,4265.641113,4243.589844,4287.820313,4243.461426,4271.153809,4238.205078,4252.179688,4245.641113,4237.436035,4245.0,4230.641113,4226.922852,4264.615234,4198.846191,3
1669029889.122836,155.0,4269.487305,4246.922852,4292.05127,4248.589844,4269.871582,4237.820313,4249.358887,4242.179688,4235.897461,4241.025879,4233.974121,4232.179688,4268.589844,4205.0,3
1669029889.126749,156.0,4263.589844,4248.077148,4293.974121,4252.94873,4268.077148,4234.871582,4246.025879,4238.717773,4236.153809,4236.794922,4238.205078,4236.153809,4271.025879,4210.769043,3
1669029889.130661,157.0,4251.794922,4245.384766,4292.94873,4254.743652,4266.666504,4230.897461,4243.974121,4236.538574,4238.077148,4235.128418,4240.897461,4236.666504,4272.179688,4214.358887,3
1669029889.134574,158.0,4242.563965,4241.922852,4290.769043,4253.333496,4266.410156,4229.615234,4244.615234,4236.922852,4240.769043,4236.538574,4240.641113,4235.0,4274.102539,4214.615234,3
1669029889.138487,159.0,4241.794922,4242.05127,4290.384766,4250.641113,4267.307617,4232.692383,4247.307617,4238.846191,4242.820313,4238.461426,4237.563965,4233.717773,4277.05127,4211.922852,3
1669029889.142399,160.0,4248.717773,4246.538574,4292.436035,4249.102539,4268.077148,4237.563965,4248.846191,4239.230957,4241.794922,4237.692383,4232.820313,4234.102539,4279.871582,4207.692383,3
1669029889.146312,161.0,4257.179688,4251.666504,4295.128418,4250.512695,4267.692383,4239.358887,4246.153809,4235.512695,4236.794922,4234.102539,4229.230957,4234.743652,4281.025879,4204.230957,3
1669029889.150225,162.0,4261.282227,4254.102539,4295.641113,4254.487305,4265.897461,4235.897461,4239.358887,4228.077148,4230.128418,4230.769043,4229.230957,4233.846191,4280.769043,4203.846191,3
1669029889.154138,163.0,4259.615234,4253.974121,4292.94873,4258.461426,4263.589844,4229.487305,4232.05127,4220.384766,4226.153809,4230.512695,4234.102539,4231.410156,4280.641113,4206.666504,3
1669029889.15805,164.0,4255.897461,4255.0,4288.333496,4260.256348,4261.794922,4224.102539,4228.974121,4216.922852,4228.333496,4233.461426,4241.666504,4229.358887,4282.05127,4211.282227,3
1669029889.161963,165.0,4254.230957,4260.256348,4285.0,4259.358887,4261.666504,4222.692383,4231.922852,4219.743652,4235.897461,4236.538574,4248.461426,4230.641113,4284.871582,4215.512695,3
1669029889.165876,166.0,4256.666504,4268.589844,4285.769043,4257.94873,4263.333496,4225.256348,4238.717773,4227.05127,4245.128418,4237.563965,4251.410156,4236.153809,4289.102539,4218.333496,3
1669029889.169789,167.0,4261.666504,4274.358887,4290.256348,4258.589844,4265.256348,4230.256348,4244.487305,4235.0,4251.025879,4235.897461,4250.0,4243.333496,4293.974121,4219.358887,3
1669029889.173701,168.0,4265.128418,4271.153809,4293.717773,4261.153809,4265.256348,4234.615234,4245.384766,4238.846191,4249.871582,4232.436035,4243.717773,4246.282227,4297.563965,4217.179688,3
1669029889.177614,169.0,4263.205078,4255.897461,4290.256348,4262.436035,4261.538574,4235.256348,4241.025879,4235.512695,4240.512695,4226.922852,4232.692383,4239.743652,4297.179688,4210.384766,3
1669029889.181527,170.0,4256.153809,4232.94873,4278.717773,4259.102539,4255.641113,4231.666504,4233.974121,4226.410156,4225.512695,4218.974121,4218.333496,4225.0,4291.538574,4199.230957,3
1669029889.185439,171.0,4248.333496,4213.077148,4265.769043,4251.666504,4250.512695,4226.794922,4228.461426,4216.922852,4211.282227,4210.256348,4205.256348,4210.0,4282.436035,4188.461426,3
1669029889.189352,172.0,4244.358887,4206.153809,4260.512695,4244.487305,4248.461426,4225.0,4227.179688,4213.846191,4205.384766,4204.615234,4198.717773,4203.974121,4273.333496,4184.230957,3
1669029889.193265,173.0,4245.128418,4214.102539,4265.769043,4241.538574,4249.102539,4227.436035,4231.153809,4220.641113,4212.436035,4206.410156,4201.794922,4210.0,4267.563965,4188.717773,3
1669029889.197178,174.0,4247.692383,4228.461426,4275.256348,4243.717773,4249.102539,4230.641113,4238.077148,4233.846191,4229.487305,4215.512695,4211.666504,4221.666504,4266.025879,4197.563965,3
1669029889.20109,175.0,4247.94873,4237.436035,4278.077148,4247.820313,4246.025879,4230.128418,4244.871582,4245.641113,4246.538574,4227.692383,4221.410156,4229.230957,4267.436035,4202.436035,3
1669029889.205003,176.0,4244.487305,4233.846191,4268.974121,4249.487305,4241.025879,4225.0,4248.461426,4248.974121,4253.589844,4235.897461,4225.512695,4227.179688,4269.230957,4198.205078,3
1669029889.208916,177.0,4239.230957,4221.282227,4253.205078,4247.436035,4237.94873,4218.333496,4248.205078,4243.333496,4247.820313,4236.025879,4222.820313,4217.94873,4268.717773,4187.436035,3
1669029889.212829,178.0,4235.512695,4210.897461,4242.436035,4243.717773,4240.256348,4215.256348,4245.256348,4233.846191,4235.641113,4230.128418,4217.820313,4210.0,4266.153809,4179.358887,3
1669029889.216741,179.0,4235.641113,4213.205078,4246.025879,4242.307617,4247.692383,4218.717773,4241.922852,4227.436035,4227.307617,4224.743652,4216.666504,4210.897461,4263.717773,4182.820313,3
1669029889.220654,180.0,4239.358887,4229.487305,4262.563965,4245.384766,4256.666504,4227.05127,4240.256348,4227.563965,4228.974121,4226.025879,4223.461426,4222.179688,4264.358887,4199.615234,3
1669029889.224567,181.0,4244.743652,4251.922852,4281.025879,4251.282227,4262.94873,4235.897461,4241.538574,4233.589844,4238.333496,4234.230957,4236.922852,4237.820313,4267.94873,4222.436035,3
1669029889.22848,182.0,4248.974121,4268.589844,4289.615234,4256.025879,4264.615234,4241.025879,4245.641113,4241.410156,4247.820313,4244.102539,4251.282227,4249.230957,4271.666504,4240.0,3
1669029889.232392,183.0,4250.512695,4273.589844,4285.128418,4257.307617,4262.563965,4241.282227,4249.487305,4246.666504,4250.0,4248.717773,4260.0,4251.153809,4272.307617,4245.0,3
1669029889.236305,184.0,4249.615234,4268.717773,4274.102539,4255.769043,4259.358887,4238.974121,4250.128418,4247.179688,4242.94873,4245.641113,4259.871582,4245.128418,4269.871582,4239.743652,3
1669029889.240218,185.0,4247.692383,4260.128418,4266.794922,4254.487305,4257.94873,4238.461426,4247.179688,4244.487305,4231.922852,4238.205078,4254.102539,4237.563965,4268.077148,4232.94873,3
1669029889.24413,186.0,4246.666504,4252.179688,4267.94873,4255.128418,4258.461426,4241.794922,4243.974121,4243.333496,4225.384766,4233.077148,4248.846191,4235.0,4271.282227,4232.05127,3
1669029889.248043,187.0,4247.436035,4245.384766,4274.102539,4257.179688,4258.846191,4247.307617,4244.487305,4246.538574,4229.615234,4235.128418,4248.461426,4238.974121,4280.128418,4237.563965,3
1669029889.251956,188.0,4248.846191,4238.589844,4277.563965,4257.94873,4256.025879,4250.384766,4249.871582,4253.717773,4243.589844,4243.717773,4252.94873,4246.025879,4290.512695,4243.974121,3
1669029889.255869,189.0,4249.615234,4232.692383,4274.358887,4255.897461,4249.743652,4247.820313,4257.179688,4260.641113,4260.128418,4253.461426,4258.333496,4252.05127,4296.538574,4246.153809,3
1669029889.259781,190.0,4249.358887,4231.153809,4267.436035,4252.563965,4243.461426,4241.794922,4261.922852,4263.717773,4271.025879,4258.589844,4261.538574,4254.871582,4295.0,4243.333496,3
1669029889.263694,191.0,4249.230957,4236.282227,4263.077148,4250.769043,4241.922852,4236.794922,4261.538574,4261.666504,4271.153809,4257.436035,4261.538574,4255.512695,4287.692383,4239.615234,3
1669029889.267607,192.0,4249.358887,4245.384766,4264.358887,4252.05127,4247.05127,4235.384766,4256.153809,4255.128418,4261.025879,4251.922852,4258.974121,4255.128418,4280.641113,4238.717773,3
1669029889.27152,193.0,4248.589844,4251.666504,4268.589844,4255.0,4255.384766,4237.05127,4248.974121,4245.897461,4246.025879,4246.153809,4255.897461,4254.230957,4279.230957,4241.025879,3
1669029889.275432,194.0,4246.794922,4250.256348,4271.666504,4257.307617,4261.666504,4239.487305,4243.205078,4236.922852,4233.333496,4243.717773,4253.717773,4252.436035,4284.615234,4243.974121,3
1669029889.279345,195.0,4245.256348,4243.077148,4272.179688,4258.205078,4262.692383,4241.538574,4241.538574,4233.205078,4228.846191,4245.0,4253.974121,4250.128418,4292.820313,4245.0,3
1669029889.283258,196.0,4245.769043,4236.794922,4272.563965,4258.974121,4259.871582,4243.077148,4244.615234,4237.820313,4233.846191,4248.333496,4256.538574,4248.205078,4298.333496,4243.077148,3
1669029889.287171,197.0,4248.461426,4236.794922,4274.487305,4260.0,4255.897461,4243.461426,4250.384766,4249.615234,4244.487305,4250.512695,4258.589844,4247.05127,4297.179688,4238.846191,3
1669029889.291083,198.0,4252.179688,4243.333496,4276.922852,4260.256348,4252.820313,4241.922852,4255.384766,4262.179688,4254.615234,4249.743652,4257.179688,4246.153809,4289.358887,4233.846191,3
1669029889.294996,199.0,4255.128418,4251.538574,4276.153809,4257.94873,4251.025879,4238.205078,4256.153809,4267.94873,4259.102539,4245.512695,4251.153809,4244.102539,4278.461426,4229.230957,3
1669029889.298909,200.0,4255.769043,4254.615234,4270.256348,4252.94873,4250.769043,4233.461426,4252.05127,4263.205078,4257.307617,4239.743652,4242.94873,4240.256348,4269.102539,4225.641113,3
1669029889.302822,201.0,4253.589844,4248.846191,4261.538574,4247.94873,4252.692383,4230.256348,4245.897461,4250.769043,4253.846191,4236.282227,4237.05127,4236.025879,4264.487305,4223.205078,3
1669029889.306734,202.0,4249.871582,4236.153809,4255.769043,4247.179688,4256.410156,4230.641113,4241.282227,4238.589844,4253.974121,4238.205078,4237.179688,4234.871582,4266.025879,4222.05127,3
1669029889.310647,203.0,4247.179688,4222.820313,4257.179688,4251.794922,4259.871582,4234.743652,4240.641113,4233.974121,4259.358887,4244.615234,4242.94873,4238.205078,4271.794922,4222.563965,3
1669029889.31456,204.0,4247.179688,4216.410156,4264.230957,4258.974121,4260.512695,4239.615234,4242.94873,4238.589844,4265.384766,4250.128418,4250.256348,4243.205078,4277.820313,4224.615234,3
1669029889.318472,205.0,4248.717773,4220.384766,4271.410156,4263.205078,4257.179688,4241.025879,4245.769043,4247.692383,4266.025879,4249.615234,4254.230957,4245.0,4279.487305,4227.692383,3
1669029889.322385,206.0,4249.615234,4232.94873,4273.589844,4261.922852,4251.922852,4237.820313,4246.922852,4253.846191,4259.487305,4243.461426,4252.820313,4241.794922,4275.512695,4231.025879,3
1669029889.326298,207.0,4248.589844,4247.179688,4270.897461,4257.05127,4248.077148,4232.179688,4245.641113,4253.077148,4249.615234,4237.94873,4248.974121,4236.794922,4268.974121,4234.615234,3
1669029889.330211,208.0,4247.179688,4254.615234,4267.179688,4253.077148,4247.820313,4228.205078,4243.333496,4247.307617,4243.205078,4239.358887,4247.692383,4235.128418,4264.871582,4238.205078,3
1669029889.334123,209.0,4247.05127,4250.641113,4266.153809,4252.94873,4250.0,4227.94873,4241.922852,4242.307617,4243.974121,4247.692383,4250.897461,4238.589844,4266.794922,4241.025879,3
1669029889.338036,210.0,4247.820313,4237.436035,4267.563965,4255.512695,4251.538574,4230.0,4242.94873,4242.307617,4250.512695,4257.05127,4255.897461,4243.461426,4273.205078,4241.282227,3
1669029889.341949,211.0,4246.794922,4222.94873,4268.846191,4256.666504,4249.743652,4230.897461,4246.025879,4246.538574,4257.05127,4259.743652,4256.538574,4243.974121,4279.358887,4236.922852,3
1669029889.345862,212.0,4241.922852,4214.615234,4266.666504,4253.717773,4245.512695,4228.717773,4249.230957,4250.897461,4258.205078,4252.179688,4249.358887,4236.922852,4280.384766,4227.820313,3
1669029889.349774,213.0,4233.974121,4214.743652,4260.641113,4247.820313,4241.794922,4224.615234,4250.256348,4252.05127,4252.436035,4237.94873,4236.794922,4225.512695,4275.256348,4216.794922,3
1669029889.353687,214.0,4228.077148,4220.769043,4253.974121,4243.333496,4241.794922,4222.436035,4248.974121,4250.256348,4242.94873,4225.641113,4225.769043,4216.538574,4267.179688,4208.461426,3
1669029889.3576,215.0,4229.487305,4227.94873,4251.282227,4243.974121,4245.384766,4224.230957,4247.05127,4248.974121,4234.743652,4223.205078,4222.436035,4215.384766,4261.282227,4206.922852,3
1669029889.361512,216.0,4238.333496,4232.436035,4254.230957,4249.487305,4250.128418,4229.102539,4246.538574,4250.128418,4230.769043,4230.897461,4227.436035,4221.666504,4260.512695,4211.538574,3
1669029889.365425,217.0,4248.717773,4232.692383,4259.743652,4255.641113,4253.077148,4233.461426,4247.820313,4252.436035,4230.769043,4241.922852,4234.871582,4229.358887,4262.692383,4217.436035,3
1669029889.369338,218.0,4253.205078,4230.384766,4262.436035,4258.846191,4253.589844,4234.230957,4248.974121,4252.820313,4231.666504,4247.820313,4237.307617,4232.436035,4263.461426,4219.358887,3
1669029889.373251,219.0,4249.358887,4228.974121,4259.615234,4258.333496,4252.94873,4230.897461,4248.333496,4250.384766,4230.897461,4244.871582,4232.307617,4229.871582,4261.282227,4215.897461,3
1669029889.377163,220.0,4242.05127,4231.153809,4253.974121,4256.794922,4253.205078,4226.282227,4246.025879,4246.794922,4228.846191,4237.820313,4223.846191,4225.769043,4258.846191,4211.025879,3
1669029889.381076,221.0,4239.487305,4236.794922,4251.025879,4257.05127,4254.615234,4223.589844,4243.589844,4245.256348,4229.102539,4233.974121,4218.846191,4225.641113,4261.282227,4210.512695,3
1669029889.384989,222.0,4246.666504,4243.077148,4253.974121,4260.128418,4256.025879,4224.871582,4242.692383,4246.794922,4233.846191,4236.922852,4220.769043,4230.256348,4270.0,4216.153809,3
1669029889.388902,223.0,4260.0,4246.410156,4261.153809,4264.102539,4256.153809,4228.974121,4243.461426,4249.743652,4241.538574,4243.846191,4228.077148,4235.641113,4281.153809,4224.230957,3
1669029889.392814,224.0,4270.128418,4244.615234,4267.820313,4266.538574,4255.0,4233.333496,4244.871582,4251.538574,4247.179688,4248.717773,4235.384766,4237.820313,4288.461426,4228.974121,3
1669029889.396727,225.0,4269.615234,4239.102539,4269.487305,4266.538574,4253.333496,4235.641113,4245.769043,4250.641113,4246.794922,4247.94873,4239.358887,4236.538574,4289.102539,4228.077148,3
1669029889.40064,226.0,4259.743652,4234.102539,4266.025879,4264.615234,4252.436035,4235.641113,4245.769043,4247.820313,4241.282227,4243.333496,4240.641113,4235.769043,4285.769043,4223.974121,3
1669029889.404552,227.0,4249.487305,4233.589844,4260.641113,4262.436035,4252.820313,4234.102539,4245.384766,4245.512695,4235.0,4239.358887,4242.307617,4238.077148,4283.846191,4221.282227,3
1669029889.408465,228.0,4247.179688,4237.436035,4257.05127,4261.153809,4254.487305,4232.179688,4245.769043,4245.0,4232.820313,4239.230957,4246.025879,4241.922852,4286.666504,4222.307617,3
1669029889.412378,229.0,4253.461426,4240.512695,4256.922852,4260.641113,4256.282227,4231.025879,4247.692383,4246.282227,4236.282227,4242.820313,4250.0,4243.333496,4292.94873,4225.512695,3
1669029889.416291,230.0,4261.410156,4237.692383,4258.974121,4260.0,4257.179688,4231.025879,4250.128418,4248.333496,4243.461426,4247.179688,4251.153809,4240.641113,4297.307617,4227.307617,3
1669029889.420203,231.0,4263.717773,4229.743652,4261.025879,4259.102539,4256.666504,4232.436035,4251.410156,4249.743652,4250.128418,4249.358887,4248.461426,4236.025879,4296.153809,4226.025879,3
1669029889.424116,232.0,4258.846191,4223.333496,4261.794922,4258.717773,4255.769043,4234.230957,4250.128418,4250.256348,4253.077148,4248.717773,4243.974121,4233.461426,4289.743652,4223.205078,3
1669029889.428029,233.0,4251.666504,4225.641113,4261.538574,4259.743652,4255.897461,4235.769043,4246.794922,4249.487305,4252.05127,4246.666504,4241.538574,4235.641113,4282.820313,4222.05127,3
1669029889.431942,234.0,4248.589844,4237.179688,4261.666504,4261.538574,4256.282227,4235.897461,4243.461426,4247.436035,4248.333496,4245.256348,4242.820313,4241.410156,4279.358887,4224.102539,3
1669029889.435854,235.0,4251.410156,4249.487305,4261.410156,4261.153809,4254.358887,4233.846191,4241.538574,4243.846191,4243.846191,4244.358887,4245.0,4245.769043,4279.615234,4226.794922,3
1669029889.439767,236.0,4255.641113,4251.025879,4257.692383,4256.410156,4247.05127,4229.615234,4240.0,4238.846191,4239.743652,4241.794922,4243.077148,4243.205078,4279.230957,4225.512695,3
1669029889.44368,237.0,4254.102539,4237.05127,4248.205078,4248.205078,4234.743652,4223.717773,4236.794922,4233.589844,4236.025879,4236.025879,4235.0,4232.692383,4274.230957,4217.307617,3
1669029889.447592,238.0,4244.102539,4214.358887,4235.0,4241.282227,4221.410156,4217.436035,4231.922852,4229.871582,4232.692383,4229.487305,4224.102539,4219.487305,4265.0,4205.0,3
1669029889.451505,239.0,4230.769043,4196.282227,4225.256348,4239.743652,4214.487305,4212.94873,4228.589844,4228.717773,4229.743652,4225.897461,4217.692383,4211.153809,4256.794922,4195.256348,3
1669029889.455418,240.0,4222.436035,4192.94873,4224.743652,4244.487305,4219.230957,4212.05127,4229.615234,4230.384766,4227.563965,4227.563965,4219.743652,4212.563965,4254.871582,4193.589844,3
1669029889.459331,241.0,4224.743652,4203.846191,4233.461426,4251.666504,4234.102539,4215.256348,4235.0,4233.461426,4226.282227,4232.563965,4227.563965,4220.641113,4260.128418,4199.871582,3
1669029889.463243,242.0,4236.025879,4219.743652,4244.743652,4256.025879,4250.897461,4220.641113,4241.666504,4236.538574,4225.769043,4235.897461,4233.333496,4227.436035,4267.436035,4207.307617,3
1669029889.467156,243.0,4247.820313,4230.128418,4251.025879,4254.615234,4259.615234,4225.256348,4245.256348,4238.205078,4225.384766,4234.102539,4230.769043,4225.641113,4270.384766,4208.846191,3
1669029889.471069,244.0,4252.692383,4230.256348,4250.0,4248.974121,4256.794922,4226.538574,4244.230957,4238.717773,4225.0,4227.820313,4220.512695,4215.641113,4266.922852,4202.692383,3
1669029889.474982,245.0,4249.615234,4222.820313,4245.512695,4244.102539,4247.94873,4224.871582,4240.641113,4239.102539,4225.128418,4221.794922,4209.743652,4205.0,4261.025879,4194.358887,3
1669029889.478894,246.0,4245.256348,4215.512695,4243.846191,4243.846191,4242.692383,4222.820313,4238.589844,4241.282227,4226.794922,4220.897461,4207.05127,4202.563965,4259.102539,4191.922852,3
1669029889.482807,247.0,4247.05127,4214.615234,4247.563965,4248.717773,4245.897461,4223.333496,4240.641113,4245.641113,4230.128418,4225.769043,4214.230957,4210.512695,4264.230957,4198.717773,3
1669029889.48672,248.0,4255.128418,4221.025879,4253.205078,4254.743652,4253.461426,4226.153809,4246.025879,4250.256348,4233.974121,4231.922852,4225.256348,4222.820313,4273.333496,4210.0,3
1669029889.490632,249.0,4262.05127,4230.0,4255.256348,4257.436035,4257.05127,4228.846191,4251.153809,4252.05127,4236.666504,4233.461426,4231.025879,4229.743652,4279.487305,4217.436035,3
1669029889.494545,250.0,4259.743652,4235.128418,4251.025879,4254.743652,4252.179688,4228.589844,4252.179688,4248.717773,4237.563965,4228.461426,4226.666504,4226.025879,4277.692383,4214.871582,3
1669029889.498458,251.0,4246.666504,4232.05127,4243.333496,4248.589844,4243.077148,4226.282227,4249.102539,4241.282227,4237.307617,4221.153809,4216.025879,4215.0,4269.102539,4204.230957,3
1669029889.502371,252.0,4230.384766,4221.666504,4237.563965,4243.461426,4238.077148,4224.358887,4244.487305,4233.589844,4237.307617,4217.820313,4207.94873,4205.256348,4260.384766,4193.205078,3
1669029889.506283,253.0,4221.025879,4208.717773,4237.05127,4242.307617,4240.897461,4225.256348,4241.538574,4229.871582,4237.94873,4222.436035,4208.974121,4203.974121,4257.94873,4188.846191,3
1669029889.510196,254.0,4223.846191,4199.487305,4240.897461,4245.384766,4247.179688,4228.205078,4241.794922,4232.436035,4239.743652,4233.333496,4218.589844,4211.410156,4263.205078,4193.589844,3
1669029889.514109,255.0,4236.153809,4199.230957,4245.384766,4249.615234,4249.358887,4230.769043,4244.615234,4240.256348,4242.692383,4244.743652,4231.025879,4221.794922,4272.05127,4203.974121,3
1669029889.518022,0.0,4250.0,4209.615234,4247.692383,4251.794922,4244.487305,4231.282227,4248.205078,4249.615234,4247.94873,4251.410156,4239.743652,4228.974121,4278.589844,4214.487305,3
1669029889.521934,1.0,4257.563965,4226.666504,4248.077148,4250.769043,4236.282227,4229.743652,4250.769043,4256.410156,4255.128418,4251.666504,4242.307617,4230.512695,4279.743652,4220.897461,3
1669029889.525847,2.0,4256.282227,4242.307617,4248.461426,4248.589844,4231.794922,4227.307617,4251.025879,4257.692383,4261.922852,4247.820313,4240.512695,4227.94873,4276.410156,4222.179688,3
1669029889.52976,3.0,4248.974121,4248.974121,4250.384766,4247.820313,4235.256348,4225.769043,4247.94873,4252.94873,4265.256348,4243.589844,4237.563965,4224.230957,4272.563965,4220.641113,3
1669029889.533672,4.0,4240.769043,4244.230957,4253.589844,4249.487305,4245.0,4225.897461,4242.307617,4244.871582,4263.974121,4242.307617,4235.897461,4221.922852,4272.05127,4218.974121,3
1669029889.537585,5.0,4235.769043,4232.179688,4256.025879,4252.436035,4254.743652,4228.077148,4236.025879,4237.94873,4260.0,4244.743652,4236.410156,4222.307617,4275.256348,4219.230957,3
1669029889.541498,6.0,4235.256348,4220.641113,4256.538574,4254.102539,4258.846191,4230.512695,4232.307617,4235.256348,4256.025879,4248.974121,4238.717773,4224.871582,4278.974121,4221.025879,3
1669029889.545411,7.0,4237.179688,4216.153809,4253.974121,4252.692383,4256.153809,4231.538574,4232.436035,4236.410156,4252.436035,4252.05127,4240.897461,4227.820313,4279.230957,4222.05127,3
1669029889.549323,8.0,4239.102539,4219.871582,4248.205078,4248.077148,4249.358887,4230.128418,4234.743652,4237.94873,4247.692383,4251.538574,4240.384766,4228.589844,4274.743652,4220.128418,3
1669029889.553236,9.0,4239.615234,4227.436035,4239.871582,4242.179688,4243.205078,4227.436035,4236.282227,4236.794922,4240.256348,4246.538574,4235.256348,4226.025879,4268.077148,4215.256348,3
1669029889.557149,10.0,4239.230957,4232.820313,4232.563965,4237.307617,4240.897461,4225.256348,4234.871582,4233.205078,4231.410156,4238.846191,4226.538574,4221.282227,4263.077148,4210.0,3
1669029889.561062,11.0,4238.717773,4232.179688,4230.512695,4235.512695,4242.307617,4224.487305,4231.666504,4229.871582,4224.358887,4231.794922,4218.461426,4217.436035,4261.410156,4207.94873,3
1669029889.564974,12.0,4239.230957,4226.282227,4235.512695,4236.666504,4245.384766,4225.128418,4229.230957,4229.102539,4222.05127,4228.589844,4215.384766,4217.05127,4262.692383,4211.025879,3
1669029889.568887,13.0,4242.307617,4218.589844,4245.897461,4238.974121,4248.333496,4226.666504,4230.512695,4232.179688,4225.769043,4230.897461,4219.487305,4221.410156,4264.487305,4218.205078,3
1669029889.5728,14.0,4248.974121,4213.589844,4256.922852,4240.897461,4251.410156,4229.358887,4236.153809,4238.077148,4234.487305,4237.307617,4229.102539,4228.846191,4265.256348,4225.512695,3
1669029889.576712,15.0,4256.666504,4214.487305,4263.717773,4241.922852,4255.0,4232.820313,4243.974121,4244.871582,4245.128418,4244.743652,4239.487305,4235.641113,4264.743652,4229.358887,3
1669029889.580625,16.0,4259.615234,4221.153809,4264.743652,4242.820313,4257.05127,4236.153809,4249.230957,4250.0,4253.846191,4249.615234,4245.256348,4238.461426,4263.461426,4228.077148,3
1669029889.584538,17.0,4253.589844,4230.0,4261.410156,4243.974121,4254.102539,4237.563965,4248.461426,4250.897461,4258.077148,4250.128418,4244.743652,4236.282227,4261.538574,4223.461426,3
1669029889.588451,18.0,4240.641113,4236.538574,4256.153809,4244.871582,4245.512695,4235.769043,4242.307617,4247.563965,4257.307617,4246.538574,4239.743652,4231.538574,4258.974121,4218.717773,3
1669029889.592363,19.0,4227.820313,4238.077148,4251.025879,4244.487305,4235.0,4231.153809,4235.256348,4242.05127,4252.94873,4241.153809,4234.487305,4228.846191,4255.897461,4216.794922,3
1669029889.596276,20.0,4222.563965,4234.615234,4246.922852,4242.563965,4228.717773,4225.897461,4232.563965,4237.563965,4247.563965,4236.922852,4231.666504,4230.0,4252.820313,4217.307617,3
1669029889.600189,21.0,4226.025879,4228.077148,4243.461426,4239.487305,4230.256348,4222.179688,4235.256348,4236.538574,4243.333496,4235.641113,4231.538574,4233.589844,4249.487305,4217.820313,3
1669029889.604102,22.0,4233.333496,4219.871582,4240.512695,4236.410156,4237.436035,4221.153809,4241.153809,4238.717773,4241.666504,4236.666504,4232.179688,4235.384766,4246.282227,4216.025879,3
1669029889.608014,23.0,4238.717773,4211.410156,4238.461426,4234.615234,4245.512695,4222.94873,4246.153809,4242.692383,4242.05127,4238.461426,4231.922852,4233.077148,4245.0,4212.692383,3
1669029889.611927,24.0,4239.871582,4205.0,4239.102539,4235.512695,4250.512695,4226.538574,4248.333496,4246.538574,4243.333496,4239.743652,4231.410156,4228.717773,4247.692383,4210.128418,3
1669029889.61584,25.0,4239.102539,4203.077148,4242.94873,4239.743652,4251.410156,4230.384766,4247.94873,4249.102539,4244.230957,4240.256348,4232.692383,4226.282227,4254.615234,4210.384766,3
1669029889.619753,26.0,4239.871582,4207.692383,4248.717773,4245.641113,4250.256348,4233.717773,4247.05127,4250.256348,4244.743652,4241.025879,4236.666504,4227.820313,4263.205078,4213.846191,3
1669029889.623665,27.0,4243.205078,4218.077148,4253.717773,4251.025879,4250.256348,4235.641113,4247.307617,4251.025879,4246.153809,4242.563965,4241.922852,4232.179688,4270.897461,4218.589844,3
1669029889.627578,28.0,4247.563965,4229.615234,4255.897461,4253.333496,4253.077148,4236.538574,4249.487305,4252.307617,4249.615234,4244.743652,4246.153809,4236.922852,4276.538574,4222.05127,3
1669029889.631491,29.0,4249.871582,4235.384766,4255.256348,4252.179688,4258.077148,4237.179688,4252.179688,4254.102539,4254.871582,4247.05127,4248.077148,4239.358887,4279.743652,4222.692383,3
1669029889.635404,30.0,4248.846191,4231.282227,4252.692383,4248.589844,4261.410156,4236.794922,4252.820313,4254.871582,4258.846191,4248.974121,4247.563965,4238.717773,4280.641113,4220.641113,3
1669029889.639316,31.0,4244.871582,4220.128418,4249.230957,4244.615234,4259.358887,4234.743652,4250.0,4253.333496,4258.461426,4249.743652,4244.871582,4235.769043,4278.717773,4217.179688,3
1669029889.643229,32.0,4240.641113,4210.0,4245.512695,4242.307617,4250.897461,4231.025879,4244.871582,4250.0,4252.94873,4248.589844,4240.256348,4233.077148,4274.230957,4213.589844,3
1669029889.647142,33.0,4238.589844,4207.820313,4242.563965,4242.692383,4239.871582,4226.794922,4240.769043,4247.179688,4245.0,4244.871582,4234.102539,4232.94873,4268.846191,4210.897461,3
1669029889.651055,34.0,4239.871582,4214.230957,4242.179688,4245.512695,4232.692383,4224.487305,4240.0,4247.692383,4239.358887,4239.230957,4228.589844,4235.128418,4265.384766,4210.256348,3
1669029889.654967,35.0,4243.846191,4223.333496,4246.025879,4249.230957,4234.230957,4225.641113,4242.05127,4251.025879,4238.974121,4233.589844,4225.897461,4237.307617,4265.897461,4212.563965,3
1669029889.65888,36.0,4249.615234,4228.205078,4254.230957,4252.307617,4244.230957,4229.871582,4244.871582,4253.974121,4242.94873,4230.641113,4227.307617,4237.692383,4270.256348,4217.94873,3
1669029889.662793,37.0,4257.692383,4227.563965,4264.102539,4254.358887,4256.794922,4235.0,4246.410156,4253.717773,4247.436035,4232.307617,4232.05127,4237.179688,4276.282227,4224.871582,3
1669029889.666705,38.0,4267.820313,4226.153809,4271.538574,4256.282227,4265.0,4239.615234,4246.794922,4250.384766,4250.0,4238.461426,4238.205078,4237.820313,4281.025879,4231.794922,3
1669029889.670618,39.0,4276.922852,4230.641113,4274.230957,4258.974121,4265.256348,4243.205078,4247.05127,4246.666504,4251.538574,4246.410156,4243.717773,4240.641113,4282.563965,4237.436035,3
1669029889.674531,40.0,4280.128418,4242.179688,4272.820313,4261.538574,4258.974121,4246.410156,4247.692383,4245.512695,4254.102539,4251.794922,4246.922852,4244.102539,4281.153809,4241.153809,3
1669029889.678444,41.0,4274.615234,4254.102539,4270.128418,4261.922852,4252.05127,4249.487305,4248.333496,4247.179688,4257.307617,4251.282227,4247.307617,4245.512695,4278.846191,4241.794922,3
1669029889.682356,42.0,4262.94873,4257.307617,4268.333496,4259.230957,4249.487305,4251.410156,4248.205078,4250.0,4257.94873,4244.487305,4244.615234,4243.717773,4277.820313,4238.846191,3
1669029889.686269,43.0,4251.538574,4248.461426,4267.820313,4254.358887,4252.563965,4251.538574,4247.692383,4250.769043,4252.94873,4235.0,4239.615234,4239.358887,4278.589844,4233.333496,3
1669029889.690182,44.0,4246.794922,4233.205078,4267.563965,4250.0,4258.589844,4250.0,4247.563965,4247.94873,4243.205078,4228.205078,4234.871582,4235.256348,4280.128418,4228.205078,3
1669029889.694095,45.0,4250.384766,4222.179688,4266.794922,4247.436035,4264.358887,4247.820313,4248.333496,4242.563965,4233.205078,4227.436035,4232.94873,4233.717773,4280.256348,4226.666504,3
1669029889.698007,46.0,4258.077148,4222.94873,4264.871582,4246.153809,4268.077148,4245.769043,4248.717773,4237.692383,4227.692383,4231.922852,4234.871582,4235.256348,4277.436035,4229.102539,3
1669029889.70192,47.0,4262.563965,4233.846191,4262.05127,4244.615234,4268.974121,4243.077148,4247.179688,4235.384766,4228.333496,4237.436035,4238.461426,4237.563965,4271.922852,4232.692383,3
1669029889.705833,48.0,4258.974121,4245.256348,4258.717773,4242.94873,4266.538574,4238.974121,4243.333496,4235.897461,4232.563965,4240.384766,4240.641113,4238.717773,4265.128418,4233.717773,3
1669029889.709745,49.0,4249.487305,4248.461426,4256.282227,4242.563965,4260.897461,4233.846191,4238.205078,4238.205078,4237.307617,4240.384766,4240.0,4238.205078,4260.512695,4231.410156,3
1669029889.713658,50.0,4242.563965,4242.94873,4256.282227,4244.871582,4254.102539,4229.743652,4234.487305,4241.410156,4241.538574,4240.384766,4238.846191,4238.461426,4261.794922,4228.846191,3
1669029889.717571,51.0,4244.871582,4235.897461,4259.358887,4249.743652,4249.358887,4228.333496,4234.615234,4244.743652,4246.025879,4243.461426,4240.897461,4241.794922,4270.897461,4229.871582,3
1669029889.721484,52.0,4256.282227,4234.615234,4264.358887,4254.743652,4249.487305,4229.743652,4238.077148,4247.692383,4250.641113,4249.487305,4247.179688,4246.794922,4284.871582,4234.871582,3
1669029889.725396,53.0,4268.717773,4239.230957,4268.461426,4257.179688,4254.230957,4232.563965,4241.538574,4248.461426,4253.717773,4254.230957,4254.230957,4250.128418,4296.282227,4240.128418,3
1669029889.729309,54.0,4272.94873,4243.589844,4268.974121,4255.897461,4260.256348,4235.0,4241.666504,4246.025879,4252.820313,4253.461426,4256.282227,4248.974121,4298.205078,4240.769043,3
1669029889.733222,55.0,4266.153809,4241.538574,4265.128418,4251.922852,4262.692383,4235.641113,4238.717773,4241.282227,4246.666504,4246.282227,4250.384766,4244.615234,4289.230957,4235.641113,3
1669029889.737134,56.0,4253.077148,4232.179688,4258.461426,4247.692383,4259.358887,4234.615234,4235.769043,4237.563965,4237.307617,4236.666504,4239.230957,4240.256348,4275.0,4227.563965,3
1669029889.741047,57.0,4242.563965,4220.769043,4251.153809,4245.0,4251.666504,4232.563965,4236.153809,4237.94873,4229.358887,4229.871582,4229.102539,4238.333496,4263.974121,4220.769043,3
1669029889.74496,58.0,4240.128418,4215.512695,4246.153809,4244.230957,4245.0,4231.153809,4240.769043,4243.205078,4227.94873,4229.871582,4226.153809,4239.102539,4261.922852,4218.717773,3
1669029889.748873,59.0,4245.128418,4221.666504,4246.153809,4244.615234,4244.230957,4231.666504,4247.307617,4251.025879,4234.615234,4236.794922,4231.922852,4241.410156,4268.205078,4222.179688,3
1669029889.752785,60.0,4252.05127,4236.794922,4251.025879,4245.512695,4248.974121,4233.846191,4252.179688,4256.666504,4245.512695,4246.538574,4242.436035,4244.230957,4277.05127,4228.974121,3
1669029889.756698,61.0,4255.897461,4250.384766,4258.205078,4246.282227,4254.230957,4235.897461,4252.692383,4256.794922,4252.94873,4253.717773,4251.538574,4246.922852,4282.563965,4235.0,3
1669029889.760611,62.0,4254.615234,4251.922852,4263.974121,4246.794922,4255.384766,4236.282227,4248.333496,4250.512695,4252.179688,4254.487305,4254.230957,4248.461426,4282.563965,4237.179688,3
1669029889.764524,63.0,4249.871582,4239.487305,4266.153809,4246.922852,4251.666504,4234.871582,4241.538574,4241.025879,4244.615234,4249.230957,4251.153809,4248.205078,4280.0,4235.641113,3
1669029889.768436,64.0,4244.871582,4222.820313,4265.128418,4246.794922,4247.05127,4232.563965,4236.025879,4233.461426,4236.410156,4242.820313,4246.922852,4246.922852,4278.846191,4232.692383,3
1669029889.772349,65.0,4242.436035,4214.615234,4262.94873,4246.153809,4245.384766,4230.384766,4234.358887,4231.922852,4233.077148,4241.153809,4246.794922,4246.282227,4281.282227,4231.282227,3
1669029889.776262,66.0,4243.205078,4219.615234,4260.641113,4245.0,4246.538574,4229.358887,4236.410156,4236.153809,4235.641113,4245.769043,4252.05127,4246.794922,4285.769043,4232.563965,3
1669029889.780174,67.0,4246.153809,4230.512695,4258.589844,4243.205078,4247.563965,4230.384766,4240.512695,4242.563965,4241.153809,4252.436035,4259.102539,4248.205078,4287.692383,4235.0,3
1669029889.784087,68.0,4249.102539,4235.512695,4256.410156,4240.512695,4246.538574,4233.461426,4244.230957,4247.179688,4245.641113,4255.256348,4262.436035,4249.230957,4284.102539,4236.282227,3
1669029889.788,69.0,4250.0,4229.487305,4254.230957,4236.538574,4243.974121,4237.820313,4246.410156,4248.333496,4247.179688,4251.410156,4259.230957,4248.717773,4275.256348,4234.615234,3
1669029889.791913,70.0,4247.820313,4218.205078,4252.692383,4231.538574,4242.179688,4241.025879,4246.282227,4246.794922,4246.153809,4243.077148,4250.641113,4246.410156,4264.358887,4231.025879,3
1669029889.795825,71.0,4243.461426,4213.333496,4252.05127,4226.922852,4242.692383,4241.538574,4244.487305,4245.128418,4244.358887,4235.641113,4240.641113,4242.179688,4254.743652,4227.692383,3
1669029889.799738,72.0,4239.487305,4221.282227,4252.94873,4225.256348,4245.384766,4240.0,4242.05127,4245.512695,4242.820313,4233.077148,4234.358887,4236.794922,4248.974121,4226.922852,3
1669029889.803651,73.0,4239.487305,4238.717773,4256.282227,4228.077148,4249.358887,4238.589844,4241.410156,4248.846191,4241.922852,4236.025879,4234.871582,4232.820313,4248.846191,4230.128418,3
1669029889.807564,74.0,4245.128418,4256.282227,4262.179688,4234.102539,4254.102539,4239.615234,4243.717773,4253.333496,4241.794922,4242.307617,4241.922852,4233.205078,4255.512695,4236.538574,3
1669029889.811476,75.0,4254.230957,4265.769043,4269.358887,4239.743652,4259.358887,4242.692383,4247.94873,4256.153809,4242.563965,4248.589844,4251.794922,4238.974121,4267.563965,4244.102539,3
1669029889.815389,76.0,4262.05127,4265.0,4275.641113,4241.538574,4264.102539,4246.153809,4251.025879,4254.871582,4244.102539,4252.436035,4259.871582,4248.974121,4281.153809,4250.0,3
1669029889.819302,77.0,4265.897461,4258.077148,4279.615234,4239.743652,4267.05127,4247.692383,4250.128418,4249.230957,4246.153809,4252.820313,4263.205078,4259.487305,4290.641113,4252.692383,3
1669029889.823214,78.0,4266.025879,4251.153809,4280.769043,4237.307617,4266.666504,4246.922852,4245.0,4241.794922,4247.820313,4250.512695,4262.436035,4266.666504,4292.820313,4252.692383,3
1669029889.827127,79.0,4265.128418,4247.820313,4279.230957,4237.179688,4262.436035,4244.615234,4238.333496,4236.153809,4247.436035,4247.563965,4259.358887,4268.077148,4288.589844,4251.410156,3
1669029889.83104,80.0,4265.0,4247.436035,4275.897461,4239.615234,4256.794922,4242.436035,4234.358887,4234.871582,4245.256348,4245.512695,4256.538574,4263.846191,4282.436035,4250.384766,3
1669029889.834953,81.0,4265.256348,4248.205078,4272.307617,4241.922852,4254.230957,4241.922852,4235.897461,4238.333496,4244.230957,4245.512695,4255.512695,4257.307617,4279.102539,4250.128418,3
1669029889.838865,82.0,4265.0,4250.512695,4269.871582,4242.179688,4256.794922,4243.974121,4242.820313,4245.0,4247.179688,4247.692383,4256.410156,4253.333496,4280.0,4251.025879,3
1669029889.842778,83.0,4263.589844,4255.0,4269.615234,4240.128418,4260.512695,4247.436035,4251.025879,4251.410156,4252.94873,4250.512695,4257.94873,4253.589844,4283.205078,4252.05127,3
1669029889.846691,84.0,4261.153809,4258.717773,4269.615234,4237.820313,4258.461426,4249.358887,4254.871582,4253.846191,4255.641113,4251.410156,4257.307617,4254.871582,4284.743652,4251.282227,3
1669029889.850604,85.0,4257.94873,4255.769043,4267.820313,4237.563965,4247.563965,4247.307617,4251.282227,4250.384766,4250.384766,4248.461426,4252.179688,4252.05127,4283.077148,4246.410156,3
1669029889.854516,86.0,4255.128418,4243.333496,4263.846191,4240.0,4233.846191,4242.05127,4242.820313,4243.333496,4238.589844,4241.922852,4244.102539,4243.974121,4279.871582,4238.461426,3
1669029889.858429,87.0,4253.974121,4226.538574,4260.897461,4244.230957,4227.692383,4237.436035,4236.282227,4237.563965,4228.333496,4235.0,4237.692383,4235.641113,4279.615234,4231.666504,3
1669029889.862342,88.0,4254.871582,4216.538574,4262.692383,4248.717773,4235.512695,4236.410156,4236.794922,4237.436035,4227.820313,4231.922852,4236.922852,4233.589844,4285.0,4230.512695,3
1669029889.866254,89.0,4256.282227,4220.512695,4268.846191,4251.410156,4253.333496,4238.589844,4242.94873,4242.436035,4237.692383,4234.487305,4241.922852,4239.358887,4294.230957,4235.512695,3
1669029889.870167,90.0,4255.641113,4235.641113,4274.871582,4251.025879,4269.230957,4240.384766,4247.94873,4247.820313,4251.282227,4241.153809,4249.102539,4247.820313,4301.282227,4241.922852,3
1669029889.87408,91.0,4251.538574,4251.025879,4274.743652,4246.538574,4272.563965,4238.205078,4245.897461,4248.077148,4258.717773,4248.333496,4254.487305,4251.922852,4300.128418,4243.846191,3
1669029889.877993,92.0,4246.666504,4256.666504,4267.179688,4238.717773,4262.436035,4231.538574,4237.563965,4242.05127,4255.128418,4252.94873,4256.538574,4248.717773,4290.128418,4240.0,3
1669029889.881905,93.0,4245.128418,4250.384766,4256.153809,4230.128418,4247.94873,4223.589844,4229.230957,4233.974121,4243.205078,4253.846191,4256.410156,4241.666504,4276.410156,4233.333496,3
1669029889.885818,94.0,4249.102539,4239.230957,4248.461426,4224.230957,4240.512695,4219.230957,4227.563965,4230.128418,4231.153809,4250.256348,4254.358887,4236.153809,4266.153809,4228.461426,3
1669029889.889731,95.0,4255.256348,4232.692383,4247.820313,4223.205078,4244.743652,4221.153809,4233.974121,4234.615234,4225.384766,4240.897461,4248.846191,4234.871582,4262.307617,4227.05127,3
1669029889.893644,96.0,4257.94873,4235.512695,4253.077148,4226.153809,4255.0,4227.307617,4244.487305,4245.769043,4226.666504,4226.794922,4237.820313,4235.641113,4262.436035,4226.538574,3
1669029889.897556,97.0,4254.102539,4244.230957,4258.974121,4230.256348,4262.179688,4233.333496,4252.692383,4257.179688,4231.153809,4211.025879,4222.05127,4233.846191,4262.307617,4223.717773,3
1669029889.901469,98.0,4245.769043,4249.615234,4260.128418,4232.563965,4260.512695,4235.769043,4254.871582,4262.307617,4234.230957,4199.358887,4206.153809,4227.307617,4259.487305,4217.94873,3
1669029889.905382,99.0,4238.461426,4244.487305,4255.256348,4232.436035,4252.820313,4233.846191,4251.666504,4259.487305,4234.615234,4196.410156,4196.538574,4218.846191,4254.871582,4211.922852,3
1669029889.909294,100.0,4237.05127,4231.666504,4249.102539,4231.538574,4247.179688,4231.025879,4247.436035,4252.179688,4234.102539,4202.94873,4198.077148,4213.974121,4251.153809,4210.0,3
1669029889.913207,101.0,4242.692383,4221.666504,4248.333496,4231.922852,4249.358887,4231.153809,4245.641113,4246.282227,4235.0,4215.256348,4209.487305,4216.666504,4250.384766,4215.0,3
1669029889.91712,102.0,4251.922852,4223.205078,4256.025879,4233.717773,4256.666504,4235.769043,4246.666504,4244.871582,4237.179688,4226.922852,4224.358887,4225.384766,4253.974121,4224.743652,3
1669029889.921033,103.0,4258.077148,4233.846191,4266.922852,4235.641113,4260.641113,4242.179688,4247.820313,4247.307617,4238.077148,4232.820313,4234.487305,4234.615234,4261.282227,4233.589844,3
1669029889.924945,104.0,4256.922852,4242.05127,4272.307617,4236.282227,4255.769043,4246.025879,4247.692383,4250.256348,4236.794922,4232.179688,4237.179688,4240.128418,4271.025879,4237.05127,3
1669029889.928858,105.0,4249.487305,4237.692383,4266.538574,4235.128418,4243.974121,4244.871582,4247.179688,4251.538574,4235.384766,4229.230957,4235.897461,4241.666504,4280.897461,4234.615234,3
1669029889.932771,106.0,4241.538574,4222.307617,4252.94873,4233.461426,4233.077148,4240.0,4247.692383,4250.256348,4237.05127,4228.717773,4236.282227,4242.05127,4288.077148,4230.384766,3
1669029889.936684,107.0,4238.205078,4208.333496,4241.410156,4232.820313,4230.384766,4234.615234,4248.589844,4246.922852,4241.922852,4231.794922,4241.282227,4244.230957,4291.153809,4229.358887,3
1669029889.940596,108.0,4241.025879,4209.230957,4241.538574,4233.846191,4238.077148,4230.897461,4247.563965,4241.666504,4247.05127,4236.538574,4248.461426,4248.461426,4289.487305,4233.461426,3
1669029889.944509,109.0,4247.436035,4228.589844,4256.666504,4235.641113,4252.820313,4229.487305,4242.692383,4235.641113,4249.102539,4240.384766,4253.333496,4253.205078,4284.487305,4241.538574,3
1669029889.948422,110.0,4255.384766,4258.717773,4282.05127,4237.307617,4268.461426,4229.743652,4235.897461,4230.897461,4247.692383,4242.820313,4253.461426,4256.666504,4278.974121,4249.487305,3
1669029889.952335,111.0,4264.358887,4286.538574,4308.717773,4238.333496,4280.128418,4230.512695,4231.538574,4230.0,4245.769043,4244.871582,4250.128418,4258.205078,4275.384766,4252.692383,3
1669029889.956247,112.0,4274.615234,4302.05127,4328.205078,4238.974121,4286.410156,4231.282227,4233.077148,4234.230957,4246.282227,4247.436035,4245.769043,4257.563965,4274.743652,4248.333496,3
1669029889.96016,113.0,4283.846191,4301.794922,4337.05127,4238.974121,4288.077148,4230.897461,4239.743652,4242.307617,4249.230957,4249.487305,4241.538574,4254.102539,4274.871582,4236.153809,3
1669029889.964073,114.0,4287.563965,4288.461426,4337.179688,4237.94873,4287.05127,4229.102539,4247.436035,4250.256348,4252.179688,4248.589844,4236.794922,4247.307617,4272.94873,4219.487305,3
1669029889.967986,115.0,4283.589844,4268.717773,4333.589844,4235.897461,4284.358887,4226.794922,4251.794922,4253.846191,4252.307617,4243.461426,4230.256348,4238.205078,4267.692383,4203.205078,3
1669029889.971898,116.0,4274.230957,4251.153809,4331.410156,4232.94873,4281.538574,4225.641113,4251.538574,4251.282227,4248.205078,4234.743652,4221.794922,4229.230957,4261.282227,4192.307617,3
1669029889.975811,117.0,4265.256348,4243.077148,4331.922852,4230.128418,4280.0,4226.666504,4248.077148,4244.743652,4241.025879,4225.641113,4213.077148,4223.077148,4257.820313,4188.205078,3
1669029889.979724,118.0,4261.666504,4247.179688,4333.333496,4228.333496,4279.615234,4229.487305,4244.230957,4238.461426,4233.974121,4218.974121,4206.282227,4220.0,4258.461426,4188.461426,3
1669029889.983637,119.0,4264.358887,4258.717773,4333.717773,4227.94873,4279.487305,4232.436035,4241.666504,4235.897461,4230.0,4216.025879,4202.436035,4218.205078,4261.025879,4189.230957,3
1669029889.987549,120.0,4270.128418,4268.077148,4332.94873,4229.102539,4278.974121,4233.589844,4241.025879,4237.820313,4230.256348,4217.05127,4201.410156,4216.153809,4262.436035,4187.94873,3
1669029889.991462,121.0,4275.384766,4267.436035,4332.692383,4231.410156,4279.102539,4232.436035,4241.410156,4241.282227,4233.205078,4221.282227,4202.307617,4213.974121,4262.05127,4184.743652,3
1669029889.995375,122.0,4277.94873,4255.897461,4333.461426,4233.974121,4280.512695,4229.487305,4240.384766,4241.538574,4235.0,4227.436035,4205.384766,4212.820313,4261.410156,4181.538574,3
1669029889.999287,123.0,4278.205078,4241.025879,4334.102539,4235.769043,4282.94873,4226.153809,4236.153809,4235.512695,4231.282227,4233.077148,4209.743652,4213.461426,4262.179688,4180.512695,3
1669029890.0032,124.0,4278.333496,4233.205078,4333.333496,4236.282227,4284.102539,4223.974121,4229.358887,4224.230957,4221.153809,4235.128418,4213.461426,4215.128418,4264.230957,4182.436035,3
1669029890.007113,125.0,4279.102539,4236.666504,4330.897461,4236.153809,4281.538574,4223.077148,4222.563965,4212.563965,4208.333496,4231.922852,4214.358887,4216.282227,4265.512695,4185.897461,3
1669029890.011026,126.0,4279.487305,4246.538574,4326.922852,4236.153809,4273.589844,4222.692383,4218.846191,4206.282227,4199.358887,4224.487305,4211.025879,4215.897461,4263.974121,4188.717773,3
1669029890.014938,127.0,4277.692383,4253.717773,4322.692383,4236.410156,4262.820313,4221.153809,4219.743652,4208.974121,4199.230957,4216.410156,4205.256348,4214.358887,4259.871582,4189.615234,3
1669029890.018851,128.0,4273.461426,4254.871582,4319.743652,4236.538574,4255.384766,4219.102539,4224.615234,4219.102539,4208.717773,4212.820313,4201.153809,4213.205078,4256.538574,4190.0,3
1669029890.022764,129.0,4268.846191,4253.717773,4319.615234,4236.025879,4257.05127,4218.205078,4230.641113,4231.025879,4223.717773,4216.153809,4202.692383,4214.102539,4257.307617,4191.410156,3
1669029890.026677,130.0,4265.641113,4255.512695,4321.282227,4235.0,4267.05127,4220.512695,4235.0,4238.461426,4238.333496,4224.358887,4209.358887,4217.179688,4262.94873,4193.589844,3
1669029890.030589,131.0,4262.94873,4258.717773,4322.436035,4233.333496,4278.461426,4225.512695,4236.410156,4240.0,4247.94873,4232.05127,4216.410156,4219.487305,4270.256348,4193.717773,3
1669029890.034502,132.0,4258.205078,4256.794922,4320.769043,4231.794922,4283.077148,4230.0,4236.538574,4239.743652,4252.436035,4234.743652,4218.846191,4218.589844,4274.871582,4190.128418,3
1669029890.038415,133.0,4251.410156,4246.794922,4316.922852,4230.641113,4278.461426,4231.025879,4238.333496,4243.333496,4255.769043,4233.333496,4215.897461,4214.615234,4274.487305,4185.128418,3
1669029890.042327,134.0,4246.153809,4235.256348,4313.077148,4231.025879,4269.743652,4227.94873,4242.94873,4251.922852,4262.05127,4231.922852,4211.282227,4211.282227,4270.512695,4183.333496,3
1669029890.04624,135.0,4247.179688,4232.692383,4310.512695,4233.077148,4263.846191,4222.820313,4247.94873,4260.512695,4271.410156,4234.102539,4209.743652,4212.820313,4266.025879,4187.436035,3
1669029890.050153,136.0,4255.0,4242.94873,4308.205078,4236.153809,4264.102539,4218.846191,4249.487305,4262.563965,4279.102539,4239.871582,4213.077148,4219.358887,4263.333496,4194.871582,3
1669029890.054066,137.0,4264.615234,4257.94873,4305.512695,4238.333496,4268.461426,4216.922852,4245.769043,4255.512695,4279.743652,4245.512695,4219.230957,4227.179688,4262.820313,4200.128418,3
1669029890.057978,138.0,4269.871582,4264.743652,4302.820313,4238.205078,4272.436035,4216.410156,4238.205078,4242.436035,4272.179688,4246.922852,4224.358887,4231.410156,4263.846191,4199.871582,3
1669029890.061891,139.0,4268.077148,4258.333496,4301.153809,4235.897461,4273.461426,4215.641113,4230.897461,4229.871582,4260.512695,4242.94873,4225.769043,4230.769043,4266.153809,4195.641113,3
1669029890.065804,140.0,4261.410156,4245.769043,4301.538574,4233.077148,4271.666504,4213.461426,4227.05127,4223.077148,4249.615234,4235.512695,4223.333496,4227.692383,4269.487305,4192.05127,3
1669029890.069717,141.0,4255.769043,4240.512695,4303.846191,4231.538574,4269.615234,4211.153809,4227.820313,4223.589844,4242.820313,4228.077148,4219.743652,4225.897461,4272.94873,4193.333496,3
1669029890.073629,142.0,4255.897461,4249.743652,4307.692383,4232.563965,4269.230957,4211.025879,4231.666504,4228.589844,4239.615234,4223.974121,4217.94873,4227.436035,4275.641113,4199.871582,3
1669029890.077542,143.0,4261.538574,4268.333496,4312.307617,4235.256348,4271.538574,4214.358887,4236.410156,4234.230957,4238.205078,4223.333496,4218.846191,4231.538574,4276.922852,4208.717773,3
1669029890.081455,144.0,4267.307617,4282.563965,4315.512695,4237.563965,4275.128418,4219.358887,4239.871582,4237.563965,4235.384766,4224.230957,4220.641113,4234.230957,4275.769043,4214.230957,3
1669029890.085367,145.0,4266.153809,4281.153809,4314.871582,4236.922852,4277.692383,4221.922852,4240.0,4237.307617,4229.358887,4223.974121,4220.128418,4231.538574,4271.025879,4211.794922,3
1669029890.08928,146.0,4256.282227,4263.846191,4310.0,4232.436035,4277.05127,4219.743652,4236.922852,4233.974121,4220.256348,4221.153809,4216.410156,4222.692383,4262.563965,4201.410156,3
1669029890.093193,147.0,4242.307617,4241.282227,4303.717773,4226.922852,4273.077148,4215.0,4233.077148,4229.102539,4211.282227,4216.922852,4210.897461,4211.794922,4253.589844,4188.461426,3
1669029890.097106,148.0,4232.436035,4226.153809,4300.641113,4224.487305,4267.94873,4212.94873,4231.666504,4225.897461,4207.692383,4214.358887,4206.794922,4205.0,4248.717773,4180.384766,3
1669029890.101018,149.0,4232.05127,4224.615234,4303.333496,4227.692383,4265.0,4216.025879,4234.615234,4226.794922,4212.692383,4215.512695,4205.384766,4206.282227,4250.256348,4181.025879,3
1669029890.104931,150.0,4240.512695,4232.820313,4309.871582,4234.743652,4266.410156,4222.05127,4240.128418,4232.436035,4225.128418,4219.743652,4206.025879,4213.717773,4256.025879,4188.461426,3
1669029890.108844,151.0,4251.794922,4242.05127,4314.615234,4240.256348,4270.641113,4225.512695,4244.871582,4240.512695,4240.384766,4223.974121,4206.538574,4220.641113,4260.512695,4196.282227,3
1669029890.112757,152.0,4259.615234,4245.512695,4312.94873,4240.0,4274.102539,4222.94873,4245.897461,4246.410156,4252.820313,4225.384766,4205.641113,4221.538574,4259.743652,4199.230957,3
1669029890.116669,153.0,4261.153809,4242.05127,4305.384766,4234.487305,4273.589844,4216.025879,4242.820313,4246.153809,4258.589844,4223.974121,4204.615234,4216.794922,4254.230957,4195.769043,3
1669029890.120582,154.0,4258.077148,4235.897461,4297.307617,4229.230957,4270.128418,4209.871582,4237.692383,4239.743652,4257.05127,4222.563965,4206.282227,4211.666504,4249.358887,4189.487305,3
1669029890.124495,155.0,4253.846191,4232.179688,4295.128418,4229.358887,4266.922852,4208.589844,4233.846191,4232.05127,4250.769043,4224.230957,4211.666504,4210.769043,4250.641113,4185.384766,3
1669029890.128407,156.0,4251.666504,4234.487305,4300.384766,4235.0,4267.436035,4211.794922,4233.461426,4229.615234,4244.230957,4229.743652,4218.589844,4214.615234,4259.230957,4186.666504,3
1669029890.13232,157.0,4253.589844,4244.358887,4309.230957,4241.538574,4271.666504,4215.897461,4236.410156,4234.871582,4241.794922,4237.307617,4223.333496,4219.743652,4270.256348,4192.307617,3
1669029890.136233,158.0,4259.102539,4260.0,4314.871582,4243.461426,4276.538574,4217.436035,4240.641113,4244.230957,4245.0,4243.589844,4224.487305,4222.436035,4277.307617,4198.974121,3
1669029890.140146,159.0,4266.025879,4275.641113,4313.333496,4239.487305,4278.333496,4216.282227,4243.461426,4250.769043,4251.538574,4246.025879,4224.102539,4222.436035,4277.179688,4203.846191,3
1669029890.144058,160.0,4271.410156,4283.717773,4307.563965,4233.717773,4276.410156,4216.025879,4243.589844,4250.128418,4256.538574,4245.128418,4226.410156,4222.179688,4272.436035,4206.794922,3
1669029890.147971,161.0,4272.692383,4279.487305,4303.974121,4231.794922,4273.589844,4219.230957,4241.922852,4243.333496,4256.282227,4243.461426,4233.333496,4224.487305,4268.717773,4209.871582,3
1669029890.151884,162.0,4269.487305,4265.769043,4306.410156,4235.641113,4272.820313,4225.0,4239.743652,4234.743652,4250.256348,4242.563965,4241.794922,4229.102539,4270.256348,4214.230957,3
1669029890.155797,163.0,4262.94873,4250.512695,4311.538574,4241.794922,4274.358887,4228.974121,4237.820313,4228.461426,4241.666504,4241.666504,4245.512695,4232.436035,4275.384766,4217.692383,3
1669029890.159709,164.0,4255.128418,4241.025879,4312.436035,4244.358887,4275.128418,4227.307617,4236.794922,4226.922852,4235.0,4238.846191,4240.0,4231.153809,4278.461426,4216.538574,3
1669029890.163622,165.0,4249.102539,4239.871582,4306.410156,4240.641113,4273.333496,4220.897461,4237.05127,4229.615234,4233.717773,4234.358887,4227.563965,4226.153809,4275.384766,4210.128418,3
1669029890.167535,166.0,4247.820313,4244.871582,4298.077148,4233.205078,4269.615234,4214.615234,4238.974121,4234.615234,4237.94873,4230.512695,4215.384766,4222.179688,4267.563965,4202.179688,3
1669029890.171447,167.0,4250.769043,4251.922852,4293.974121,4227.307617,4266.153809,4212.563965,4241.794922,4239.871582,4243.974121,4229.615234,4209.358887,4222.820313,4259.358887,4196.794922,3
1669029890.17536,168.0,4253.717773,4256.153809,4295.512695,4226.153809,4263.974121,4214.871582,4243.717773,4243.974121,4247.307617,4231.538574,4209.615234,4226.538574,4254.358887,4193.717773,3
1669029890.179273,169.0,4252.179688,4253.846191,4297.94873,4228.974121,4262.179688,4217.563965,4243.974121,4246.666504,4246.538574,4233.974121,4211.410156,4228.205078,4252.94873,4189.487305,3
1669029890.183186,170.0,4245.128418,4244.358887,4294.743652,4232.179688,4259.615234,4216.922852,4243.589844,4248.205078,4244.102539,4234.871582,4210.0,4223.589844,4252.94873,4182.307617,3
1669029890.187098,171.0,4236.538574,4231.410156,4284.358887,4233.077148,4256.410156,4213.333496,4244.230957,4249.871582,4244.102539,4233.846191,4205.641113,4214.102539,4252.05127,4174.358887,3
1669029890.191011,172.0,4232.307617,4221.538574,4271.538574,4231.282227,4254.358887,4209.615234,4246.666504,4252.436035,4248.461426,4232.05127,4201.922852,4205.641113,4249.743652,4171.538574,3
1669029890.194924,173.0,4235.256348,4220.256348,4263.717773,4228.589844,4254.743652,4208.846191,4249.230957,4255.769043,4254.871582,4230.897461,4202.820313,4203.717773,4246.410156,4177.94873,3
1669029890.198837,174.0,4243.846191,4227.820313,4265.128418,4227.436035,4257.05127,4211.794922,4249.871582,4258.205078,4259.358887,4231.282227,4209.102539,4210.128418,4243.846191,4192.94873,3
1669029890.202749,175.0,4254.102539,4240.0,4274.102539,4229.230957,4260.256348,4216.922852,4247.820313,4257.563965,4260.128418,4233.461426,4218.974121,4221.794922,4244.102539,4212.307617,3
1669029890.206662,176.0,4263.205078,4252.179688,4285.0,4233.589844,4263.589844,4222.563965,4245.384766,4253.974121,4260.0,4237.820313,4229.743652,4233.974121,4248.974121,4231.282227,3
1669029890.210575,177.0,4270.0,4261.025879,4292.436035,4239.487305,4267.563965,4227.692383,4245.512695,4249.487305,4263.717773,4244.487305,4240.256348,4243.589844,4258.589844,4246.282227,3
1669029890.214487,178.0,4273.589844,4265.512695,4293.333496,4244.358887,4270.897461,4231.153809,4248.717773,4247.820313,4271.410156,4252.307617,4249.358887,4249.102539,4269.358887,4255.128418,3
1669029890.2184,179.0,4271.410156,4264.871582,4287.05127,4245.384766,4270.128418,4231.410156,4252.307617,4250.128418,4277.820313,4257.436035,4254.102539,4249.487305,4275.769043,4255.769043,3
1669029890.222313,180.0,4262.179688,4260.0,4274.743652,4241.282227,4261.666504,4227.563965,4252.436035,4253.846191,4276.025879,4255.897461,4252.179688,4244.615234,4273.717773,4247.820313,3
1669029890.226226,181.0,4248.077148,4252.692383,4259.871582,4233.717773,4246.666504,4220.512695,4247.179688,4253.974121,4264.615234,4247.563965,4243.589844,4236.153809,4264.230957,4233.846191,3
1669029890.230138,182.0,4234.358887,4245.769043,4246.666504,4226.666504,4231.794922,4212.436035,4239.102539,4248.077148,4249.871582,4236.794922,4232.94873,4228.205078,4253.974121,4219.871582,3
1669029890.234051,183.0,4227.05127,4240.256348,4238.974121,4224.102539,4225.641113,4206.666504,4232.820313,4239.615234,4241.410156,4229.487305,4226.025879,4224.871582,4250.384766,4212.94873,3
1669029890.237964,184.0,4228.846191,4235.769043,4238.846191,4227.179688,4232.436035,4205.384766,4231.666504,4235.0,4244.487305,4229.615234,4226.282227,4227.563965,4256.153809,4215.769043,3
1669029890.241876,185.0,4238.589844,4232.94873,4245.256348,4233.205078,4247.436035,4208.461426,4235.128418,4237.692383,4256.025879,4236.794922,4232.563965,4234.230957,4267.820313,4225.512695,3
1669029890.245789,186.0,4251.153809,4234.230957,4254.230957,4238.077148,4260.256348,4212.820313,4239.102539,4244.615234,4265.769043,4246.922852,4240.384766,4240.512695,4278.461426,4235.0,3
1669029890.249702,187.0,4260.256348,4241.025879,4260.384766,4238.974121,4262.820313,4214.743652,4239.871582,4249.230957,4264.743652,4254.615234,4245.128418,4243.077148,4283.077148,4238.974121,3
1669029890.253615,188.0,4261.794922,4249.358887,4261.153809,4236.410156,4254.615234,4212.436035,4236.666504,4247.05127,4252.05127,4256.025879,4245.128418,4241.282227,4280.897461,4236.538574,3
1669029890.257527,189.0,4256.410156,4251.922852,4257.307617,4232.563965,4243.077148,4207.563965,4232.436035,4239.487305,4235.256348,4251.153809,4242.307617,4237.179688,4275.256348,4231.794922,3
1669029890.26144,190.0,4247.94873,4243.461426,4251.922852,4229.871582,4236.666504,4203.461426,4231.410156,4232.307617,4224.615234,4243.461426,4239.102539,4233.589844,4270.256348,4228.333496,3
1669029890.265353,191.0,4240.897461,4226.794922,4247.692383,4229.358887,4239.102539,4202.94873,4235.512695,4231.666504,4225.641113,4237.05127,4236.666504,4232.307617,4267.820313,4226.922852,3
1669029890.269266,192.0,4237.307617,4211.410156,4245.897461,4230.512695,4247.692383,4205.897461,4243.077148,4238.717773,4235.512695,4234.487305,4234.871582,4234.230957,4266.794922,4226.538574,3
1669029890.273178,193.0,4237.436035,4208.589844,4246.666504,4231.922852,4256.538574,4210.512695,4250.0,4248.333496,4246.153809,4235.512695,4232.94873,4238.589844,4265.769043,4227.820313,3
1669029890.277091,194.0,4240.128418,4222.563965,4249.615234,4232.179688,4260.384766,4214.230957,4252.436035,4253.846191,4251.025879,4237.436035,4231.282227,4243.333496,4263.974121,4231.410156,3
1669029890.281004,195.0,4243.333496,4246.153809,4252.563965,4230.641113,4257.05127,4215.384766,4249.358887,4252.307617,4249.487305,4237.179688,4230.256348,4245.769043,4262.307617,4236.282227,3
1669029890.284917,196.0,4243.846191,4265.0,4253.205078,4227.563965,4247.436035,4213.333496,4243.077148,4246.538574,4246.410156,4233.974121,4230.128418,4243.846191,4262.436035,4238.846191,3
1669029890.288829,197.0,4238.846191,4267.05127,4249.871582,4224.743652,4234.871582,4209.743652,4237.179688,4241.666504,4246.666504,4229.743652,4229.871582,4237.563965,4265.769043,4235.384766,3
1669029890.292742,198.0,4228.717773,4251.410156,4244.230957,4224.358887,4224.230957,4206.666504,4233.717773,4240.384766,4251.538574,4227.05127,4228.846191,4229.358887,4271.410156,4226.153809,3
1669029890.296655,199.0,4218.846191,4229.102539,4239.871582,4226.922852,4220.641113,4206.025879,4233.461426,4242.563965,4258.333496,4227.820313,4227.563965,4224.102539,4277.307617,4216.282227,3
1669029890.300568,200.0,4215.641113,4214.358887,4239.615234,4231.153809,4226.153809,4208.205078,4236.282227,4246.410156,4264.230957,4232.307617,4228.333496,4225.384766,4281.153809,4213.077148,3
1669029890.30448,201.0,4221.666504,4213.333496,4243.461426,4234.358887,4238.077148,4211.922852,4241.410156,4250.384766,4267.307617,4238.589844,4232.94873,4232.820313,4281.025879,4219.102539,3
1669029890.308393,202.0,4232.820313,4221.410156,4247.94873,4234.743652,4248.974121,4214.743652,4246.666504,4253.717773,4266.538574,4243.717773,4240.384766,4241.153809,4276.794922,4230.256348,3
1669029890.312306,203.0,4241.025879,4229.871582,4249.743652,4231.922852,4252.692383,4215.0,4249.230957,4255.128418,4262.307617,4244.615234,4246.282227,4243.974121,4268.589844,4238.077148,3
1669029890.316219,204.0,4241.410156,4233.974121,4247.820313,4227.820313,4248.974121,4213.333496,4248.077148,4254.358887,4256.794922,4241.025879,4246.153809,4239.358887,4259.230957,4236.922852,3
1669029890.320131,205.0,4236.282227,4235.256348,4245.641113,4226.025879,4243.846191,4212.179688,4245.384766,4253.077148,4253.333496,4236.153809,4239.358887,4231.282227,4252.05127,4228.205078,3
1669029890.324044,206.0,4231.153809,4236.282227,4246.666504,4228.589844,4243.333496,4213.205078,4244.230957,4254.230957,4252.94873,4232.692383,4229.487305,4225.512695,4249.358887,4219.487305,3
1669029890.327957,207.0,4230.897461,4236.410156,4250.769043,4233.461426,4248.077148,4216.153809,4246.282227,4258.717773,4252.94873,4230.769043,4221.025879,4224.615234,4250.0,4216.410156,3
1669029890.331869,208.0,4235.128418,4233.077148,4253.846191,4235.769043,4251.922852,4218.461426,4249.615234,4263.717773,4249.743652,4228.461426,4217.05127,4226.025879,4250.384766,4218.717773,3
1669029890.335782,209.0,4239.358887,4225.0,4251.153809,4232.179688,4248.333496,4218.077148,4251.153809,4265.128418,4242.692383,4224.743652,4217.307617,4225.769043,4247.820313,4220.897461,3
1669029890.339695,210.0,4238.846191,4215.0,4241.410156,4223.846191,4236.282227,4214.871582,4249.230957,4260.512695,4235.641113,4220.512695,4219.358887,4222.436035,4242.436035,4218.589844,3
1669029890.343608,211.0,4231.410156,4206.922852,4228.974121,4216.538574,4221.794922,4210.384766,4245.128418,4252.436035,4233.589844,4218.205078,4220.641113,4218.333496,4237.436035,4212.436035,3
1669029890.34752,212.0,4219.871582,4202.820313,4220.256348,4215.256348,4214.230957,4206.666504,4241.794922,4245.897461,4237.94873,4220.0,4220.641113,4216.410156,4236.666504,4206.666504,3
1669029890.351433,213.0,4209.743652,4202.436035,4219.230957,4220.0,4218.333496,4205.0,4241.410156,4245.384766,4245.641113,4225.641113,4221.025879,4217.692383,4241.538574,4204.871582,3
1669029890.355346,214.0,4205.384766,4203.461426,4224.615234,4226.538574,4230.128418,4205.769043,4244.230957,4250.769043,4251.666504,4232.820313,4222.94873,4220.384766,4250.512695,4207.05127,3
1669029890.359259,215.0,4207.563965,4203.846191,4231.666504,4229.743652,4240.769043,4207.94873,4247.94873,4257.820313,4251.794922,4237.820313,4226.794922,4221.922852,4260.0,4210.512695,3
1669029890.363171,216.0,4214.230957,4203.846191,4235.897461,4228.077148,4243.333496,4210.128418,4248.974121,4259.871582,4245.897461,4238.717773,4230.897461,4221.538574,4266.025879,4212.820313,3
1669029890.367084,217.0,4222.94873,4205.641113,4236.410156,4224.230957,4238.333496,4211.282227,4245.384766,4253.205078,4237.436035,4236.025879,4233.717773,4220.384766,4267.436035,4214.358887,3
1669029890.370997,218.0,4232.692383,4211.282227,4236.153809,4222.94873,4232.179688,4211.410156,4238.333496,4240.769043,4231.410156,4233.846191,4235.0,4220.512695,4265.512695,4217.05127,3
1669029890.37491,219.0,4242.692383,4221.025879,4237.94873,4226.282227,4231.153809,4211.282227,4231.410156,4230.0,4230.897461,4236.538574,4237.307617,4223.589844,4263.717773,4222.94873,3
1669029890.378822,220.0,4251.282227,4233.461426,4242.94873,4232.307617,4237.179688,4212.820313,4227.692383,4226.922852,4234.230957,4244.615234,4243.077148,4229.871582,4263.846191,4231.410156,3
1669029890.382735,221.0,4256.538574,4246.410156,4249.230957,4237.179688,4246.538574,4216.794922,4228.333496,4230.256348,4236.666504,4253.205078,4251.282227,4237.307617,4265.512695,4239.615234,3
1669029890.386648,222.0,4257.436035,4256.794922,4253.589844,4238.205078,4253.205078,4222.436035,4230.641113,4233.077148,4235.256348,4255.769043,4257.94873,4243.077148,4266.282227,4243.846191,3
1669029890.39056,223.0,4255.0,4260.897461,4253.717773,4235.512695,4253.846191,4227.436035,4231.410156,4229.743652,4230.897461,4250.256348,4258.974121,4245.512695,4264.743652,4242.820313,3
1669029890.394473,224.0,4251.153809,4256.794922,4250.512695,4232.05127,4249.743652,4229.615234,4229.358887,4221.153809,4227.692383,4240.769043,4254.743652,4245.0,4262.307617,4238.717773,3
1669029890.398386,225.0,4247.436035,4246.410156,4246.794922,4230.641113,4245.256348,4228.846191,4226.153809,4213.589844,4229.102539,4234.358887,4249.871582,4243.461426,4261.666504,4235.384766,3
1669029890.402299,226.0,4243.205078,4235.256348,4245.384766,4231.794922,4243.846191,4226.922852,4224.743652,4213.077148,4234.615234,4234.230957,4248.077148,4241.794922,4263.974121,4234.230957,3
1669029890.406211,227.0,4237.436035,4229.102539,4245.641113,4233.333496,4245.128418,4225.641113,4226.922852,4220.769043,4240.256348,4237.692383,4248.589844,4240.128418,4266.282227,4233.717773,3
1669029890.410124,228.0,4230.512695,4230.512695,4246.025879,4232.692383,4247.179688,4226.282227,4232.820313,4232.563965,4243.461426,4239.102539,4247.820313,4238.461426,4265.512695,4232.179688,3
1669029890.414037,229.0,4225.512695,4237.307617,4245.512695,4230.0,4248.846191,4228.974121,4240.897461,4243.846191,4245.0,4235.641113,4243.333496,4238.205078,4261.410156,4230.384766,3
1669029890.417949,230.0,4225.769043,4243.974121,4244.871582,4227.05127,4249.743652,4232.307617,4248.589844,4251.794922,4246.922852,4228.461426,4236.025879,4240.0,4256.538574,4230.512695,3
1669029890.421862,231.0,4230.897461,4244.871582,4245.0,4225.641113,4249.743652,4233.846191,4252.563965,4255.384766,4249.358887,4221.538574,4228.461426,4242.307617,4253.589844,4232.820313,3
1669029890.425775,232.0,4236.666504,4239.487305,4245.897461,4225.256348,4248.717773,4231.666504,4250.897461,4254.743652,4249.358887,4217.436035,4222.307617,4241.922852,4253.077148,4234.615234,3
1669029890.429688,233.0,4238.461426,4231.282227,4245.769043,4224.102539,4246.794922,4226.025879,4244.230957,4250.256348,4244.358887,4215.769043,4217.94873,4236.666504,4253.461426,4232.436035,3
1669029890.4336,234.0,4235.128418,4225.256348,4242.436035,4221.538574,4243.461426,4219.743652,4236.025879,4243.589844,4235.897461,4215.0,4216.153809,4228.846191,4253.461426,4226.410156,3
1669029890.437513,235.0,4229.487305,4223.205078,4234.743652,4218.974121,4238.589844,4216.025879,4231.025879,4237.820313,4228.846191,4214.615234,4217.563965,4223.461426,4253.717773,4220.0,3
1669029890.441426,236.0,4226.153809,4224.102539,4224.487305,4218.461426,4232.692383,4215.897461,4231.666504,4236.153809,4228.589844,4215.897461,4222.05127,4223.846191,4255.641113,4217.05127,3
1669029890.445339,237.0,4227.05127,4224.871582,4215.769043,4221.538574,4226.666504,4217.94873,4237.05127,4240.512695,4236.794922,4220.0,4228.205078,4228.974121,4259.487305,4218.974121,3
1669029890.449251,238.0,4230.384766,4223.717773,4213.205078,4226.153809,4222.94873,4219.487305,4244.358887,4249.487305,4249.743652,4226.794922,4233.846191,4235.128418,4263.205078,4223.333496,3
1669029890.453164,239.0,4232.692383,4221.794922,4220.256348,4229.102539,4224.358887,4219.871582,4249.871582,4258.846191,4261.025879,4233.717773,4237.307617,4238.589844,4263.717773,4226.410156,3
1669029890.457077,240.0,4232.436035,4223.077148,4237.05127,4228.205078,4232.692383,4220.128418,4252.179688,4263.846191,4265.769043,4237.94873,4237.94873,4238.333496,4259.487305,4225.256348,3
1669029890.460989,241.0,4231.025879,4229.358887,4259.358887,4224.358887,4245.897461,4221.538574,4251.153809,4262.05127,4263.461426,4237.692383,4236.153809,4235.641113,4252.307617,4219.487305,3
1669029890.464902,242.0,4230.641113,4237.05127,4280.769043,4221.282227,4259.358887,4224.487305,4247.94873,4254.487305,4257.179688,4234.102539,4233.205078,4232.307617,4246.538574,4211.282227,3
1669029890.468815,243.0,4231.666504,4238.846191,4295.641113,4221.410156,4267.563965,4228.077148,4243.333496,4245.512695,4250.384766,4230.128418,4230.897461,4229.358887,4245.384766,4203.333496,3
1669029890.472728,244.0,4231.922852,4229.871582,4301.794922,4224.230957,4268.205078,4231.538574,4239.102539,4239.743652,4245.128418,4227.692383,4229.487305,4226.282227,4248.717773,4196.410156,3
1669029890.47664,245.0,4229.230957,4213.205078,4301.153809,4226.922852,4262.692383,4233.846191,4237.436035,4240.0,4241.282227,4226.794922,4228.205078,4221.538574,4252.820313,4188.846191,3
1669029890.480553,246.0,4223.846191,4198.589844,4298.333496,4227.436035,4256.282227,4234.615234,4238.974121,4245.384766,4239.615234,4226.153809,4225.512695,4214.358887,4253.974121,4180.384766,3
1669029890.484466,247.0,4219.615234,4195.128418,4297.692383,4226.025879,4254.743652,4234.102539,4242.563965,4252.05127,4241.282227,4225.256348,4221.794922,4207.179688,4251.538574,4172.94873,3
1669029890.488379,248.0,4220.384766,4204.230957,4300.897461,4225.384766,4260.384766,4233.077148,4245.512695,4255.512695,4246.025879,4225.0,4219.358887,4203.717773,4248.461426,4170.128418,3
1669029890.492291,249.0,4226.282227,4217.820313,4306.282227,4228.077148,4270.128418,4232.436035,4246.025879,4252.94873,4250.769043,4226.282227,4220.641113,4206.153809,4248.717773,4173.205078,3
1669029890.496204,250.0,4234.230957,4225.0,4310.512695,4233.589844,4277.563965,4232.692383,4242.94873,4245.128418,4250.256348,4228.205078,4225.641113,4212.307617,4253.589844,4179.743652,3
1669029890.500117,251.0,4239.230957,4220.128418,4311.410156,4238.589844,4278.205078,4233.846191,4236.794922,4234.487305,4241.025879,4227.94873,4230.897461,4217.436035,4261.025879,4185.128418,3
1669029890.504029,252.0,4238.974121,4207.436035,4308.974121,4240.128418,4273.589844,4235.897461,4230.128418,4225.128418,4225.897461,4223.974121,4233.077148,4218.846191,4267.563965,4186.794922,3
1669029890.507942,253.0,4235.256348,4197.820313,4305.512695,4238.461426,4268.846191,4238.461426,4226.794922,4220.897461,4212.820313,4217.692383,4230.897461,4217.820313,4271.666504,4185.512695,3
1669029890.511855,254.0,4232.436035,4200.512695,4303.589844,4237.05127,4268.461426,4240.769043,4228.974121,4223.461426,4209.615234,4212.692383,4226.282227,4217.94873,4274.102539,4184.230957,3
1669029890.515768,255.0,4233.589844,4216.025879,4303.717773,4238.205078,4272.307617,4241.794922,4234.871582,4230.641113,4217.05127,4211.922852,4222.05127,4220.512695,4276.153809,4185.256348,3
1669029890.51968,0.0,4238.717773,4235.512695,4303.974121,4241.282227,4276.282227,4240.769043,4240.256348,4237.820313,4228.846191,4214.871582,4220.128418,4224.358887,4277.05127,4188.974121,3
1669029890.523593,1.0,4244.871582,4248.333496,4302.179688,4243.205078,4276.153809,4238.461426,4241.282227,4241.410156,4236.794922,4218.589844,4220.512695,4226.922852,4275.384766,4193.077148,3
1669029890.527506,2.0,4248.717773,4249.615234,4297.436035,4241.922852,4270.384766,4236.794922,4238.333496,4241.794922,4237.05127,4219.743652,4221.794922,4226.794922,4270.128418,4195.256348,3
1669029890.531419,3.0,4248.205078,4242.94873,4291.410156,4238.077148,4262.307617,4237.05127,4235.128418,4241.922852,4232.05127,4217.820313,4222.820313,4224.487305,4262.94873,4194.102539,3
1669029890.535331,4.0,4244.487305,4236.538574,4288.205078,4234.358887,4257.563965,4239.230957,4235.641113,4243.974121,4228.205078,4216.025879,4223.205078,4221.794922,4257.307617,4191.666504,3
1669029890.539244,5.0,4241.666504,4235.512695,4290.512695,4232.94873,4259.487305,4242.436035,4240.384766,4247.94873,4230.128418,4218.717773,4224.615234,4220.641113,4256.666504,4191.153809,3
1669029890.543157,6.0,4242.179688,4237.820313,4297.692383,4233.846191,4266.794922,4245.0,4245.897461,4251.794922,4237.436035,4226.025879,4227.820313,4221.794922,4260.512695,4194.358887,3
1669029890.547069,7.0,4244.615234,4237.820313,4304.615234,4234.743652,4273.846191,4246.025879,4248.333496,4253.333496,4245.128418,4233.205078,4231.538574,4223.846191,4265.641113,4199.102539,3
1669029890.550982,8.0,4243.717773,4232.692383,4306.282227,4234.358887,4274.230957,4245.0,4246.282227,4252.05127,4248.077148,4234.871582,4232.692383,4224.615234,4267.94873,4201.410156,3
1669029890.554895,9.0,4235.256348,4224.615234,4301.025879,4232.307617,4266.666504,4242.436035,4241.282227,4248.974121,4245.256348,4230.0,4229.358887,4222.820313,4265.769043,4199.230957,3
1669029890.558808,10.0,4220.641113,4218.077148,4292.05127,4230.0,4255.897461,4239.230957,4236.666504,4246.282227,4240.641113,4223.589844,4222.94873,4219.615234,4260.769043,4194.615234,3
1669029890.56272,11.0,4207.307617,4215.641113,4284.743652,4228.589844,4249.230957,4236.922852,4235.897461,4246.282227,4238.846191,4221.794922,4217.436035,4217.563965,4256.282227,4190.897461,3
1669029890.566633,12.0,4202.563965,4217.563965,4282.820313,4228.461426,4250.384766,4236.410156,4240.384766,4250.384766,4242.692383,4227.436035,4217.307617,4217.94873,4255.128418,4190.897461,3
1669029890.570546,13.0,4208.717773,4222.563965,4286.538574,4228.846191,4256.794922,4237.94873,4248.333496,4257.307617,4250.256348,4237.05127,4223.974121,4220.128418,4258.333496,4193.846191,3
1669029890.574459,14.0,4220.897461,4228.077148,4292.692383,4228.717773,4262.692383,4240.384766,4255.0,4263.205078,4257.05127,4243.974121,4233.846191,4222.94873,4263.974121,4197.179688,3
1669029890.578371,15.0,4231.025879,4230.256348,4296.282227,4227.820313,4263.461426,4241.666504,4255.769043,4264.743652,4258.205078,4243.974121,4241.153809,4225.769043,4268.077148,4198.589844,3
1669029890.582284,16.0,4232.692383,4225.384766,4293.589844,4226.922852,4258.974121,4240.0,4250.897461,4261.410156,4251.922852,4238.205078,4241.922852,4227.820313,4267.307617,4196.666504,3
1669029890.586197,17.0,4226.153809,4214.102539,4285.512695,4227.05127,4252.307617,4235.384766,4244.102539,4255.769043,4240.512695,4231.410156,4236.410156,4227.307617,4261.794922,4192.179688,3
1669029890.590109,18.0,4217.692383,4201.794922,4276.666504,4227.692383,4247.307617,4230.0,4239.102539,4250.128418,4228.461426,4227.179688,4228.205078,4221.794922,4254.743652,4186.282227,3
1669029890.594022,19.0,4213.717773,4194.743652,4271.794922,4227.692383,4245.769043,4226.538574,4236.025879,4244.615234,4219.358887,4225.769043,4221.282227,4211.282227,4249.871582,4180.769043,3
1669029890.597935,20.0,4216.282227,4195.512695,4272.820313,4226.282227,4246.794922,4226.794922,4233.589844,4239.230957,4214.102539,4224.358887,4217.179688,4198.717773,4248.461426,4176.794922,3
1669029890.601848,21.0,4221.153809,4201.025879,4277.436035,4224.102539,4247.94873,4229.743652,4231.410156,4235.769043,4212.563965,4221.153809,4215.512695,4188.974121,4249.230957,4174.743652,3
1669029890.60576,22.0,4222.307617,4206.025879,4280.769043,4222.820313,4247.436035,4232.436035,4231.282227,4236.794922,4213.589844,4216.794922,4214.743652,4185.0,4249.230957,4174.358887,3
1669029890.609673,23.0,4218.461426,4206.538574,4279.358887,4223.077148,4246.538574,4232.179688,4234.358887,4242.692383,4215.769043,4213.589844,4213.717773,4187.05127,4246.666504,4174.871582,3
1669029890.613586,24.0,4213.333496,4202.436035,4274.230957,4224.358887,4247.692383,4229.358887,4239.487305,4249.615234,4217.307617,4212.307617,4212.05127,4193.077148,4241.794922,4175.769043,3
1669029890.617499,25.0,4212.05127,4196.538574,4269.871582,4226.025879,4252.307617,4227.179688,4242.94873,4251.794922,4216.538574,4211.282227,4210.0,4199.230957,4236.794922,4176.410156,3
1669029890.621411,26.0,4215.256348,4193.461426,4270.384766,4227.307617,4258.846191,4228.717773,4241.538574,4245.128418,4212.563965,4207.820313,4207.563965,4202.692383,4233.974121,4176.666504,3
1669029890.625324,27.0,4218.846191,4196.282227,4276.025879,4227.94873,4263.717773,4233.846191,4235.256348,4231.153809,4206.410156,4201.282227,4204.743652,4203.077148,4234.102539,4177.307617,3
1669029890.629237,28.0,4218.974121,4205.128418,4283.461426,4227.820313,4265.384766,4239.358887,4226.538574,4215.897461,4201.025879,4194.615234,4201.794922,4203.461426,4236.538574,4179.358887,3
1669029890.63315,29.0,4215.769043,4215.384766,4287.820313,4226.794922,4264.230957,4241.794922,4219.102539,4206.153809,4198.846191,4191.922852,4199.615234,4206.538574,4239.743652,4183.205078,3
1669029890.637062,30.0,4213.717773,4220.512695,4286.282227,4225.769043,4262.179688,4240.384766,4216.282227,4205.512695,4201.153809,4194.487305,4199.102539,4211.922852,4242.94873,4187.307617,3
1669029890.640975,31.0,4217.436035,4217.820313,4281.410156,4226.922852,4260.769043,4237.94873,4219.102539,4212.820313,4207.436035,4200.769043,4201.666504,4216.794922,4247.692383,4190.0,3
1669029890.644888,32.0,4227.563965,4210.897461,4278.846191,4232.05127,4260.512695,4237.94873,4226.666504,4223.205078,4216.025879,4207.820313,4208.333496,4219.230957,4255.641113,4191.794922,3
1669029890.6488,33.0,4239.743652,4206.153809,4282.05127,4239.615234,4261.538574,4241.538574,4234.487305,4231.410156,4224.871582,4213.205078,4217.563965,4219.615234,4265.384766,4194.743652,3
1669029890.652713,34.0,4247.820313,4207.820313,4288.974121,4245.256348,4263.205078,4245.384766,4237.179688,4233.974121,4230.769043,4215.512695,4224.871582,4219.358887,4271.153809,4199.230957,3
1669029890.656626,35.0,4248.846191,4215.641113,4293.589844,4245.0,4264.230957,4245.769043,4232.820313,4230.769043,4230.512695,4214.358887,4226.794922,4218.717773,4267.563965,4203.589844,3
1669029890.660539,36.0,4245.0,4226.666504,4292.563965,4239.615234,4263.589844,4242.05127,4223.974121,4224.102539,4223.717773,4211.025879,4224.487305,4217.307617,4256.025879,4206.153809,3
1669029890.664451,37.0,4240.769043,4237.307617,4288.077148,4233.589844,4261.922852,4238.077148,4216.794922,4218.077148,4215.769043,4208.717773,4222.563965,4214.871582,4244.871582,4206.666504,3
1669029890.668364,38.0,4239.102539,4243.846191,4284.871582,4232.307617,4260.769043,4237.820313,4215.769043,4216.282227,4213.974121,4211.025879,4224.871582,4213.077148,4242.692383,4206.666504,3
1669029890.672277,39.0,4239.743652,4243.846191,4285.384766,4236.410156,4260.897461,4241.922852,4221.153809,4220.0,4222.563965,4218.589844,4231.282227,4213.717773,4251.025879,4207.820313,3
1669029890.67619,40.0,4240.512695,4236.794922,4287.820313,4242.05127,4262.05127,4246.538574,4229.358887,4227.563965,4238.205078,4228.974121,4238.077148,4217.179688,4263.461426,4210.512695,3
1669029890.680102,41.0,4240.641113,4226.794922,4289.102539,4243.717773,4263.077148,4247.179688,4235.641113,4235.256348,4252.692383,4237.692383,4242.05127,4221.666504,4271.025879,4213.461426,3
1669029890.684015,42.0,4241.025879,4220.256348,4288.077148,4239.743652,4263.974121,4242.820313,4236.922852,4239.487305,4257.436035,4241.410156,4242.05127,4225.384766,4268.333496,4215.256348,3
1669029890.687928,43.0,4242.05127,4221.794922,4286.538574,4233.205078,4265.384766,4236.794922,4234.230957,4239.743652,4249.358887,4239.487305,4240.256348,4228.077148,4257.179688,4215.641113,3
1669029890.691841,44.0,4243.205078,4230.128418,4287.05127,4229.487305,4268.205078,4234.487305,4231.538574,4238.077148,4233.717773,4234.743652,4239.871582,4230.769043,4245.897461,4216.410156,3
1669029890.695753,45.0,4243.461426,4240.128418,4290.641113,4231.538574,4271.794922,4238.589844,4232.820313,4237.820313,4220.512695,4230.897461,4242.179688,4234.230957,4242.307617,4218.974121,3
1669029890.699666,46.0,4242.436035,4246.794922,4295.256348,4237.692383,4274.230957,4246.282227,4238.717773,4240.641113,4217.436035,4230.384766,4244.743652,4237.563965,4248.974121,4222.692383,3
1669029890.703579,47.0,4241.025879,4248.589844,4297.05127,4243.077148,4273.717773,4251.922852,4245.256348,4245.641113,4224.871582,4231.410156,4243.846191,4238.717773,4260.384766,4225.128418,3
1669029890.707492,48.0,4240.384766,4247.179688,4293.589844,4243.717773,4270.384766,4251.410156,4248.205078,4249.615234,4236.794922,4231.025879,4238.589844,4236.282227,4267.94873,4223.205078,3
1669029890.711404,49.0,4240.384766,4243.589844,4285.897461,4239.230957,4265.897461,4245.769043,4246.153809,4250.384766,4245.641113,4227.820313,4231.538574,4231.794922,4266.922852,4217.05127,3
1669029890.715317,50.0,4239.487305,4238.717773,4278.333496,4232.692383,4262.307617,4239.230957,4241.666504,4247.692383,4247.436035,4223.974121,4227.563965,4228.333496,4258.974121,4210.897461,3
1669029890.71923,51.0,4236.666504,4233.205078,4275.769043,4227.436035,4260.641113,4235.897461,4238.717773,4243.717773,4243.077148,4222.307617,4228.974121,4228.846191,4250.512695,4209.487305,3
1669029890.723142,52.0,4231.922852,4227.820313,4277.563965,4225.128418,4259.743652,4236.922852,4239.230957,4241.282227,4236.153809,4223.974121,4233.846191,4233.205078,4246.153809,4213.717773,3
1669029890.727055,53.0,4225.769043,4222.94873,4278.205078,4224.871582,4257.563965,4239.743652,4242.179688,4241.025879,4230.0,4226.538574,4237.436035,4236.794922,4245.897461,4218.589844,3
1669029890.730968,54.0,4219.615234,4218.077148,4271.153809,4225.0,4252.05127,4241.025879,4245.512695,4242.563965,4226.153809,4226.794922,4236.282227,4234.871582,4246.538574,4217.436035,3
1669029890.734881,55.0,4214.871582,4213.846191,4257.05127,4224.743652,4244.230957,4239.102539,4247.436035,4244.743652,4224.871582,4223.461426,4230.897461,4226.794922,4246.153809,4207.94873,3
1669029890.738793,56.0,4213.461426,4212.94873,4244.615234,4225.0,4238.461426,4235.256348,4247.820313,4247.436035,4227.179688,4219.358887,4225.256348,4217.820313,4245.384766,4195.641113,3
1669029890.742706,57.0,4215.641113,4217.436035,4242.692383,4226.666504,4239.358887,4232.436035,4247.820313,4251.538574,4234.358887,4219.230957,4224.487305,4214.102539,4245.512695,4188.333496,3
1669029890.746619,58.0,4220.128418,4225.512695,4253.461426,4229.102539,4247.692383,4232.307617,4248.717773,4257.179688,4245.641113,4226.410156,4230.256348,4217.179688,4246.410156,4190.256348,3
1669029890.750532,59.0,4223.589844,4232.307617,4270.128418,4230.512695,4258.589844,4234.230957,4250.384766,4262.692383,4257.05127,4239.102539,4240.384766,4222.307617,4246.794922,4197.307617,3
1669029890.754444,60.0,4222.94873,4232.436035,4282.820313,4229.615234,4264.871582,4236.153809,4251.538574,4265.384766,4263.461426,4251.410156,4248.846191,4223.333496,4245.384766,4201.922852,3
1669029890.758357,61.0,4216.922852,4223.717773,4285.641113,4226.410156,4262.563965,4236.922852,4250.256348,4262.563965,4261.666504,4256.666504,4250.512695,4217.820313,4241.666504,4198.205078,3
1669029890.76227,62.0,4206.153809,4207.94873,4280.128418,4222.307617,4253.974121,4237.05127,4245.256348,4253.333496,4252.179688,4251.666504,4243.333496,4209.102539,4236.153809,4187.179688,3
1669029890.766182,63.0,4193.974121,4189.230957,4272.94873,4218.846191,4245.0,4237.436035,4237.436035,4240.0,4238.717773,4238.077148,4230.641113,4202.692383,4230.384766,4175.641113,3
1669029890.770095,64.0,4185.128418,4173.589844,4270.512695,4217.05127,4241.538574,4238.717773,4230.384766,4227.436035,4227.307617,4222.05127,4218.333496,4201.666504,4226.538574,4170.897461,3
1669029890.774008,65.0,4183.333496,4166.538574,4275.0,4217.179688,4245.769043,4241.025879,4227.563965,4221.282227,4223.333496,4211.153809,4212.436035,4204.743652,4226.538574,4174.743652,3
1669029890.777921,66.0,4188.333496,4170.128418,4282.94873,4218.846191,4254.615234,4243.589844,4229.230957,4223.717773,4228.589844,4209.487305,4215.0,4207.692383,4230.0,4182.692383,3
1669029890.781833,67.0,4195.897461,4180.0,4287.05127,4220.769043,4262.436035,4245.256348,4232.436035,4230.897461,4237.692383,4215.512695,4222.307617,4207.05127,4234.230957,4186.410156,3
1669029890.785746,68.0,4200.641113,4187.820313,4283.333496,4221.538574,4264.487305,4244.230957,4233.589844,4234.871582,4242.05127,4223.077148,4228.333496,4201.538574,4236.282227,4181.153809,3
1669029890.789659,69.0,4199.871582,4188.333496,4273.846191,4220.641113,4259.743652,4240.256348,4231.025879,4230.897461,4236.153809,4226.538574,4228.589844,4193.846191,4235.128418,4169.487305,3
1669029890.793572,70.0,4196.282227,4181.922852,4265.128418,4219.487305,4251.666504,4235.128418,4226.410156,4220.897461,4222.692383,4224.871582,4223.333496,4188.717773,4232.05127,4160.0,3
1669029890.797484,71.0,4195.128418,4174.230957,4261.794922,4219.487305,4245.897461,4232.05127,4223.333496,4212.563965,4211.282227,4221.153809,4217.563965,4190.0,4229.871582,4159.487305,3
1669029890.801397,72.0,4199.871582,4170.897461,4263.717773,4221.794922,4246.025879,4231.794922,4223.974121,4212.179688,4210.128418,4219.487305,4216.153809,4197.692383,4231.666504,4168.077148,3
1669029890.80531,73.0,4208.846191,4174.358887,4266.794922,4225.641113,4250.641113,4232.307617,4227.05127,4218.846191,4219.358887,4221.794922,4220.641113,4207.692383,4238.717773,4179.230957,3
1669029890.809222,74.0,4216.794922,4182.307617,4267.692383,4228.974121,4254.358887,4230.641113,4228.461426,4226.025879,4230.769043,4225.641113,4227.436035,4213.974121,4250.0,4186.410156,3
1669029890.813135,75.0,4218.461426,4189.743652,4265.897461,4229.871582,4253.333496,4226.153809,4226.282227,4227.436035,4234.871582,4227.179688,4231.538574,4213.589844,4261.410156,4187.05127,3
1669029890.817048,76.0,4212.563965,4192.05127,4262.692383,4228.333496,4248.589844,4221.282227,4222.179688,4223.205078,4229.358887,4224.615234,4230.769043,4208.461426,4268.461426,4183.077148,3
1669029890.820961,77.0,4202.94873,4187.692383,4260.128418,4225.897461,4243.846191,4218.717773,4220.641113,4218.846191,4219.871582,4219.230957,4227.563965,4203.333496,4268.333496,4178.589844,3
1669029890.824873,78.0,4195.384766,4179.871582,4258.846191,4224.615234,4242.307617,4219.743652,4224.230957,4220.512695,4215.256348,4214.743652,4225.897461,4202.436035,4262.563965,4176.922852,3
1669029890.828786,79.0,4193.846191,4175.128418,4258.846191,4225.0,4243.333496,4223.589844,4231.153809,4228.589844,4219.871582,4214.230957,4227.179688,4205.897461,4254.743652,4179.102539,3
1669029890.832699,80.0,4198.589844,4179.743652,4259.487305,4226.538574,4245.0,4227.820313,4236.538574,4238.205078,4230.641113,4217.05127,4229.487305,4210.256348,4248.974121,4183.717773,3
1669029890.836612,81.0,4205.769043,4193.589844,4260.128418,4227.692383,4245.641113,4230.897461,4237.179688,4242.94873,4240.256348,4221.153809,4230.256348,4211.922852,4246.794922,4187.94873,3
1669029890.840524,82.0,4210.641113,4208.717773,4259.743652,4227.307617,4245.0,4231.922852,4233.205078,4240.384766,4242.94873,4223.974121,4228.589844,4209.230957,4247.307617,4188.589844,3
1669029890.844437,83.0,4210.897461,4215.128418,4258.205078,4225.769043,4243.461426,4231.410156,4228.333496,4234.102539,4238.589844,4225.384766,4225.641113,4204.230957,4248.077148,4184.743652,3
1669029890.84835,84.0,4208.589844,4209.743652,4256.282227,4225.0,4242.436035,4230.128418,4226.538574,4230.128418,4232.820313,4226.666504,4223.717773,4201.538574,4248.077148,4178.974121,3
1669029890.852262,85.0,4207.820313,4199.102539,4255.769043,4226.282227,4243.846191,4229.743652,4229.230957,4232.436035,4232.179688,4228.974121,4225.128418,4204.743652,4247.692383,4175.256348,3
1669029890.856175,86.0,4210.897461,4192.820313,4256.922852,4229.102539,4248.077148,4230.512695,4234.102539,4238.974121,4238.205078,4232.05127,4229.871582,4212.94873,4248.461426,4176.153809,3
1669029890.860088,87.0,4215.384766,4194.615234,4257.94873,4230.512695,4252.436035,4231.410156,4237.179688,4244.358887,4246.666504,4232.820313,4233.974121,4220.128418,4249.871582,4180.128418,3
1669029890.864001,88.0,4216.410156,4198.974121,4255.512695,4227.820313,4252.179688,4230.512695,4236.153809,4245.128418,4250.897461,4228.461426,4232.820313,4219.743652,4250.0,4182.307617,3
1669029890.867913,89.0,4210.769043,4196.153809,4247.820313,4221.794922,4245.769043,4227.307617,4232.820313,4242.179688,4248.333496,4219.743652,4224.230957,4210.0,4247.692383,4178.461426,3
1669029890.871826,90.0,4199.615234,4181.153809,4237.179688,4216.153809,4236.538574,4222.692383,4231.025879,4240.384766,4241.922852,4210.641113,4211.794922,4196.538574,4244.358887,4169.358887,3
1669029890.875739,91.0,4188.077148,4160.128418,4229.102539,4215.256348,4230.897461,4218.846191,4233.461426,4243.205078,4237.563965,4206.538574,4202.179688,4188.077148,4243.974121,4160.512695,3
1669029890.879652,92.0,4181.922852,4147.05127,4228.077148,4220.512695,4232.692383,4216.794922,4238.974121,4249.102539,4239.102539,4209.102539,4201.282227,4190.0,4249.230957,4158.717773,3
1669029890.883564,93.0,4183.461426,4152.692383,4233.589844,4229.102539,4240.512695,4217.307617,4243.717773,4252.820313,4244.743652,4215.384766,4208.717773,4200.512695,4258.077148,4166.025879,3
1669029890.887477,94.0,4190.897461,4174.487305,4240.256348,4235.512695,4248.205078,4219.615234,4243.974121,4250.0,4248.846191,4219.743652,4218.589844,4211.666504,4264.615234,4177.179688,3
1669029890.89139,95.0,4198.846191,4197.94873,4242.436035,4235.384766,4250.256348,4222.05127,4239.743652,4241.282227,4246.666504,4217.692383,4223.717773,4215.384766,4263.461426,4183.846191,3
1669029890.895302,96.0,4202.436035,4208.461426,4238.846191,4228.717773,4244.102539,4222.820313,4233.717773,4231.538574,4237.692383,4210.256348,4220.769043,4208.974121,4254.102539,4180.512695,3
1669029890.899215,97.0,4200.769043,4201.666504,4233.461426,4219.743652,4232.94873,4221.282227,4229.487305,4226.794922,4226.025879,4202.436035,4213.717773,4196.538574,4241.666504,4170.384766,3
1669029890.903128,98.0,4197.179688,4185.897461,4231.538574,4213.974121,4223.717773,4219.358887,4229.487305,4229.743652,4217.436035,4199.743652,4209.102539,4186.922852,4233.077148,4162.436035,3
1669029890.907041,99.0,4196.410156,4174.615234,4235.384766,4214.871582,4223.333496,4219.358887,4233.333496,4237.94873,4216.410156,4203.461426,4211.282227,4187.820313,4232.563965,4164.358887,3
1669029890.910953,100.0,4200.897461,4175.256348,4242.436035,4220.897461,4232.692383,4222.05127,4237.692383,4245.128418,4222.563965,4210.512695,4219.358887,4199.615234,4239.358887,4175.897461,3
1669029890.914866,101.0,4207.307617,4184.871582,4247.94873,4227.05127,4245.641113,4225.384766,4239.358887,4246.153809,4231.282227,4216.922852,4228.077148,4215.384766,4248.846191,4189.615234,3
1669029890.918779,102.0,4209.743652,4194.230957,4247.692383,4228.717773,4252.436035,4225.897461,4237.563965,4242.563965,4237.179688,4220.512695,4232.563965,4225.641113,4255.256348,4196.666504,3
1669029890.922691,103.0,4205.769043,4196.282227,4241.666504,4224.358887,4248.846191,4222.307617,4235.0,4241.153809,4238.333496,4221.922852,4230.641113,4224.615234,4255.256348,4193.077148,3
1669029890.926604,104.0,4198.333496,4190.897461,4233.846191,4217.94873,4238.589844,4216.794922,4235.256348,4247.179688,4236.025879,4222.563965,4224.230957,4214.487305,4250.0,4181.666504,3
1669029890.930517,105.0,4193.333496,4182.563965,4228.974121,4214.487305,4230.128418,4214.102539,4239.358887,4257.820313,4233.077148,4222.820313,4217.94873,4203.461426,4243.974121,4170.256348,3
1669029890.93443,106.0,4194.743652,4176.538574,4230.128418,4217.307617,4229.871582,4217.436035,4243.589844,4263.846191,4230.128418,4221.922852,4215.769043,4199.871582,4241.282227,4166.666504,3
1669029890.938342,107.0,4201.794922,4175.897461,4237.563965,4224.487305,4237.692383,4225.512695,4243.205078,4257.692383,4226.538574,4218.974121,4218.333496,4206.153809,4243.589844,4174.102539,3
1669029890.942255,108.0,4209.743652,4181.794922,4248.846191,4232.179688,4249.102539,4234.102539,4236.666504,4241.153809,4223.077148,4214.487305,4222.307617,4217.563965,4249.871582,4188.717773,3
1669029890.946168,109.0,4213.461426,4192.436035,4259.743652,4237.179688,4257.692383,4238.974121,4228.589844,4224.358887,4222.692383,4211.153809,4224.743652,4225.0,4257.179688,4201.410156,3
1669029890.950081,110.0,4211.282227,4203.461426,4265.128418,4238.846191,4259.102539,4239.102539,4225.384766,4218.333496,4229.102539,4212.05127,4225.256348,4223.077148,4262.692383,4204.487305,3
1669029890.953993,111.0,4205.0,4210.128418,4261.282227,4238.333496,4252.692383,4236.538574,4230.0,4225.512695,4242.307617,4218.333496,4225.384766,4213.333496,4264.743652,4196.666504,3
1669029890.957906,112.0,4199.743652,4210.769043,4248.974121,4236.410156,4242.05127,4233.717773,4238.974121,4239.102539,4256.922852,4228.077148,4227.179688,4203.717773,4263.717773,4184.230957,3
1669029890.961819,113.0,4199.615234,4207.436035,4233.974121,4233.846191,4233.717773,4232.05127,4245.897461,4248.846191,4265.256348,4237.307617,4231.025879,4202.307617,4262.05127,4177.436035,3
1669029890.965732,114.0,4206.153809,4205.384766,4223.974121,4231.153809,4232.563965,4231.922852,4246.410156,4249.102539,4263.333496,4243.077148,4237.307617,4212.436035,4262.436035,4184.615234,3
1669029890.969644,115.0,4217.05127,4209.871582,4222.692383,4229.230957,4238.846191,4232.563965,4242.05127,4242.307617,4253.077148,4244.487305,4245.769043,4230.641113,4266.410156,4207.307617,3
1669029890.973557,116.0,4228.333496,4224.102539,4227.05127,4228.717773,4247.563965,4233.589844,4237.820313,4236.538574,4241.538574,4242.436035,4255.128418,4249.871582,4272.307617,4238.589844,3
1669029890.97747,117.0,4236.410156,4245.769043,4229.358887,4229.871582,4252.692383,4234.487305,4237.94873,4238.205078,4235.769043,4238.717773,4263.077148,4263.974121,4277.820313,4268.205078,3
1669029890.981382,118.0,4240.384766,4267.820313,4224.230957,4232.179688,4250.769043,4234.358887,4242.436035,4246.666504,4239.230957,4235.769043,4267.05127,4271.666504,4282.05127,4288.589844,3
1669029890.985295,119.0,4241.794922,4280.769043,4212.179688,4235.0,4242.820313,4232.563965,4247.307617,4255.897461,4249.487305,4235.512695,4266.153809,4275.384766,4285.897461,4298.333496,3
1669029890.989208,120.0,4242.692383,4280.128418,4198.461426,4237.307617,4232.692383,4228.846191,4247.94873,4259.230957,4260.256348,4238.333496,4262.179688,4278.333496,4291.025879,4301.794922,3
1669029890.993121,121.0,4244.358887,4270.0,4188.205078,4238.461426,4224.743652,4223.333496,4243.589844,4255.641113,4266.538574,4243.205078,4259.102539,4282.179688,4297.05127,4305.384766,3
1669029890.997033,122.0,4246.794922,4260.512695,4182.94873,4238.717773,4222.179688,4218.205078,4238.461426,4250.256348,4268.077148,4247.820313,4260.256348,4286.922852,4301.922852,4313.077148,3
