Timestamp,EEG.Counter,EEG.AF3,EEG.AF4,EEG.F7,EEG.F3,EEG.FC5,EEG.T7,EEG.P7,EEG.O1,EEG.O2,EEG.P8,EEG.T8,EEG.FC6,EEG.F4,EEG.F8,Label
1669513511.00814,62.0,4257.307617,4251.922852,4250.769043,4247.436035,4250.769043,4238.717773,4250.512695,4238.077148,4243.333496,4256.153809,4253.077148,4247.05127,4207.94873,4252.436035,3
1669513511.012041,63.0,4259.358887,4245.641113,4251.666504,4247.436035,4249.358887,4236.922852,4248.717773,4236.922852,4245.256348,4252.94873,4247.307617,4244.615234,4201.794922,4247.436035,3
1669513511.015943,64.0,4259.102539,4237.436035,4250.897461,4247.563965,4248.333496,4235.128418,4247.692383,4238.974121,4247.436035,4249.102539,4244.871582,4239.615234,4197.94873,4239.615234,3
1669513511.019844,65.0,4256.794922,4232.563965,4248.846191,4247.307617,4247.94873,4234.358887,4248.461426,4242.94873,4249.102539,4247.563965,4247.436035,4234.358887,4198.077148,4233.846191,3
1669513511.023746,66.0,4253.717773,4233.077148,4246.922852,4246.666504,4248.077148,4235.641113,4251.410156,4247.05127,4250.128418,4249.615234,4252.820313,4232.05127,4200.897461,4233.205078,3
1669513511.027647,67.0,4251.153809,4237.307617,4246.282227,4246.410156,4248.461426,4239.230957,4254.487305,4249.487305,4250.384766,4253.717773,4256.666504,4234.230957,4203.461426,4237.307617,3
1669513511.031548,68.0,4249.615234,4241.282227,4247.307617,4246.666504,4248.974121,4244.230957,4255.641113,4249.615234,4249.615234,4257.436035,4256.282227,4239.358887,4203.205078,4242.94873,3
1669513511.03545,69.0,4249.230957,4241.666504,4248.717773,4246.922852,4249.487305,4248.077148,4253.846191,4247.820313,4248.077148,4258.077148,4252.563965,4243.717773,4199.871582,4245.897461,3
1669513511.039351,70.0,4249.230957,4237.692383,4248.974121,4246.153809,4249.487305,4247.820313,4250.256348,4245.0,4245.512695,4254.871582,4247.94873,4244.102539,4194.743652,4243.974121,3
1669513511.043253,71.0,4248.974121,4231.794922,4247.307617,4244.358887,4248.461426,4242.563965,4247.307617,4242.179688,4242.179688,4249.358887,4244.615234,4239.743652,4190.384766,4238.333496,3
1669513511.047154,72.0,4248.461426,4227.692383,4244.615234,4242.563965,4246.794922,4235.256348,4246.538574,4240.512695,4240.0,4244.743652,4243.333496,4232.692383,4188.846191,4232.307617,3
1669513511.051055,73.0,4248.205078,4228.461426,4242.94873,4241.922852,4245.256348,4230.384766,4247.563965,4240.769043,4241.538574,4243.974121,4243.974121,4226.538574,4191.153809,4229.615234,3
1669513511.054957,74.0,4248.589844,4234.358887,4244.102539,4243.077148,4244.487305,4231.282227,4248.974121,4242.820313,4247.05127,4247.563965,4246.282227,4224.871582,4196.666504,4232.563965,3
1669513511.058858,75.0,4249.615234,4242.94873,4247.692383,4245.256348,4244.871582,4236.794922,4249.871582,4245.384766,4253.077148,4252.692383,4249.230957,4228.846191,4203.333496,4239.871582,3
1669513511.06276,76.0,4250.641113,4250.0,4251.282227,4247.179688,4245.897461,4242.692383,4250.128418,4246.410156,4254.358887,4255.769043,4251.153809,4236.922852,4208.205078,4246.794922,3
1669513511.066661,77.0,4250.897461,4252.179688,4252.436035,4247.820313,4246.794922,4245.384766,4250.256348,4245.256348,4248.589844,4255.128418,4251.153809,4245.128418,4209.358887,4248.974121,3
1669513511.070562,78.0,4250.256348,4250.128418,4251.153809,4247.307617,4247.436035,4244.743652,4250.512695,4243.333496,4238.974121,4251.538574,4249.743652,4249.743652,4206.794922,4245.512695,3
1669513511.074464,79.0,4248.717773,4246.410156,4248.846191,4246.666504,4247.436035,4243.846191,4251.025879,4242.692383,4231.922852,4247.436035,4248.333496,4249.102539,4202.820313,4240.0,3
1669513511.078365,80.0,4246.794922,4243.717773,4247.436035,4246.538574,4246.922852,4245.384766,4251.666504,4244.487305,4232.436035,4245.0,4247.563965,4244.230957,4200.256348,4237.307617,3
1669513511.082266,81.0,4244.358887,4243.077148,4247.179688,4247.05127,4246.153809,4248.589844,4252.436035,4248.205078,4240.128418,4245.0,4247.05127,4237.563965,4200.384766,4238.974121,3
1669513511.086168,82.0,4242.05127,4243.589844,4247.436035,4247.692383,4245.641113,4251.025879,4253.461426,4251.794922,4248.461426,4246.282227,4246.153809,4232.563965,4202.179688,4242.94873,3
1669513511.090069,83.0,4241.282227,4244.358887,4247.05127,4247.692383,4245.384766,4250.897461,4255.0,4253.333496,4251.153809,4247.179688,4244.743652,4231.282227,4203.333496,4246.025879,3
1669513511.093971,84.0,4242.692383,4244.358887,4246.153809,4247.179688,4244.871582,4248.846191,4256.153809,4252.179688,4247.307617,4246.666504,4243.589844,4233.077148,4203.205078,4246.538574,3
1669513511.097872,85.0,4245.641113,4243.333496,4244.487305,4246.666504,4243.461426,4246.410156,4255.769043,4249.230957,4242.563965,4245.384766,4243.077148,4235.512695,4203.077148,4245.128418,3
1669513511.101773,86.0,4248.205078,4242.563965,4242.436035,4246.410156,4241.282227,4244.230957,4253.461426,4246.794922,4244.230957,4245.0,4243.589844,4236.666504,4204.871582,4243.077148,3
1669513511.105675,87.0,4248.333496,4242.94873,4240.512695,4246.282227,4238.333496,4242.436035,4250.512695,4246.538574,4253.717773,4246.794922,4245.256348,4236.282227,4208.846191,4241.538574,3
1669513511.109576,88.0,4245.0,4243.974121,4238.846191,4245.384766,4235.128418,4240.384766,4248.461426,4248.717773,4265.512695,4250.0,4247.692383,4235.512695,4213.333496,4241.282227,3
1669513511.113478,89.0,4239.230957,4243.846191,4237.307617,4244.358887,4232.820313,4238.077148,4247.563965,4251.410156,4270.769043,4251.794922,4249.615234,4235.0,4216.153809,4241.282227,3
1669513511.117379,90.0,4233.077148,4241.410156,4235.384766,4243.589844,4232.307617,4235.384766,4246.922852,4252.179688,4264.358887,4249.487305,4248.974121,4234.102539,4215.0,4239.743652,3
1669513511.12128,91.0,4229.358887,4236.666504,4233.333496,4243.333496,4233.589844,4233.205078,4246.153809,4249.102539,4248.717773,4242.307617,4244.871582,4231.538574,4209.615234,4235.384766,3
1669513511.125182,92.0,4230.0,4231.282227,4232.436035,4243.461426,4235.256348,4232.05127,4244.871582,4242.563965,4231.922852,4232.692383,4238.589844,4227.820313,4202.436035,4229.487305,3
1669513511.129083,93.0,4235.256348,4227.563965,4233.846191,4243.846191,4236.025879,4232.179688,4243.589844,4235.128418,4222.820313,4225.769043,4233.205078,4225.0,4197.307617,4225.128418,3
1669513511.132985,94.0,4242.820313,4227.820313,4237.436035,4244.358887,4235.384766,4232.692383,4242.307617,4230.128418,4224.358887,4225.769043,4230.769043,4225.512695,4197.179688,4225.384766,3
1669513511.136886,95.0,4249.102539,4232.179688,4241.153809,4245.256348,4234.743652,4232.692383,4241.410156,4230.0,4232.307617,4232.436035,4231.153809,4229.615234,4201.538574,4230.641113,3
1669513511.140787,96.0,4251.922852,4238.717773,4243.077148,4246.410156,4235.769043,4231.538574,4240.512695,4233.717773,4239.230957,4241.282227,4232.692383,4234.487305,4206.922852,4237.692383,3
1669513511.144689,97.0,4251.153809,4244.743652,4242.307617,4247.307617,4239.230957,4229.743652,4239.487305,4237.436035,4239.743652,4247.436035,4234.230957,4236.794922,4210.0,4242.179688,3
1669513511.14859,98.0,4248.846191,4247.563965,4239.743652,4247.820313,4243.333496,4228.461426,4238.846191,4236.922852,4234.358887,4248.077148,4236.025879,4235.512695,4209.358887,4241.922852,3
1669513511.152491,99.0,4246.794922,4246.153809,4236.538574,4247.820313,4245.0,4228.461426,4239.615234,4232.05127,4227.94873,4244.487305,4238.077148,4231.922852,4205.897461,4237.563965,3
1669513511.156393,100.0,4245.384766,4241.025879,4233.589844,4247.436035,4242.436035,4230.256348,4241.794922,4227.692383,4226.538574,4240.128418,4240.512695,4228.846191,4201.538574,4232.05127,3
1669513511.160294,101.0,4243.205078,4234.743652,4231.282227,4246.025879,4236.538574,4232.692383,4244.358887,4228.205078,4233.077148,4238.589844,4242.563965,4228.461426,4198.077148,4229.358887,3
1669513511.164196,102.0,4239.230957,4230.384766,4230.128418,4243.205078,4230.512695,4234.615234,4246.025879,4234.358887,4244.743652,4240.641113,4244.102539,4230.769043,4196.282227,4230.512695,3
1669513511.168097,103.0,4234.102539,4230.0,4231.025879,4239.487305,4227.692383,4235.256348,4246.538574,4242.563965,4254.871582,4244.871582,4244.871582,4233.717773,4195.897461,4233.717773,3
1669513511.171998,104.0,4229.871582,4233.333496,4233.717773,4235.897461,4228.717773,4235.0,4246.410156,4248.077148,4257.307617,4248.717773,4245.0,4234.615234,4196.538574,4235.897461,3
1669513511.1759,105.0,4228.846191,4237.692383,4237.563965,4234.102539,4231.794922,4234.487305,4246.410156,4248.077148,4251.282227,4251.025879,4245.128418,4232.563965,4197.436035,4235.128418,3
1669513511.179801,106.0,4231.410156,4240.897461,4241.538574,4234.743652,4234.358887,4234.487305,4246.410156,4244.230957,4241.153809,4251.538574,4246.410156,4229.487305,4198.461426,4232.94873,3
1669513511.183703,107.0,4236.922852,4242.94873,4244.358887,4237.820313,4234.871582,4234.871582,4246.153809,4239.871582,4233.205078,4251.282227,4249.230957,4228.333496,4199.743652,4232.820313,3
1669513511.187604,108.0,4243.205078,4244.871582,4245.641113,4241.922852,4234.615234,4235.641113,4245.512695,4237.563965,4231.922852,4251.153809,4252.307617,4230.897461,4201.794922,4237.179688,3
1669513511.191505,109.0,4248.333496,4247.179688,4245.384766,4246.025879,4235.512695,4236.153809,4244.615234,4237.436035,4237.94873,4251.282227,4253.717773,4236.025879,4205.0,4244.743652,3
1669513511.195407,110.0,4251.794922,4248.589844,4244.615234,4248.846191,4238.974121,4235.897461,4244.102539,4237.436035,4246.922852,4251.153809,4252.692383,4241.153809,4208.589844,4250.641113,3
1669513511.199308,111.0,4254.102539,4248.333496,4244.230957,4250.128418,4243.717773,4234.615234,4244.230957,4235.897461,4253.077148,4250.512695,4250.384766,4243.846191,4211.282227,4251.666504,3
1669513511.20321,112.0,4256.282227,4247.436035,4244.871582,4250.128418,4247.179688,4232.94873,4244.102539,4232.05127,4253.077148,4249.487305,4248.461426,4244.230957,4212.692383,4248.461426,3
1669513511.207111,113.0,4258.461426,4248.461426,4246.410156,4249.615234,4248.333496,4231.538574,4243.333496,4227.179688,4248.205078,4248.974121,4247.692383,4243.974121,4213.717773,4245.384766,3
1669513511.211012,114.0,4260.0,4252.692383,4248.205078,4249.102539,4248.077148,4230.641113,4242.563965,4224.487305,4243.205078,4249.102539,4247.436035,4244.871582,4215.0,4246.153809,3
1669513511.214914,115.0,4260.128418,4257.94873,4249.358887,4248.846191,4247.692383,4230.641113,4243.205078,4226.538574,4242.563965,4249.743652,4247.307617,4246.538574,4216.153809,4250.512695,3
1669513511.218815,116.0,4258.846191,4261.025879,4249.615234,4248.846191,4247.563965,4231.410156,4245.384766,4233.205078,4247.307617,4250.769043,4247.692383,4247.05127,4216.282227,4254.358887,3
1669513511.222716,117.0,4256.666504,4259.230957,4249.615234,4249.230957,4247.05127,4232.563965,4247.820313,4240.769043,4254.358887,4251.666504,4248.717773,4244.487305,4214.487305,4253.461426,3
1669513511.226618,118.0,4253.717773,4253.589844,4249.358887,4249.871582,4244.615234,4233.205078,4248.846191,4245.0,4257.94873,4251.666504,4249.230957,4238.846191,4210.512695,4245.897461,3
1669513511.230519,119.0,4250.769043,4247.05127,4247.94873,4250.128418,4239.743652,4232.05127,4247.692383,4244.358887,4253.333496,4249.615234,4248.333496,4232.563965,4205.512695,4234.743652,3
1669513511.234421,120.0,4248.333496,4242.94873,4244.871582,4249.743652,4233.461426,4228.205078,4245.256348,4240.384766,4241.538574,4245.512695,4245.512695,4228.846191,4201.410156,4226.538574,3
1669513511.238322,121.0,4247.05127,4242.820313,4240.769043,4248.461426,4228.717773,4223.205078,4243.205078,4237.05127,4229.230957,4241.282227,4242.563965,4229.487305,4200.384766,4226.410156,3
1669513511.242223,122.0,4247.179688,4245.769043,4237.692383,4247.307617,4228.205078,4219.871582,4242.436035,4236.538574,4223.846191,4239.615234,4241.410156,4233.333496,4202.692383,4234.358887,3
1669513511.246125,123.0,4248.205078,4248.846191,4236.410156,4246.794922,4232.179688,4220.256348,4243.205078,4238.974121,4228.461426,4241.410156,4242.692383,4237.05127,4206.410156,4244.743652,3
1669513511.250026,124.0,4248.974121,4249.487305,4236.282227,4247.179688,4237.692383,4224.358887,4245.0,4242.05127,4240.0,4244.743652,4245.128418,4238.205078,4208.461426,4250.512695,3
1669513511.253928,125.0,4248.717773,4246.538574,4236.410156,4247.94873,4241.410156,4229.230957,4246.538574,4243.461426,4251.922852,4247.307617,4246.794922,4236.410156,4207.179688,4248.589844,3
1669513511.257829,126.0,4247.307617,4241.410156,4236.538574,4248.461426,4241.794922,4232.179688,4247.563965,4242.820313,4258.974121,4248.205078,4246.666504,4233.589844,4203.846191,4241.025879,3
1669513511.26173,127.0,4245.128418,4236.538574,4237.436035,4248.077148,4240.128418,4232.436035,4248.205078,4242.436035,4259.487305,4248.205078,4245.641113,4231.153809,4201.025879,4232.692383,3
1669513511.265632,128.0,4243.077148,4233.461426,4238.846191,4246.794922,4238.461426,4230.897461,4248.717773,4244.230957,4256.025879,4248.333496,4245.256348,4229.487305,4201.025879,4227.436035,3
1669513511.269533,129.0,4241.666504,4232.820313,4240.384766,4245.128418,4238.077148,4228.974121,4248.974121,4248.205078,4252.436035,4248.717773,4246.153809,4228.846191,4204.358887,4226.538574,3
1669513511.273435,130.0,4241.025879,4235.256348,4241.025879,4243.846191,4238.717773,4227.820313,4248.846191,4251.538574,4250.512695,4248.589844,4247.563965,4229.615234,4208.974121,4228.846191,3
1669513511.277336,131.0,4241.794922,4240.384766,4241.025879,4243.846191,4239.615234,4228.333496,4248.589844,4251.666504,4249.615234,4248.333496,4248.589844,4232.692383,4213.205078,4233.077148,3
1669513511.281237,132.0,4244.230957,4246.538574,4241.410156,4245.512695,4240.512695,4231.025879,4248.717773,4248.589844,4248.077148,4249.358887,4249.102539,4238.077148,4215.897461,4238.205078,3
1669513511.285138,133.0,4247.563965,4251.282227,4243.205078,4248.333496,4242.179688,4235.256348,4249.615234,4245.0,4246.282227,4252.94873,4250.256348,4243.846191,4217.692383,4243.205078,3
1669513511.28904,134.0,4250.641113,4252.820313,4245.897461,4251.282227,4245.0,4239.230957,4251.025879,4244.102539,4246.153809,4259.102539,4252.820313,4247.436035,4218.846191,4246.410156,3
1669513511.292941,135.0,4251.666504,4251.282227,4248.077148,4252.692383,4247.436035,4241.282227,4252.179688,4246.666504,4248.974121,4265.256348,4255.769043,4247.307617,4219.358887,4246.666504,3
1669513511.296843,136.0,4250.256348,4248.205078,4248.461426,4252.05127,4247.692383,4240.512695,4252.307617,4250.641113,4252.820313,4267.94873,4256.794922,4244.615234,4218.974121,4244.871582,3
1669513511.300744,137.0,4247.05127,4245.256348,4246.922852,4249.871582,4245.128418,4237.05127,4251.410156,4252.307617,4254.743652,4265.769043,4253.846191,4241.922852,4217.307617,4243.589844,3
1669513511.304645,138.0,4243.846191,4244.487305,4244.487305,4247.820313,4241.538574,4232.563965,4249.743652,4250.384766,4253.333496,4260.641113,4248.589844,4241.666504,4215.256348,4245.128418,3
1669513511.308547,139.0,4242.436035,4247.05127,4242.436035,4247.307617,4239.230957,4229.102539,4248.461426,4246.538574,4250.128418,4257.05127,4245.0,4244.358887,4214.102539,4249.230957,3
1669513511.312448,140.0,4243.717773,4251.922852,4241.794922,4248.717773,4239.743652,4228.333496,4247.94873,4243.974121,4248.333496,4257.563965,4245.641113,4247.436035,4215.384766,4252.563965,3
1669513511.31635,141.0,4246.410156,4255.769043,4242.820313,4250.897461,4242.307617,4229.615234,4248.589844,4245.256348,4250.897461,4261.025879,4249.102539,4247.563965,4218.461426,4251.153809,3
1669513511.320251,142.0,4248.461426,4254.358887,4244.487305,4252.179688,4243.974121,4230.897461,4249.487305,4249.230957,4256.538574,4263.333496,4251.025879,4242.820313,4221.153809,4243.846191,3
1669513511.324152,143.0,4248.333496,4246.538574,4244.487305,4251.282227,4242.179688,4229.743652,4249.230957,4252.692383,4260.512695,4260.641113,4247.820313,4234.743652,4220.897461,4233.717773,3
1669513511.328054,144.0,4246.025879,4235.897461,4242.179688,4248.846191,4237.563965,4224.871582,4247.179688,4252.307617,4257.820313,4252.820313,4240.641113,4227.692383,4216.922852,4226.794922,3
1669513511.331955,145.0,4243.461426,4228.205078,4239.358887,4246.282227,4232.94873,4217.94873,4244.358887,4247.436035,4249.487305,4244.358887,4234.358887,4225.0,4211.153809,4227.307617,3
1669513511.335857,146.0,4242.563965,4227.94873,4238.077148,4245.0,4231.538574,4212.820313,4242.307617,4241.282227,4242.179688,4240.769043,4233.974121,4227.307617,4207.05127,4233.974121,3
1669513511.339758,147.0,4244.230957,4234.102539,4239.230957,4245.512695,4233.205078,4212.563965,4242.436035,4237.820313,4243.077148,4243.846191,4239.871582,4231.538574,4206.794922,4241.282227,3
1669513511.343659,148.0,4247.820313,4242.307617,4241.410156,4247.563965,4235.512695,4217.179688,4244.743652,4238.846191,4252.563965,4249.871582,4247.307617,4234.743652,4210.256348,4243.589844,3
1669513511.347561,149.0,4251.282227,4247.05127,4242.436035,4250.128418,4236.282227,4223.589844,4247.820313,4242.94873,4262.94873,4253.461426,4250.128418,4235.641113,4215.128418,4239.871582,3
1669513511.351462,150.0,4253.077148,4246.666504,4241.153809,4251.794922,4235.512695,4227.820313,4249.615234,4245.897461,4264.230957,4252.05127,4246.025879,4234.871582,4218.461426,4232.692383,3
1669513511.355363,151.0,4252.563965,4242.307617,4237.94873,4252.05127,4234.230957,4228.205078,4249.358887,4244.487305,4252.692383,4247.05127,4237.94873,4233.333496,4218.077148,4226.666504,3
1669513511.359265,152.0,4250.512695,4237.307617,4234.230957,4250.512695,4232.94873,4224.743652,4247.436035,4238.461426,4233.974121,4242.179688,4231.153809,4231.538574,4213.974121,4224.487305,3
1669513511.363166,153.0,4248.205078,4233.589844,4231.666504,4247.94873,4232.05127,4220.0,4245.641113,4231.410156,4218.974121,4240.0,4228.846191,4229.871582,4208.205078,4226.666504,3
1669513511.367068,154.0,4246.666504,4231.666504,4231.794922,4245.384766,4231.282227,4217.436035,4245.0,4228.205078,4215.641113,4240.512695,4230.128418,4228.846191,4203.205078,4231.922852,3
1669513511.370969,155.0,4246.025879,4231.282227,4235.256348,4243.846191,4231.410156,4218.974121,4245.897461,4231.153809,4222.94873,4241.922852,4232.563965,4228.461426,4200.384766,4237.94873,3
1669513511.37487,156.0,4245.641113,4231.025879,4240.897461,4243.333496,4233.461426,4223.846191,4247.179688,4237.94873,4233.077148,4242.692383,4234.615234,4228.589844,4199.615234,4242.563965,3
1669513511.378772,157.0,4245.128418,4230.641113,4245.897461,4243.846191,4237.436035,4228.974121,4247.820313,4243.205078,4238.589844,4242.820313,4236.282227,4228.717773,4200.128418,4244.743652,3
1669513511.382673,158.0,4244.487305,4230.512695,4248.205078,4244.871582,4242.05127,4231.025879,4247.436035,4243.974121,4238.589844,4242.820313,4238.461426,4228.589844,4201.153809,4244.871582,3
1669513511.386575,159.0,4244.743652,4231.666504,4247.563965,4246.025879,4245.512695,4229.487305,4246.794922,4241.794922,4237.307617,4244.102539,4241.538574,4229.615234,4202.820313,4244.230957,3
1669513511.390476,160.0,4246.666504,4235.0,4246.410156,4247.563965,4247.307617,4225.641113,4246.794922,4240.897461,4239.487305,4247.307617,4244.871582,4233.333496,4206.153809,4245.0,3
1669513511.394377,161.0,4249.743652,4241.153809,4246.538574,4249.358887,4247.05127,4222.05127,4247.94873,4243.846191,4245.0,4251.538574,4248.205078,4240.128418,4211.282227,4247.436035,3
1669513511.398279,162.0,4252.179688,4249.487305,4247.94873,4250.512695,4245.512695,4220.256348,4249.230957,4248.077148,4250.256348,4255.0,4251.153809,4247.820313,4217.05127,4250.512695,3
1669513511.40218,163.0,4252.436035,4258.205078,4248.589844,4250.256348,4243.205078,4219.871582,4249.230957,4248.974121,4251.794922,4255.512695,4253.461426,4252.563965,4220.641113,4251.922852,3
1669513511.406082,164.0,4250.512695,4263.461426,4246.922852,4248.205078,4240.897461,4219.487305,4247.692383,4244.102539,4249.615234,4252.820313,4253.461426,4251.153809,4220.384766,4250.128418,3
1669513511.409983,165.0,4248.205078,4261.794922,4242.436035,4245.769043,4238.205078,4218.205078,4245.128418,4235.512695,4246.922852,4247.820313,4249.358887,4244.102539,4215.897461,4246.282227,3
1669513511.413884,166.0,4246.794922,4253.077148,4236.666504,4244.230957,4235.256348,4216.282227,4242.820313,4228.461426,4245.641113,4242.820313,4241.538574,4235.512695,4209.487305,4242.307617,3
1669513511.417786,167.0,4246.282227,4242.179688,4231.794922,4243.589844,4232.436035,4214.358887,4241.666504,4227.179688,4244.743652,4239.358887,4233.461426,4231.025879,4203.846191,4240.256348,3
1669513511.421687,168.0,4246.153809,4235.512695,4230.0,4242.563965,4230.641113,4212.820313,4242.05127,4232.692383,4242.307617,4238.846191,4230.256348,4233.717773,4200.897461,4241.922852,3
1669513511.425588,169.0,4246.025879,4236.282227,4231.794922,4240.384766,4231.025879,4211.666504,4244.230957,4242.05127,4239.230957,4241.410156,4234.102539,4241.666504,4200.897461,4246.922852,3
1669513511.42949,170.0,4246.153809,4242.692383,4236.025879,4237.820313,4233.717773,4211.410156,4247.179688,4250.0,4238.205078,4245.897461,4242.563965,4249.358887,4202.307617,4253.205078,3
1669513511.433391,171.0,4246.922852,4248.589844,4239.871582,4237.05127,4237.307617,4211.922852,4249.871582,4251.922852,4239.743652,4249.230957,4249.487305,4251.538574,4203.589844,4256.794922,3
1669513511.437293,172.0,4247.436035,4249.102539,4240.897461,4238.461426,4239.871582,4211.922852,4251.282227,4246.922852,4242.436035,4248.461426,4249.615234,4247.05127,4203.461426,4254.743652,3
1669513511.441194,173.0,4245.897461,4242.94873,4238.589844,4240.512695,4239.871582,4209.487305,4250.769043,4238.461426,4243.717773,4243.589844,4242.94873,4238.846191,4201.922852,4247.307617,3
1669513511.445095,174.0,4241.794922,4233.717773,4234.743652,4240.897461,4237.05127,4203.974121,4248.717773,4231.922852,4242.05127,4237.692383,4234.615234,4231.922852,4199.615234,4237.820313,3
1669513511.448997,175.0,4236.153809,4226.538574,4231.410156,4238.589844,4233.205078,4196.794922,4246.153809,4229.871582,4237.563965,4233.846191,4229.743652,4228.717773,4197.05127,4230.769043,3
1669513511.452898,176.0,4231.410156,4224.358887,4230.0,4235.128418,4230.128418,4191.282227,4244.358887,4230.897461,4231.538574,4232.692383,4229.230957,4228.589844,4194.102539,4228.333496,3
1669513511.4568,177.0,4229.743652,4226.025879,4230.128418,4233.333496,4229.230957,4190.0,4243.846191,4232.05127,4226.025879,4232.563965,4229.743652,4229.102539,4190.769043,4230.0,3
1669513511.460701,178.0,4231.538574,4228.974121,4231.410156,4235.0,4230.769043,4193.205078,4244.615234,4231.666504,4223.077148,4231.922852,4228.589844,4228.717773,4187.692383,4232.820313,3
1669513511.464602,179.0,4234.871582,4231.153809,4233.461426,4238.846191,4233.461426,4197.94873,4245.769043,4230.128418,4222.436035,4230.897461,4225.641113,4228.077148,4186.538574,4233.589844,3
1669513511.468504,180.0,4236.922852,4232.563965,4235.0,4241.794922,4235.512695,4199.871582,4246.025879,4227.820313,4222.563965,4230.128418,4223.461426,4228.589844,4187.94873,4231.538574,3
1669513511.472405,181.0,4236.538574,4233.846191,4234.615234,4241.025879,4235.384766,4197.179688,4245.0,4225.512695,4221.410156,4230.0,4223.461426,4230.384766,4191.794922,4228.461426,3
1669513511.476307,182.0,4234.487305,4234.871582,4232.436035,4236.922852,4233.333496,4191.666504,4243.205078,4224.743652,4219.487305,4229.358887,4225.128418,4232.307617,4196.153809,4227.179688,3
1669513511.480208,183.0,4233.461426,4234.102539,4230.128418,4232.563965,4231.282227,4186.922852,4242.05127,4226.794922,4218.333496,4227.563965,4226.153809,4232.436035,4199.487305,4228.717773,3
1669513511.484109,184.0,4233.974121,4230.128418,4229.358887,4231.153809,4230.769043,4184.615234,4242.692383,4230.769043,4218.205078,4224.615234,4225.128418,4229.487305,4200.512695,4231.794922,3
1669513511.488011,185.0,4234.358887,4223.333496,4229.871582,4233.077148,4231.153809,4183.846191,4245.128418,4234.487305,4217.563965,4220.769043,4221.666504,4223.974121,4198.589844,4232.94873,3
1669513511.491912,186.0,4231.410156,4216.794922,4229.743652,4235.897461,4231.282227,4181.666504,4247.563965,4235.512695,4215.256348,4216.538574,4216.153809,4217.94873,4194.230957,4229.743652,3
1669513511.495813,187.0,4224.615234,4213.589844,4227.436035,4236.794922,4230.256348,4177.05127,4248.077148,4233.333496,4211.538574,4213.205078,4210.128418,4213.846191,4188.461426,4222.820313,3
1669513511.499715,188.0,4217.05127,4214.230957,4224.102539,4235.0,4228.846191,4172.179688,4246.282227,4228.846191,4207.307617,4211.538574,4205.384766,4213.205078,4183.717773,4216.410156,3
1669513511.503616,189.0,4213.974121,4216.666504,4221.538574,4231.666504,4227.94873,4170.512695,4243.589844,4224.102539,4204.358887,4211.666504,4203.205078,4214.615234,4181.538574,4214.102539,3
1669513511.507518,190.0,4217.94873,4218.461426,4221.922852,4229.487305,4228.077148,4173.717773,4241.922852,4221.666504,4204.743652,4213.717773,4204.871582,4215.897461,4181.922852,4216.410156,3
1669513511.511419,191.0,4227.179688,4218.846191,4225.769043,4230.128418,4229.230957,4180.0,4242.05127,4222.820313,4209.871582,4217.563965,4209.871582,4215.641113,4183.846191,4221.282227,3
1669513511.51532,192.0,4236.538574,4219.487305,4231.282227,4233.846191,4231.025879,4185.769043,4243.717773,4227.692383,4218.846191,4222.692383,4216.025879,4214.615234,4185.512695,4226.282227,3
1669513511.519222,193.0,4242.179688,4222.179688,4235.512695,4238.461426,4232.692383,4188.333496,4246.153809,4234.358887,4227.179688,4227.563965,4220.897461,4214.743652,4186.025879,4230.641113,3
1669513511.523123,194.0,4243.333496,4226.922852,4236.025879,4241.666504,4233.846191,4187.179688,4248.333496,4240.384766,4229.871582,4230.384766,4222.563965,4217.05127,4185.897461,4233.589844,3
1669513511.527025,195.0,4242.436035,4232.436035,4233.461426,4242.179688,4234.230957,4184.102539,4249.487305,4243.077148,4225.512695,4229.871582,4221.410156,4220.641113,4186.282227,4234.487305,3
1669513511.530926,196.0,4242.307617,4236.410156,4230.0,4240.384766,4233.974121,4180.769043,4249.487305,4241.666504,4217.820313,4227.179688,4218.974121,4223.589844,4187.307617,4232.563965,3
1669513511.534827,197.0,4243.974121,4237.307617,4228.717773,4237.94873,4233.589844,4178.461426,4248.461426,4237.179688,4212.692383,4223.974121,4217.436035,4223.974121,4188.461426,4228.589844,3
1669513511.538729,198.0,4245.512695,4235.641113,4230.384766,4236.538574,4233.205078,4177.692383,4247.05127,4232.436035,4212.563965,4221.410156,4217.179688,4221.666504,4189.102539,4224.230957,3
1669513511.54263,199.0,4244.358887,4233.461426,4233.461426,4236.538574,4232.820313,4179.102539,4245.769043,4230.256348,4215.384766,4219.358887,4217.179688,4218.461426,4188.717773,4221.538574,3
1669513511.546532,200.0,4239.615234,4232.563965,4235.0,4236.794922,4231.922852,4182.436035,4245.128418,4231.922852,4218.077148,4217.563965,4216.025879,4216.666504,4187.563965,4222.563965,3
1669513511.550433,201.0,4233.077148,4233.333496,4233.974121,4235.769043,4230.641113,4185.641113,4245.512695,4236.666504,4219.102539,4216.922852,4214.358887,4217.179688,4185.769043,4227.692383,3
1669513511.554334,202.0,4228.077148,4234.230957,4230.769043,4233.205078,4228.974121,4185.641113,4246.666504,4242.05127,4220.256348,4218.846191,4214.358887,4219.102539,4184.230957,4234.230957,3
1669513511.558236,203.0,4227.179688,4233.974121,4227.692383,4230.256348,4228.077148,4181.410156,4248.333496,4245.0,4223.077148,4223.717773,4217.05127,4220.384766,4183.717773,4238.461426,3
1669513511.562137,204.0,4229.615234,4231.538574,4226.025879,4228.461426,4228.461426,4175.256348,4249.487305,4243.717773,4226.922852,4229.487305,4220.384766,4219.487305,4184.358887,4237.692383,3
1669513511.566038,205.0,4232.307617,4226.922852,4226.410156,4228.717773,4230.128418,4171.025879,4249.102539,4238.589844,4230.384766,4232.94873,4221.153809,4216.666504,4185.0,4232.307617,3
1669513511.56994,206.0,4232.692383,4220.897461,4228.333496,4230.384766,4232.307617,4171.153809,4247.307617,4232.307617,4231.794922,4231.794922,4218.077148,4212.94873,4184.487305,4224.871582,3
1669513511.573841,207.0,4230.641113,4215.0,4230.641113,4232.307617,4233.974121,4173.974121,4245.128418,4228.077148,4230.384766,4226.025879,4213.717773,4209.230957,4181.538574,4218.461426,3
1669513511.577743,208.0,4227.94873,4210.769043,4231.794922,4233.461426,4233.974121,4176.666504,4243.461426,4226.794922,4226.153809,4218.333496,4211.666504,4205.641113,4176.794922,4214.487305,3
1669513511.581644,209.0,4226.922852,4209.487305,4230.897461,4232.820313,4232.436035,4176.922852,4242.94873,4227.563965,4221.025879,4212.820313,4213.589844,4202.436035,4171.794922,4213.077148,3
1669513511.585545,210.0,4227.94873,4211.282227,4228.717773,4230.512695,4230.128418,4175.256348,4243.205078,4228.717773,4216.922852,4211.922852,4217.436035,4201.025879,4168.846191,4213.717773,3
1669513511.589447,211.0,4229.871582,4215.128418,4226.922852,4227.179688,4228.205078,4174.487305,4244.358887,4229.615234,4215.128418,4215.512695,4220.0,4202.436035,4168.974121,4215.128418,3
1669513511.593348,212.0,4230.897461,4218.974121,4226.922852,4223.846191,4227.94873,4176.410156,4246.282227,4231.025879,4215.769043,4220.769043,4219.358887,4205.897461,4172.307617,4216.025879,3
1669513511.59725,213.0,4230.769043,4220.769043,4228.717773,4221.538574,4228.974121,4180.256348,4248.205078,4234.230957,4218.589844,4224.615234,4216.538574,4209.615234,4177.692383,4215.641113,3
1669513511.601151,214.0,4230.769043,4219.615234,4231.153809,4221.410156,4230.384766,4183.589844,4249.230957,4239.102539,4222.436035,4225.512695,4214.358887,4211.410156,4183.333496,4215.128418,3
1669513511.605052,215.0,4231.666504,4217.05127,4232.692383,4223.974121,4231.666504,4184.615234,4248.589844,4243.333496,4224.230957,4223.717773,4214.487305,4210.512695,4187.05127,4216.282227,3
1669513511.608954,216.0,4233.717773,4216.025879,4232.94873,4228.974121,4232.94873,4184.230957,4246.922852,4243.589844,4221.153809,4220.769043,4217.05127,4207.436035,4187.307617,4220.0,3
1669513511.612855,217.0,4236.410156,4218.717773,4232.436035,4234.358887,4234.102539,4184.102539,4245.769043,4238.846191,4212.820313,4218.461426,4219.871582,4203.846191,4184.615234,4224.615234,3
1669513511.616757,218.0,4238.589844,4223.589844,4232.563965,4237.820313,4235.128418,4185.256348,4246.153809,4232.307617,4203.589844,4217.563965,4221.282227,4201.282227,4180.641113,4227.307617,3
1669513511.620658,219.0,4238.717773,4225.641113,4233.205078,4237.563965,4235.512695,4186.538574,4247.820313,4229.102539,4200.128418,4217.692383,4220.0,4200.512695,4177.179688,4226.282227,3
1669513511.624559,220.0,4236.282227,4220.512695,4233.077148,4233.461426,4234.743652,4186.282227,4249.358887,4232.05127,4206.025879,4217.307617,4216.282227,4201.538574,4174.871582,4222.307617,3
1669513511.628461,221.0,4231.922852,4209.615234,4230.897461,4227.179688,4232.307617,4183.974121,4249.871582,4239.102539,4219.102539,4215.897461,4212.179688,4203.589844,4174.358887,4218.589844,3
1669513511.632362,222.0,4228.077148,4200.384766,4227.436035,4222.05127,4228.589844,4181.538574,4249.358887,4245.0,4232.307617,4214.871582,4210.512695,4207.179688,4176.410156,4218.205078,3
1669513511.636263,223.0,4227.563965,4201.025879,4226.153809,4221.794922,4226.025879,4182.05127,4248.717773,4245.897461,4238.461426,4216.153809,4213.461426,4212.563965,4181.666504,4222.307617,3
1669513511.640165,224.0,4231.410156,4213.077148,4229.871582,4227.05127,4227.563965,4186.025879,4248.717773,4241.153809,4235.0,4220.384766,4220.641113,4219.102539,4188.589844,4228.589844,3
1669513511.644066,225.0,4238.333496,4228.589844,4238.205078,4235.641113,4233.717773,4190.384766,4248.974121,4233.846191,4224.743652,4225.512695,4228.333496,4223.461426,4193.461426,4232.820313,3
1669513511.647967,226.0,4245.641113,4237.307617,4246.794922,4243.461426,4241.410156,4191.538574,4248.974121,4228.333496,4214.230957,4228.333496,4232.05127,4222.820313,4193.589844,4231.794922,3
1669513511.651869,227.0,4250.512695,4234.487305,4250.641113,4247.692383,4245.897461,4188.846191,4248.717773,4227.563965,4209.230957,4226.794922,4229.230957,4217.692383,4189.743652,4227.179688,3
1669513511.65577,228.0,4252.307617,4224.615234,4248.846191,4248.205078,4244.487305,4185.0,4248.333496,4231.153809,4212.436035,4222.820313,4221.794922,4212.94873,4185.512695,4224.230957,3
1669513511.659672,229.0,4251.794922,4217.436035,4244.487305,4246.410156,4238.974121,4183.974121,4247.692383,4235.769043,4222.05127,4220.897461,4215.641113,4213.717773,4184.487305,4227.820313,3
1669513511.663573,230.0,4250.641113,4219.102539,4241.666504,4243.846191,4233.717773,4187.179688,4246.922852,4238.717773,4233.333496,4224.102539,4215.769043,4220.641113,4188.077148,4237.179688,3
1669513511.667474,231.0,4249.230957,4227.563965,4241.666504,4241.282227,4232.307617,4193.205078,4246.538574,4239.743652,4241.153809,4231.282227,4222.94873,4228.589844,4193.846191,4246.282227,3
1669513511.671376,232.0,4247.563965,4234.230957,4242.94873,4238.717773,4234.615234,4198.846191,4247.436035,4240.769043,4242.436035,4237.563965,4232.05127,4231.282227,4197.692383,4247.692383,3
1669513511.675277,233.0,4245.384766,4232.179688,4242.820313,4236.025879,4238.077148,4202.179688,4249.871582,4243.077148,4237.307617,4238.077148,4236.025879,4225.128418,4196.538574,4238.333496,3
1669513511.679179,234.0,4242.94873,4222.05127,4240.769043,4234.102539,4240.0,4202.820313,4252.94873,4245.769043,4228.077148,4231.153809,4230.384766,4212.179688,4190.769043,4222.307617,3
1669513511.68308,235.0,4241.153809,4211.153809,4237.94873,4235.128418,4239.487305,4202.436035,4255.512695,4246.538574,4218.333496,4219.871582,4218.077148,4199.743652,4184.102539,4207.307617,3
1669513511.686981,236.0,4241.282227,4207.307617,4236.282227,4239.358887,4237.820313,4202.179688,4256.282227,4243.846191,4211.922852,4211.025879,4206.410156,4194.743652,4180.769043,4200.897461,3
1669513511.690883,237.0,4243.846191,4211.538574,4236.538574,4244.743652,4236.794922,4202.179688,4254.871582,4238.974121,4210.769043,4209.743652,4202.692383,4199.871582,4182.563965,4205.641113,3
1669513511.694784,238.0,4247.692383,4218.589844,4237.94873,4248.205078,4236.794922,4201.922852,4252.05127,4234.358887,4214.102539,4216.025879,4207.94873,4211.025879,4187.692383,4218.333496,3
1669513511.698686,239.0,4250.384766,4222.179688,4238.717773,4247.692383,4237.563965,4200.641113,4248.717773,4231.666504,4218.974121,4225.384766,4217.179688,4220.897461,4192.05127,4231.025879,3
1669513511.702587,240.0,4249.615234,4220.897461,4237.820313,4243.589844,4237.563965,4198.717773,4246.410156,4230.897461,4221.794922,4231.282227,4223.717773,4223.077148,4192.820313,4235.897461,3
1669513511.706488,241.0,4245.384766,4217.179688,4235.512695,4237.94873,4235.769043,4197.436035,4245.384766,4231.153809,4221.666504,4230.384766,4223.846191,4217.05127,4189.743652,4229.615234,3
1669513511.71039,242.0,4239.615234,4214.230957,4233.205078,4232.820313,4233.077148,4198.077148,4245.641113,4232.307617,4219.487305,4223.205078,4219.230957,4206.922852,4185.0,4216.025879,3
1669513511.714291,243.0,4234.615234,4212.307617,4232.436035,4229.358887,4231.410156,4200.512695,4246.282227,4234.358887,4217.307617,4214.358887,4214.102539,4198.461426,4181.025879,4202.820313,3
1669513511.718192,244.0,4231.410156,4210.0,4233.461426,4227.563965,4232.436035,4202.94873,4247.05127,4237.436035,4216.922852,4209.487305,4211.794922,4194.615234,4179.230957,4196.666504,3
1669513511.722094,245.0,4230.128418,4206.153809,4235.512695,4226.922852,4235.897461,4203.717773,4248.205078,4241.025879,4218.717773,4211.666504,4212.820313,4195.641113,4179.743652,4199.743652,3
1669513511.725995,246.0,4230.641113,4201.794922,4237.436035,4226.666504,4240.128418,4202.692383,4250.0,4244.743652,4221.794922,4218.974121,4215.512695,4199.230957,4181.794922,4208.717773,3
1669513511.729897,247.0,4232.436035,4199.358887,4238.333496,4226.538574,4243.333496,4201.410156,4251.794922,4247.94873,4225.128418,4226.410156,4218.077148,4202.692383,4183.974121,4217.692383,3
1669513511.733798,248.0,4234.358887,4199.871582,4238.077148,4225.769043,4244.102539,4201.025879,4252.692383,4249.743652,4228.077148,4229.871582,4219.487305,4204.230957,4185.256348,4221.538574,3
1669513511.737699,249.0,4235.128418,4203.333496,4236.666504,4223.205078,4242.05127,4201.666504,4251.922852,4249.102539,4231.153809,4228.717773,4219.871582,4203.333496,4184.615234,4219.358887,3
1669513511.741601,250.0,4234.102539,4207.820313,4234.230957,4219.230957,4237.563965,4202.820313,4249.871582,4246.282227,4234.358887,4225.384766,4219.487305,4201.025879,4182.307617,4214.487305,3
1669513511.745502,251.0,4231.666504,4211.538574,4231.922852,4215.512695,4232.05127,4203.717773,4248.077148,4243.205078,4236.025879,4222.692383,4218.077148,4198.974121,4179.871582,4211.666504,3
1669513511.749404,252.0,4229.358887,4213.077148,4231.025879,4214.487305,4228.205078,4203.846191,4247.307617,4240.641113,4233.846191,4221.410156,4216.282227,4198.333496,4179.487305,4212.94873,3
1669513511.753305,253.0,4228.974121,4212.05127,4232.05127,4216.794922,4228.461426,4202.436035,4247.307617,4237.692383,4226.922852,4221.025879,4214.871582,4199.358887,4181.666504,4216.410156,3
1669513511.757206,254.0,4230.769043,4209.487305,4234.230957,4221.153809,4232.563965,4199.743652,4247.436035,4233.846191,4218.205078,4220.769043,4214.743652,4201.153809,4184.743652,4218.589844,3
1669513511.761108,255.0,4233.077148,4206.282227,4235.769043,4224.487305,4237.563965,4197.820313,4247.563965,4230.769043,4213.205078,4221.153809,4216.282227,4202.307617,4186.282227,4217.179688,3
1669513511.765009,0.0,4234.102539,4202.820313,4236.153809,4224.615234,4240.0,4199.102539,4247.820313,4230.384766,4215.769043,4223.205078,4219.358887,4202.179688,4184.487305,4212.94873,3
1669513511.768911,1.0,4232.94873,4199.358887,4236.025879,4221.794922,4238.589844,4204.102539,4247.94873,4233.589844,4224.487305,4226.282227,4222.820313,4200.641113,4180.512695,4208.333496,3
1669513511.772812,2.0,4230.128418,4197.563965,4235.512695,4217.94873,4234.871582,4210.0,4247.436035,4238.461426,4233.589844,4229.102539,4226.153809,4198.846191,4177.05127,4206.410156,3
1669513511.776713,3.0,4227.820313,4199.487305,4235.128418,4216.025879,4231.538574,4213.205078,4246.538574,4242.563965,4237.05127,4230.512695,4228.717773,4198.717773,4176.410156,4207.692383,3
1669513511.780615,4.0,4228.333496,4205.512695,4234.615234,4217.436035,4231.153809,4211.282227,4246.025879,4244.230957,4233.205078,4231.538574,4230.384766,4201.922852,4179.230957,4210.641113,3
1669513511.784516,5.0,4232.307617,4213.333496,4234.615234,4221.794922,4234.230957,4206.153809,4247.179688,4244.230957,4226.153809,4233.333496,4231.922852,4207.94873,4184.358887,4214.102539,3
1669513511.788417,6.0,4237.820313,4219.102539,4236.153809,4227.307617,4239.743652,4202.179688,4249.743652,4244.102539,4222.692383,4236.922852,4233.333496,4214.615234,4189.487305,4217.692383,3
1669513511.792319,7.0,4241.410156,4219.358887,4239.743652,4231.922852,4245.897461,4203.333496,4252.436035,4244.615234,4226.666504,4240.897461,4234.102539,4218.333496,4192.05127,4220.897461,3
1669513511.79622,8.0,4240.512695,4213.461426,4244.102539,4233.717773,4250.256348,4209.615234,4253.589844,4246.025879,4236.153809,4242.692383,4233.461426,4216.410156,4190.641113,4222.307617,3
1669513511.800122,9.0,4235.641113,4204.487305,4246.922852,4232.436035,4250.897461,4217.05127,4252.820313,4247.692383,4245.641113,4240.384766,4231.025879,4209.358887,4186.282227,4220.384766,3
1669513511.804023,10.0,4230.384766,4198.461426,4247.05127,4230.0,4248.205078,4220.641113,4250.897461,4248.717773,4250.384766,4235.256348,4228.205078,4201.794922,4181.666504,4216.410156,3
1669513511.807924,11.0,4228.589844,4200.512695,4245.641113,4228.461426,4244.743652,4219.230957,4249.743652,4248.333496,4249.871582,4232.307617,4227.820313,4199.871582,4180.384766,4213.461426,3
1669513511.811826,12.0,4232.307617,4211.153809,4244.615234,4229.102539,4243.205078,4215.256348,4250.128418,4247.05127,4247.692383,4236.282227,4231.538574,4206.666504,4184.358887,4215.256348,3
1669513511.815727,13.0,4240.0,4224.871582,4245.512695,4231.794922,4244.615234,4213.205078,4251.538574,4245.769043,4247.94873,4247.563965,4239.615234,4219.358887,4192.820313,4222.436035,3
1669513511.819629,14.0,4247.692383,4234.102539,4247.820313,4234.615234,4247.436035,4214.871582,4252.94873,4245.384766,4251.153809,4259.743652,4249.102539,4231.282227,4201.922852,4232.436035,3
1669513511.82353,15.0,4251.538574,4233.589844,4249.487305,4236.282227,4249.743652,4218.589844,4252.94873,4245.897461,4254.102539,4265.256348,4255.384766,4235.769043,4206.794922,4239.615234,3
1669513511.827431,16.0,4250.512695,4224.358887,4249.743652,4235.384766,4250.128418,4220.512695,4251.410156,4245.769043,4252.820313,4260.256348,4255.384766,4230.897461,4205.0,4239.871582,3
1669513511.831333,17.0,4247.05127,4212.820313,4248.461426,4232.820313,4248.974121,4218.717773,4249.102539,4243.717773,4246.410156,4248.461426,4248.461426,4219.871582,4197.692383,4233.589844,3
1669513511.835234,18.0,4244.487305,4207.307617,4246.922852,4230.769043,4247.94873,4214.230957,4247.307617,4239.871582,4238.333496,4237.179688,4238.589844,4209.743652,4189.871582,4226.153809,3
1669513511.839136,19.0,4244.615234,4211.666504,4246.410156,4230.512695,4247.94873,4210.512695,4246.794922,4235.512695,4233.589844,4232.820313,4231.666504,4206.666504,4187.05127,4224.230957,3
1669513511.843037,20.0,4246.410156,4222.692383,4247.436035,4231.794922,4248.717773,4210.641113,4247.307617,4232.05127,4234.743652,4236.410156,4232.436035,4211.666504,4191.025879,4230.256348,3
1669513511.846938,21.0,4246.410156,4232.820313,4248.589844,4232.05127,4248.974121,4215.256348,4247.820313,4231.153809,4240.256348,4243.846191,4240.128418,4220.769043,4198.205078,4240.641113,3
1669513511.85084,22.0,4242.563965,4235.769043,4248.077148,4229.615234,4247.307617,4221.922852,4247.563965,4233.205078,4246.025879,4249.615234,4248.846191,4228.077148,4203.077148,4248.461426,3
1669513511.854741,23.0,4235.641113,4231.025879,4245.128418,4224.871582,4243.974121,4227.563965,4247.179688,4238.461426,4248.333496,4251.025879,4251.922852,4229.871582,4202.179688,4248.717773,3
1669513511.858642,24.0,4229.615234,4222.563965,4241.538574,4220.641113,4241.153809,4229.487305,4246.922852,4245.384766,4247.05127,4248.717773,4247.436035,4226.410156,4196.666504,4241.922852,3
1669513511.862544,25.0,4228.589844,4215.769043,4240.0,4219.230957,4241.025879,4227.692383,4247.692383,4251.538574,4244.358887,4245.384766,4238.846191,4220.897461,4190.256348,4232.307617,3
1669513511.866445,26.0,4233.589844,4212.94873,4241.410156,4221.410156,4244.102539,4223.717773,4249.102539,4254.743652,4242.820313,4243.333496,4231.538574,4215.897461,4185.512695,4224.615234,3
1669513511.870347,27.0,4240.897461,4212.436035,4244.102539,4226.282227,4247.307617,4219.743652,4250.641113,4254.230957,4242.820313,4243.205078,4228.461426,4211.794922,4182.692383,4220.512695,3
1669513511.874248,28.0,4245.0,4210.641113,4245.128418,4231.153809,4247.05127,4217.179688,4251.666504,4251.153809,4243.846191,4243.846191,4228.717773,4207.05127,4180.512695,4218.461426,3
1669513511.878149,29.0,4243.461426,4206.410156,4243.461426,4233.077148,4242.563965,4216.282227,4251.666504,4247.692383,4245.0,4244.230957,4230.0,4201.666504,4178.461426,4217.307617,3
1669513511.882051,30.0,4238.717773,4203.077148,4240.384766,4230.769043,4236.666504,4217.05127,4250.512695,4245.256348,4246.153809,4244.358887,4230.897461,4198.589844,4176.538574,4218.077148,3
1669513511.885952,31.0,4235.384766,4204.871582,4238.205078,4225.256348,4233.333496,4219.230957,4249.358887,4244.743652,4246.410156,4245.0,4231.794922,4201.153809,4176.025879,4222.436035,3
1669513511.889854,32.0,4236.666504,4212.692383,4238.717773,4219.871582,4234.487305,4222.563965,4248.974121,4246.153809,4244.871582,4246.922852,4234.358887,4209.871582,4178.589844,4230.512695,3
1669513511.893755,33.0,4241.794922,4222.692383,4241.794922,4218.205078,4238.846191,4226.025879,4249.615234,4248.333496,4241.794922,4249.615234,4239.358887,4221.538574,4184.102539,4239.871582,3
1669513511.897656,34.0,4247.94873,4229.102539,4246.410156,4221.794922,4243.846191,4228.974121,4250.769043,4249.615234,4237.94873,4251.410156,4245.256348,4230.897461,4190.128418,4246.410156,3
1669513511.901558,35.0,4252.05127,4229.230957,4250.897461,4228.846191,4248.077148,4231.025879,4251.666504,4248.077148,4234.871582,4251.538574,4249.487305,4233.717773,4194.487305,4246.922852,3
1669513511.905459,36.0,4253.589844,4225.641113,4254.358887,4235.256348,4251.538574,4232.436035,4251.922852,4243.333496,4233.461426,4250.512695,4249.743652,4229.102539,4195.897461,4241.025879,3
1669513511.909361,37.0,4253.717773,4223.205078,4255.897461,4238.589844,4254.743652,4233.333496,4251.538574,4237.05127,4233.461426,4249.102539,4245.897461,4220.128418,4195.128418,4232.563965,3
1669513511.913262,38.0,4254.358887,4224.871582,4255.897461,4238.717773,4257.436035,4233.589844,4251.025879,4231.922852,4233.461426,4247.820313,4239.230957,4212.307617,4193.846191,4226.922852,3
1669513511.917163,39.0,4256.153809,4229.615234,4254.743652,4237.307617,4258.077148,4233.077148,4250.512695,4230.512695,4232.05127,4246.922852,4232.692383,4210.256348,4193.589844,4227.179688,3
1669513511.921065,40.0,4258.333496,4234.102539,4252.94873,4236.538574,4255.641113,4232.436035,4250.256348,4233.205078,4229.743652,4246.282227,4228.974121,4214.230957,4195.512695,4232.307617,3
1669513511.924966,41.0,4259.871582,4235.641113,4251.153809,4237.179688,4251.282227,4231.922852,4249.871582,4238.077148,4230.128418,4246.538574,4230.256348,4221.922852,4199.871582,4239.487305,3
1669513511.928867,42.0,4260.0,4235.0,4249.743652,4238.974121,4247.436035,4232.05127,4249.615234,4243.077148,4235.897461,4248.077148,4236.282227,4229.871582,4206.153809,4245.769043,3
1669513511.932769,43.0,4258.589844,4233.974121,4249.358887,4240.641113,4246.153809,4232.820313,4249.358887,4247.05127,4245.384766,4250.128418,4244.102539,4235.0,4211.922852,4250.0,3
1669513511.93667,44.0,4256.794922,4233.461426,4250.128418,4240.897461,4247.94873,4234.102539,4249.102539,4249.358887,4252.820313,4251.538574,4249.230957,4235.512695,4214.102539,4250.897461,3
1669513511.940571,45.0,4256.282227,4232.820313,4251.666504,4240.128418,4250.769043,4235.128418,4248.589844,4248.974121,4251.538574,4251.025879,4248.333496,4231.282227,4211.282227,4247.94873,3
1669513511.944473,46.0,4257.563965,4231.282227,4252.94873,4240.256348,4252.563965,4234.871582,4247.820313,4245.0,4241.282227,4248.333496,4241.922852,4225.128418,4204.871582,4242.179688,3
1669513511.948374,47.0,4259.230957,4228.846191,4253.461426,4241.794922,4252.94873,4232.94873,4246.794922,4238.461426,4228.846191,4244.743652,4233.846191,4220.512695,4198.333496,4235.769043,3
1669513511.952276,48.0,4259.358887,4227.436035,4252.307617,4243.461426,4252.307617,4230.512695,4246.025879,4232.307617,4223.974121,4242.692383,4229.615234,4219.230957,4195.0,4231.282227,3
1669513511.956177,49.0,4257.436035,4229.102539,4249.358887,4243.846191,4251.282227,4229.102539,4246.153809,4230.384766,4231.153809,4244.230957,4232.563965,4221.538574,4196.794922,4230.897461,3
1669513511.960078,50.0,4254.358887,4235.256348,4245.384766,4242.94873,4249.615234,4229.615234,4247.436035,4234.871582,4246.025879,4250.128418,4241.666504,4226.282227,4203.461426,4235.641113,3
1669513511.96398,51.0,4251.922852,4244.358887,4242.820313,4242.307617,4247.692383,4231.538574,4249.487305,4244.615234,4258.717773,4258.717773,4252.307617,4232.307617,4212.692383,4244.743652,3
1669513511.967881,52.0,4251.794922,4252.94873,4244.487305,4242.94873,4246.794922,4233.589844,4250.897461,4254.230957,4261.794922,4266.666504,4259.230957,4238.333496,4221.025879,4255.256348,3
1669513511.971783,53.0,4254.615234,4257.820313,4250.897461,4245.0,4248.461426,4235.0,4250.897461,4258.077148,4255.256348,4270.512695,4260.512695,4243.205078,4225.769043,4263.461426,3
1669513511.975684,54.0,4260.0,4258.077148,4258.974121,4247.820313,4252.692383,4235.641113,4249.871582,4254.230957,4246.025879,4268.974121,4257.820313,4246.282227,4226.153809,4266.410156,3
1669513511.979585,55.0,4265.769043,4255.128418,4264.102539,4250.641113,4257.436035,4235.128418,4248.717773,4245.769043,4241.666504,4264.102539,4254.358887,4246.794922,4223.717773,4263.461426,3
1669513511.983487,56.0,4269.358887,4250.641113,4263.589844,4252.179688,4259.871582,4233.846191,4247.94873,4238.717773,4244.358887,4259.102539,4252.436035,4244.743652,4220.384766,4256.666504,3
1669513511.987388,57.0,4269.230957,4245.641113,4258.333496,4251.153809,4258.717773,4232.307617,4247.820313,4238.077148,4250.897461,4256.666504,4251.922852,4240.256348,4216.410156,4249.615234,3
1669513511.99129,58.0,4264.871582,4241.153809,4252.05127,4247.307617,4254.358887,4231.410156,4248.205078,4244.487305,4255.641113,4256.538574,4251.794922,4234.487305,4211.282227,4244.615234,3
1669513511.995191,59.0,4257.820313,4237.692383,4247.563965,4241.538574,4249.102539,4232.307617,4249.230957,4254.615234,4256.025879,4257.307617,4251.025879,4228.717773,4205.897461,4242.307617,3
1669513511.999092,60.0,4251.282227,4236.538574,4246.025879,4236.538574,4245.384766,4235.384766,4250.512695,4263.205078,4254.102539,4258.077148,4250.128418,4225.512695,4202.307617,4242.307617,3
1669513512.002994,61.0,4248.974121,4238.205078,4246.794922,4235.0,4244.871582,4240.512695,4251.282227,4266.153809,4253.589844,4259.358887,4250.512695,4227.179688,4202.94873,4244.487305,3
1669513512.006895,62.0,4252.05127,4242.692383,4248.717773,4238.461426,4247.563965,4246.153809,4251.025879,4263.077148,4256.666504,4262.307617,4252.94873,4233.846191,4208.205078,4248.077148,3
1669513512.010796,63.0,4258.589844,4248.205078,4250.897461,4244.487305,4251.666504,4250.384766,4249.871582,4256.922852,4262.307617,4266.666504,4257.179688,4242.05127,4215.512695,4251.794922,3
1669513512.014698,64.0,4263.974121,4251.922852,4252.94873,4249.102539,4254.871582,4251.538574,4249.615234,4251.666504,4267.307617,4270.641113,4261.410156,4246.922852,4221.282227,4254.102539,3
1669513512.018599,65.0,4264.358887,4251.666504,4254.615234,4249.230957,4256.025879,4250.384766,4251.153809,4250.0,4269.102539,4272.436035,4263.846191,4246.025879,4221.922852,4254.615234,3
1669513512.022501,66.0,4259.102539,4247.05127,4256.282227,4245.128418,4255.769043,4248.461426,4254.358887,4252.05127,4267.307617,4271.025879,4263.077148,4240.256348,4216.538574,4253.846191,3
1669513512.026402,67.0,4251.410156,4240.256348,4257.563965,4240.0,4255.384766,4247.563965,4257.563965,4256.153809,4263.461426,4267.05127,4258.717773,4232.563965,4207.820313,4252.436035,3
1669513512.030303,68.0,4246.922852,4234.358887,4258.205078,4237.436035,4256.410156,4248.205078,4258.077148,4259.487305,4259.230957,4262.692383,4252.307617,4226.666504,4201.025879,4250.641113,3
1669513512.034205,69.0,4249.230957,4232.820313,4258.974121,4238.974121,4258.846191,4249.487305,4255.256348,4259.615234,4254.871582,4259.743652,4246.153809,4224.230957,4199.615234,4248.205078,3
1669513512.038106,70.0,4257.05127,4236.666504,4260.512695,4243.461426,4261.794922,4250.641113,4250.512695,4256.153809,4250.769043,4258.846191,4242.820313,4225.384766,4203.077148,4245.897461,3
1669513512.042008,71.0,4265.128418,4243.846191,4262.436035,4247.563965,4263.846191,4251.794922,4247.692383,4251.538574,4247.436035,4259.102539,4243.461426,4228.205078,4207.436035,4245.512695,3
1669513512.045909,72.0,4268.846191,4250.256348,4263.717773,4249.102539,4263.717773,4253.077148,4249.230957,4248.205078,4246.153809,4259.358887,4247.436035,4231.025879,4209.102539,4247.94873,3
1669513512.04981,73.0,4267.307617,4252.563965,4263.461426,4248.077148,4261.666504,4254.615234,4254.487305,4247.692383,4247.692383,4259.358887,4252.94873,4234.230957,4207.94873,4253.589844,3
1669513512.053712,74.0,4263.461426,4251.282227,4262.436035,4246.410156,4259.358887,4256.282227,4259.487305,4249.102539,4251.666504,4261.025879,4258.461426,4239.102539,4206.922852,4261.282227,3
1669513512.057613,75.0,4261.282227,4249.615234,4262.307617,4245.769043,4258.974121,4258.846191,4260.512695,4250.128418,4256.922852,4265.512695,4262.692383,4245.769043,4208.974121,4268.974121,3
1669513512.061515,76.0,4261.922852,4250.512695,4263.333496,4246.794922,4260.641113,4262.436035,4256.922852,4249.615234,4261.538574,4271.794922,4265.384766,4251.410156,4213.589844,4273.461426,3
1669513512.065416,77.0,4264.230957,4254.358887,4265.0,4248.717773,4262.94873,4265.897461,4251.794922,4247.692383,4264.487305,4277.05127,4267.179688,4252.179688,4217.94873,4273.077148,3
1669513512.069317,78.0,4266.282227,4258.589844,4266.153809,4250.0,4263.589844,4266.794922,4248.717773,4246.282227,4265.512695,4278.589844,4267.94873,4246.410156,4218.461426,4267.692383,3
1669513512.073219,79.0,4267.436035,4259.615234,4266.538574,4249.487305,4262.436035,4263.589844,4249.102539,4246.410156,4264.102539,4275.769043,4266.153809,4237.05127,4214.615234,4260.512695,3
1669513512.07712,80.0,4267.820313,4255.897461,4266.025879,4247.820313,4261.025879,4257.692383,4251.153809,4247.436035,4260.384766,4269.871582,4261.025879,4229.743652,4208.589844,4254.487305,3
1669513512.081021,81.0,4267.820313,4249.487305,4264.871582,4246.282227,4261.153809,4252.307617,4252.563965,4247.563965,4255.0,4263.589844,4253.589844,4227.820313,4204.230957,4251.153809,3
1669513512.084923,82.0,4267.05127,4244.230957,4263.077148,4246.282227,4262.179688,4250.897461,4251.922852,4246.282227,4249.615234,4260.0,4247.94873,4230.256348,4203.589844,4249.743652,3
1669513512.088824,83.0,4265.256348,4243.077148,4261.153809,4247.820313,4261.410156,4253.974121,4250.0,4245.256348,4246.025879,4260.512695,4247.307617,4233.461426,4206.538574,4249.230957,3
1669513512.092726,84.0,4263.205078,4245.641113,4259.743652,4249.615234,4257.94873,4259.487305,4248.205078,4245.897461,4245.384766,4264.102539,4251.922852,4234.615234,4210.384766,4248.717773,3
1669513512.096627,85.0,4262.05127,4249.102539,4259.487305,4250.641113,4252.94873,4264.230957,4247.692383,4249.230957,4247.436035,4267.820313,4258.205078,4233.077148,4212.436035,4248.205078,3
1669513512.100528,86.0,4262.05127,4250.128418,4260.897461,4250.512695,4249.615234,4265.769043,4248.589844,4254.230957,4251.025879,4268.974121,4261.666504,4230.256348,4211.666504,4247.563965,3
1669513512.10443,87.0,4262.307617,4247.692383,4263.077148,4249.230957,4249.358887,4264.230957,4250.128418,4259.615234,4255.256348,4266.794922,4259.615234,4227.94873,4209.102539,4246.153809,3
1669513512.108331,88.0,4261.666504,4243.333496,4264.230957,4247.436035,4251.538574,4261.794922,4251.282227,4263.461426,4259.102539,4263.205078,4253.205078,4227.307617,4206.794922,4243.974121,3
1669513512.112233,89.0,4259.487305,4240.256348,4263.205078,4245.512695,4253.846191,4261.153809,4251.282227,4264.358887,4261.025879,4260.769043,4246.538574,4227.820313,4205.256348,4242.563965,3
1669513512.116134,90.0,4256.666504,4240.256348,4260.128418,4243.846191,4254.358887,4262.94873,4250.512695,4262.820313,4260.641113,4260.769043,4244.230957,4228.846191,4204.102539,4243.205078,3
1669513512.120035,91.0,4254.487305,4242.179688,4256.794922,4243.461426,4253.333496,4266.025879,4249.487305,4260.512695,4259.102539,4262.307617,4247.05127,4229.358887,4203.077148,4245.897461,3
1669513512.123937,92.0,4254.487305,4243.974121,4255.256348,4244.358887,4252.179688,4267.692383,4248.846191,4258.974121,4258.333496,4263.077148,4252.05127,4229.102539,4202.94873,4248.461426,3
1669513512.127838,93.0,4256.922852,4244.358887,4256.410156,4245.769043,4252.692383,4266.922852,4248.974121,4258.461426,4259.358887,4262.307617,4255.512695,4228.846191,4204.358887,4248.589844,3
1669513512.13174,94.0,4260.512695,4244.743652,4259.615234,4247.179688,4255.128418,4264.615234,4249.871582,4258.077148,4261.410156,4260.897461,4256.538574,4229.358887,4207.436035,4246.666504,3
1669513512.135641,95.0,4263.333496,4246.153809,4263.077148,4247.820313,4258.205078,4263.077148,4251.282227,4257.563965,4262.820313,4260.769043,4256.666504,4230.897461,4210.769043,4245.769043,3
1669513512.139542,96.0,4264.871582,4248.205078,4264.743652,4247.692383,4260.256348,4263.846191,4252.307617,4256.922852,4262.820313,4263.461426,4257.820313,4232.820313,4213.205078,4248.846191,3
1669513512.143444,97.0,4265.128418,4249.743652,4264.102539,4246.538574,4260.256348,4266.538574,4252.307617,4257.307617,4262.563965,4269.230957,4260.256348,4234.358887,4214.230957,4255.512695,3
1669513512.147345,98.0,4265.256348,4249.743652,4262.563965,4245.384766,4258.461426,4269.743652,4251.282227,4259.487305,4264.358887,4276.025879,4262.94873,4234.871582,4214.871582,4262.436035,3
1669513512.151246,99.0,4265.769043,4248.589844,4261.538574,4245.256348,4256.282227,4272.179688,4250.256348,4262.436035,4268.974121,4281.025879,4265.256348,4234.743652,4215.897461,4265.0,3
1669513512.155148,100.0,4266.666504,4247.179688,4261.666504,4246.922852,4254.487305,4273.077148,4250.0,4263.333496,4275.128418,4282.179688,4266.538574,4234.487305,4216.410156,4261.153809,3
1669513512.159049,101.0,4267.179688,4246.538574,4262.563965,4248.717773,4253.205078,4271.922852,4250.641113,4260.128418,4279.871582,4279.743652,4267.307617,4234.230957,4215.0,4253.333496,3
1669513512.162951,102.0,4266.922852,4246.922852,4263.461426,4248.589844,4251.922852,4269.230957,4251.153809,4253.717773,4281.282227,4276.282227,4267.563965,4234.102539,4211.153809,4246.922852,3
1669513512.166852,103.0,4265.384766,4247.820313,4263.461426,4245.384766,4250.512695,4266.025879,4250.512695,4247.820313,4279.615234,4274.358887,4266.666504,4233.974121,4206.025879,4246.025879,3
1669513512.170753,104.0,4262.820313,4248.205078,4262.179688,4240.384766,4249.358887,4263.717773,4248.974121,4246.025879,4276.538574,4275.0,4265.0,4234.102539,4201.538574,4250.512695,3
1669513512.174655,105.0,4259.871582,4247.179688,4260.0,4236.025879,4248.333496,4263.077148,4247.563965,4249.358887,4273.717773,4276.538574,4263.205078,4233.974121,4198.974121,4256.025879,3
1669513512.178556,106.0,4257.179688,4244.871582,4258.589844,4233.846191,4247.563965,4264.102539,4247.179688,4255.128418,4271.666504,4276.794922,4262.820313,4232.692383,4198.461426,4258.205078,3
1669513512.182458,107.0,4255.384766,4242.94873,4258.589844,4233.974121,4247.179688,4266.025879,4247.563965,4259.615234,4269.743652,4273.974121,4263.974121,4230.641113,4199.230957,4255.769043,3
1669513512.186359,108.0,4255.769043,4241.922852,4259.871582,4235.256348,4247.563965,4267.436035,4247.820313,4259.871582,4266.922852,4268.974121,4265.769043,4228.846191,4200.512695,4250.769043,3
1669513512.19026,109.0,4257.94873,4242.179688,4261.282227,4236.538574,4249.102539,4266.922852,4247.94873,4255.897461,4263.205078,4264.102539,4266.666504,4228.589844,4201.794922,4246.666504,3
1669513512.194162,110.0,4261.025879,4243.717773,4262.307617,4237.179688,4251.025879,4264.743652,4247.94873,4250.0,4259.743652,4262.05127,4265.769043,4230.128418,4202.436035,4245.384766,3
1669513512.198063,111.0,4263.077148,4246.666504,4262.563965,4237.692383,4252.05127,4262.94873,4248.077148,4245.384766,4258.461426,4263.333496,4262.94873,4232.436035,4202.820313,4246.538574,3
1669513512.201965,112.0,4263.333496,4250.384766,4262.307617,4238.974121,4252.05127,4263.717773,4248.333496,4244.487305,4260.128418,4266.153809,4260.0,4234.102539,4203.717773,4248.846191,3
1669513512.205866,113.0,4262.05127,4252.563965,4261.794922,4241.282227,4251.794922,4267.94873,4248.077148,4247.563965,4262.94873,4267.563965,4259.358887,4233.717773,4204.487305,4251.410156,3
1669513512.209767,114.0,4260.769043,4250.641113,4261.410156,4244.102539,4252.563965,4274.102539,4247.307617,4253.077148,4264.358887,4266.153809,4261.794922,4231.538574,4203.974121,4253.717773,3
1669513512.213668,115.0,4260.641113,4243.846191,4261.025879,4246.153809,4254.615234,4279.102539,4246.922852,4258.333496,4263.205078,4263.461426,4264.743652,4229.615234,4201.282227,4254.871582,3
1669513512.21757,116.0,4262.05127,4235.256348,4260.897461,4246.794922,4257.179688,4280.641113,4247.820313,4260.897461,4260.384766,4262.05127,4265.0,4229.487305,4197.94873,4254.102539,3
1669513512.221471,117.0,4263.717773,4229.743652,4261.282227,4246.025879,4259.358887,4278.589844,4250.128418,4260.0,4257.692383,4264.358887,4261.794922,4231.794922,4196.666504,4251.153809,3
1669513512.225373,118.0,4264.102539,4230.769043,4262.563965,4244.743652,4260.128418,4275.0,4252.692383,4256.410156,4255.897461,4269.230957,4257.94873,4235.384766,4199.487305,4247.94873,3
1669513512.229274,119.0,4262.692383,4237.563965,4264.358887,4244.487305,4259.743652,4273.461426,4253.589844,4253.333496,4255.641113,4273.461426,4257.179688,4239.358887,4205.641113,4246.922852,3
1669513512.233175,120.0,4260.641113,4246.282227,4266.282227,4246.153809,4259.358887,4275.897461,4252.307617,4253.205078,4257.436035,4274.487305,4260.384766,4242.692383,4212.307617,4249.615234,3
1669513512.237077,121.0,4260.128418,4252.563965,4267.436035,4249.230957,4259.871582,4279.871582,4249.615234,4256.794922,4261.922852,4273.461426,4265.512695,4245.128418,4217.179688,4255.512695,3
1669513512.240978,122.0,4261.410156,4254.230957,4267.179688,4251.794922,4260.897461,4281.282227,4247.436035,4262.05127,4268.589844,4273.205078,4269.230957,4246.666504,4219.358887,4261.922852,3
1669513512.24488,123.0,4263.717773,4251.794922,4265.641113,4252.692383,4261.410156,4277.563965,4247.436035,4265.384766,4274.743652,4275.0,4269.871582,4247.820313,4220.0,4265.128418,3
1669513512.248781,124.0,4265.512695,4247.94873,4263.589844,4251.794922,4260.641113,4270.769043,4248.846191,4263.846191,4277.436035,4276.922852,4267.94873,4248.461426,4220.897461,4263.333496,3
1669513512.252682,125.0,4265.897461,4245.512695,4261.922852,4250.641113,4259.230957,4265.256348,4250.0,4257.563965,4274.743652,4276.282227,4265.128418,4248.333496,4223.461426,4257.820313,3
1669513512.256584,126.0,4265.128418,4246.282227,4261.794922,4250.769043,4258.846191,4264.358887,4249.358887,4250.0,4267.563965,4272.179688,4263.333496,4247.307617,4227.179688,4251.922852,3
1669513512.260485,127.0,4263.846191,4250.0,4262.692383,4252.692383,4260.0,4267.692383,4247.563965,4244.871582,4259.230957,4266.922852,4263.077148,4245.897461,4230.512695,4249.230957,3
1669513512.264387,128.0,4263.333496,4254.615234,4263.461426,4255.641113,4261.410156,4271.794922,4245.641113,4243.589844,4254.102539,4264.487305,4263.717773,4245.384766,4232.05127,4250.897461,3
1669513512.268288,129.0,4263.461426,4258.077148,4263.333496,4257.692383,4261.025879,4273.077148,4245.0,4245.256348,4255.0,4266.794922,4264.358887,4246.410156,4231.538574,4255.641113,3
1669513512.272189,130.0,4262.94873,4259.615234,4262.307617,4256.794922,4257.692383,4270.256348,4245.256348,4247.436035,4261.794922,4272.436035,4264.487305,4248.333496,4230.384766,4261.153809,3
1669513512.276091,131.0,4261.410156,4259.743652,4261.282227,4253.077148,4253.077148,4265.384766,4245.897461,4249.358887,4270.897461,4277.563965,4265.0,4249.615234,4230.0,4265.256348,3
1669513512.279992,132.0,4259.871582,4259.102539,4260.769043,4248.461426,4249.487305,4261.666504,4246.538574,4250.897461,4277.563965,4279.102539,4266.666504,4249.487305,4231.153809,4267.05127,3
1669513512.283893,133.0,4260.769043,4258.974121,4261.025879,4245.641113,4249.102539,4261.410156,4247.05127,4252.820313,4279.615234,4277.307617,4269.102539,4249.358887,4232.94873,4266.794922,3
1669513512.287795,134.0,4265.128418,4260.256348,4262.307617,4246.282227,4251.794922,4264.358887,4247.820313,4255.384766,4277.820313,4275.128418,4270.256348,4250.641113,4234.102539,4265.641113,3
1669513512.291696,135.0,4270.897461,4262.94873,4264.230957,4250.128418,4256.410156,4268.589844,4248.717773,4258.205078,4274.487305,4275.128418,4268.205078,4253.589844,4234.102539,4264.743652,3
1669513512.295598,136.0,4274.743652,4265.384766,4265.897461,4255.256348,4260.769043,4272.05127,4249.358887,4260.384766,4271.794922,4276.794922,4263.461426,4256.538574,4233.077148,4264.487305,3
1669513512.299499,137.0,4274.358887,4265.641113,4266.666504,4258.974121,4263.333496,4274.230957,4249.358887,4261.153809,4270.256348,4277.94873,4259.743652,4257.307617,4231.282227,4265.128418,3
1669513512.3034,138.0,4271.153809,4263.333496,4266.538574,4260.0,4264.102539,4275.128418,4248.974121,4260.512695,4269.615234,4277.307617,4260.384766,4255.128418,4229.487305,4266.282227,3
1669513512.307302,139.0,4268.717773,4260.512695,4266.153809,4259.358887,4263.974121,4275.256348,4248.846191,4259.743652,4270.512695,4276.025879,4265.897461,4251.922852,4228.846191,4267.436035,3
1669513512.311203,140.0,4270.128418,4259.871582,4266.282227,4259.230957,4264.487305,4275.256348,4249.743652,4260.512695,4273.333496,4276.538574,4273.205078,4249.743652,4230.0,4267.820313,3
1669513512.315105,141.0,4274.743652,4262.05127,4267.05127,4260.256348,4265.384766,4275.641113,4251.666504,4263.205078,4277.05127,4278.846191,4277.820313,4249.358887,4232.179688,4266.153809,3
1669513512.319006,142.0,4279.102539,4264.743652,4267.563965,4260.897461,4265.769043,4276.666504,4253.077148,4266.410156,4278.461426,4280.0,4276.153809,4249.743652,4232.820313,4261.153809,3
1669513512.322907,143.0,4280.0,4265.512695,4266.922852,4259.230957,4264.487305,4278.077148,4252.179688,4267.307617,4274.487305,4276.025879,4268.333496,4249.358887,4229.615234,4253.205078,3
1669513512.326809,144.0,4277.179688,4263.846191,4265.128418,4255.512695,4262.179688,4278.589844,4249.102539,4264.358887,4265.512695,4267.563965,4258.333496,4246.794922,4222.94873,4245.769043,3
1669513512.33071,145.0,4273.205078,4261.666504,4263.589844,4252.179688,4260.769043,4276.538574,4245.897461,4259.358887,4256.025879,4259.358887,4252.307617,4243.461426,4216.025879,4243.333496,3
1669513512.334612,146.0,4271.282227,4260.897461,4263.461426,4251.282227,4261.282227,4272.94873,4245.512695,4256.538574,4251.025879,4257.307617,4253.077148,4241.794922,4212.563965,4248.205078,3
1669513512.338513,147.0,4271.922852,4261.538574,4264.487305,4253.461426,4263.205078,4270.256348,4249.102539,4259.358887,4252.436035,4262.307617,4259.358887,4243.846191,4213.974121,4256.666504,3
1669513512.342414,148.0,4273.077148,4261.794922,4265.641113,4256.794922,4264.871582,4271.153809,4254.230957,4266.538574,4257.820313,4270.641113,4266.025879,4248.461426,4218.589844,4262.94873,3
1669513512.346316,149.0,4271.538574,4260.0,4265.641113,4257.820313,4265.0,4274.615234,4257.563965,4273.461426,4263.077148,4276.153809,4268.461426,4252.05127,4221.794922,4262.692383,3
1669513512.350217,150.0,4266.282227,4255.0,4263.846191,4254.871582,4263.205078,4277.563965,4256.666504,4275.641113,4265.0,4275.0,4266.025879,4251.025879,4220.512695,4256.538574,3
1669513512.354118,151.0,4259.230957,4248.717773,4260.897461,4249.358887,4260.641113,4276.794922,4252.563965,4271.666504,4263.077148,4268.333496,4261.538574,4245.769043,4215.641113,4249.102539,3
1669513512.35802,152.0,4254.358887,4244.615234,4257.94873,4245.384766,4258.717773,4272.179688,4247.692383,4264.743652,4258.717773,4261.282227,4258.717773,4240.384766,4211.538574,4245.641113,3
1669513512.361921,153.0,4254.487305,4245.384766,4256.922852,4246.153809,4258.461426,4266.794922,4244.743652,4259.358887,4254.871582,4258.846191,4259.615234,4239.487305,4212.05127,4248.846191,3
1669513512.365823,154.0,4259.102539,4251.153809,4258.333496,4251.922852,4259.871582,4264.615234,4244.743652,4258.333496,4253.846191,4262.820313,4263.717773,4244.358887,4217.820313,4257.05127,3
1669513512.369724,155.0,4265.897461,4258.589844,4261.410156,4259.102539,4262.179688,4267.820313,4246.794922,4260.256348,4257.692383,4270.897461,4268.974121,4252.05127,4225.128418,4265.897461,3
1669513512.373625,156.0,4272.05127,4264.102539,4264.615234,4263.589844,4264.230957,4275.128418,4249.102539,4261.922852,4265.769043,4278.717773,4273.974121,4257.563965,4229.615234,4271.410156,3
1669513512.377527,157.0,4275.769043,4266.282227,4266.153809,4263.589844,4265.256348,4282.05127,4250.256348,4261.282227,4274.358887,4283.077148,4277.692383,4257.436035,4229.102539,4272.563965,3
1669513512.381428,158.0,4276.794922,4266.538574,4265.897461,4261.282227,4265.128418,4284.487305,4250.0,4258.717773,4278.974121,4283.461426,4279.743652,4252.563965,4225.641113,4270.641113,3
1669513512.38533,159.0,4276.025879,4267.563965,4264.871582,4259.743652,4264.102539,4281.282227,4249.615234,4257.05127,4277.94873,4281.538574,4279.743652,4247.307617,4223.333496,4268.717773,3
1669513512.389231,160.0,4275.256348,4270.769043,4264.358887,4261.025879,4263.205078,4275.769043,4250.128418,4259.102539,4273.461426,4279.615234,4278.461426,4246.282227,4224.871582,4268.974121,3
1669513512.393132,161.0,4275.641113,4275.769043,4264.743652,4263.846191,4262.94873,4272.436035,4251.282227,4264.230957,4269.487305,4279.230957,4277.94873,4251.410156,4230.0,4271.538574,3
1669513512.397034,162.0,4277.307617,4280.512695,4265.384766,4265.897461,4263.589844,4273.333496,4252.179688,4268.846191,4268.205078,4280.128418,4278.974121,4259.743652,4235.384766,4275.256348,3
1669513512.400935,163.0,4279.487305,4282.820313,4265.897461,4265.897461,4265.0,4276.410156,4252.05127,4269.102539,4269.230957,4281.153809,4280.641113,4266.410156,4237.692383,4278.333496,3
1669513512.404837,164.0,4281.282227,4282.563965,4266.025879,4264.615234,4266.282227,4278.461426,4251.282227,4263.717773,4270.897461,4281.153809,4280.641113,4267.692383,4236.025879,4280.128418,3
1669513512.408738,165.0,4282.179688,4281.282227,4266.025879,4263.461426,4266.922852,4277.692383,4250.512695,4256.025879,4271.666504,4280.256348,4277.05127,4264.871582,4232.307617,4280.897461,3
1669513512.412639,166.0,4282.563965,4280.641113,4266.153809,4263.205078,4266.794922,4275.128418,4249.871582,4251.153809,4271.410156,4278.846191,4271.153809,4261.153809,4229.487305,4281.282227,3
1669513512.416541,167.0,4283.333496,4281.538574,4266.410156,4263.717773,4266.025879,4273.205078,4249.102539,4252.436035,4271.153809,4278.077148,4266.666504,4259.615234,4229.487305,4281.153809,3
1669513512.420442,168.0,4284.487305,4283.333496,4266.922852,4264.358887,4265.128418,4273.717773,4248.461426,4258.846191,4272.692383,4278.205078,4267.436035,4260.897461,4231.794922,4280.512695,3
1669513512.424343,169.0,4285.384766,4283.974121,4267.436035,4264.743652,4264.487305,4275.897461,4248.333496,4265.897461,4276.410156,4279.487305,4273.077148,4263.589844,4234.102539,4280.256348,3
1669513512.428245,170.0,4284.743652,4282.436035,4267.692383,4264.615234,4264.615234,4277.820313,4249.230957,4268.717773,4280.128418,4280.641113,4279.358887,4266.153809,4234.871582,4280.897461,3
1669513512.432146,171.0,4282.307617,4279.487305,4267.307617,4263.974121,4265.384766,4277.563965,4251.025879,4265.384766,4280.641113,4280.769043,4281.666504,4267.436035,4234.230957,4282.05127,3
1669513512.436048,172.0,4279.743652,4277.307617,4266.410156,4263.589844,4266.410156,4275.0,4252.436035,4258.333496,4277.05127,4279.358887,4278.205078,4266.666504,4233.461426,4283.205078,3
1669513512.439949,173.0,4278.846191,4277.307617,4265.512695,4263.589844,4267.05127,4272.179688,4252.307617,4252.307617,4271.282227,4277.820313,4272.05127,4264.102539,4233.461426,4282.820313,3
1669513512.44385,174.0,4280.0,4278.717773,4264.615234,4263.333496,4266.794922,4271.794922,4250.641113,4250.897461,4266.410156,4277.307617,4267.563965,4259.743652,4233.461426,4279.871582,3
1669513512.447752,175.0,4281.282227,4279.358887,4263.717773,4261.410156,4265.384766,4274.615234,4248.461426,4254.102539,4263.461426,4277.94873,4267.820313,4254.358887,4232.307617,4274.102539,3
1669513512.451653,176.0,4280.128418,4277.179688,4262.563965,4257.563965,4263.461426,4278.717773,4247.563965,4259.230957,4261.410156,4278.333496,4272.05127,4249.358887,4228.974121,4267.05127,3
1669513512.455555,177.0,4275.512695,4271.666504,4261.666504,4252.563965,4261.666504,4281.282227,4248.333496,4262.94873,4259.615234,4277.436035,4275.897461,4246.153809,4223.846191,4261.538574,3
1669513512.459456,178.0,4269.230957,4264.871582,4261.666504,4248.974121,4260.897461,4281.025879,4250.256348,4263.461426,4259.743652,4275.641113,4276.282227,4246.153809,4218.461426,4259.743652,3
1669513512.463357,179.0,4264.102539,4260.0,4262.436035,4247.94873,4261.410156,4278.974121,4251.922852,4261.410156,4263.846191,4274.358887,4274.230957,4248.974121,4215.384766,4262.692383,3
1669513512.467259,180.0,4262.05127,4259.102539,4262.692383,4248.717773,4262.563965,4277.05127,4252.436035,4258.974121,4271.282227,4274.615234,4273.205078,4252.94873,4215.641113,4268.461426,3
1669513512.47116,181.0,4262.563965,4262.05127,4261.538574,4249.358887,4263.205078,4276.666504,4251.410156,4258.589844,4277.179688,4275.897461,4275.641113,4256.153809,4218.333496,4274.358887,3
1669513512.475062,182.0,4263.846191,4266.153809,4258.974121,4248.077148,4262.692383,4277.692383,4249.743652,4260.512695,4277.563965,4276.794922,4279.102539,4257.820313,4220.512695,4277.307617,3
1669513512.478963,183.0,4264.230957,4268.205078,4256.153809,4245.256348,4261.025879,4278.589844,4248.717773,4262.94873,4272.820313,4276.538574,4279.487305,4258.974121,4220.641113,4276.410156,3
1669513512.482864,184.0,4263.333496,4266.794922,4254.871582,4242.563965,4259.230957,4278.717773,4248.461426,4263.077148,4266.922852,4275.128418,4274.743652,4260.641113,4218.589844,4272.820313,3
1669513512.486766,185.0,4261.922852,4263.461426,4255.641113,4241.666504,4258.205078,4277.94873,4248.974121,4259.871582,4263.846191,4273.205078,4268.333496,4262.436035,4215.769043,4268.717773,3
1669513512.490667,186.0,4261.794922,4261.410156,4257.820313,4243.333496,4258.461426,4276.922852,4249.487305,4255.128418,4265.0,4271.794922,4265.384766,4262.307617,4213.846191,4265.641113,3
1669513512.494568,187.0,4263.589844,4262.307617,4260.512695,4246.538574,4259.615234,4276.153809,4249.871582,4252.05127,4269.102539,4271.666504,4269.102539,4258.974121,4213.974121,4263.974121,3
1669513512.49847,188.0,4266.025879,4265.256348,4262.692383,4249.102539,4261.153809,4276.410156,4249.871582,4253.205078,4273.077148,4273.077148,4277.179688,4254.230957,4215.769043,4263.974121,3
1669513512.502371,189.0,4267.179688,4267.179688,4263.846191,4249.615234,4262.563965,4278.205078,4249.871582,4257.94873,4274.871582,4275.384766,4283.846191,4251.282227,4218.205078,4265.128418,3
1669513512.506272,190.0,4266.410156,4266.025879,4264.102539,4248.205078,4263.461426,4280.512695,4250.128418,4263.846191,4274.487305,4276.922852,4283.717773,4251.922852,4219.871582,4266.025879,3
1669513512.510174,191.0,4264.615234,4262.436035,4263.846191,4246.666504,4263.589844,4281.025879,4250.641113,4268.205078,4273.333496,4276.794922,4276.025879,4254.743652,4219.871582,4265.769043,3
1669513512.514075,192.0,4263.974121,4259.230957,4263.077148,4246.666504,4263.333496,4278.333496,4251.153809,4269.102539,4272.307617,4274.487305,4264.615234,4257.05127,4218.717773,4264.230957,3
1669513512.517977,193.0,4265.512695,4258.846191,4262.05127,4248.846191,4263.077148,4273.333496,4251.538574,4266.538574,4270.641113,4270.641113,4255.897461,4256.666504,4217.94873,4262.94873,3
1669513512.521878,194.0,4268.846191,4261.538574,4261.025879,4252.692383,4263.205078,4268.717773,4251.410156,4262.179688,4267.563965,4266.025879,4253.589844,4253.846191,4219.358887,4263.077148,3
1669513512.525779,195.0,4272.05127,4265.769043,4260.641113,4257.179688,4263.717773,4267.563965,4250.769043,4258.461426,4263.974121,4262.179688,4256.922852,4250.512695,4223.077148,4264.102539,3
1669513512.529681,196.0,4273.205078,4268.846191,4260.897461,4261.153809,4264.487305,4270.384766,4249.615234,4256.025879,4262.692383,4260.128418,4261.282227,4248.333496,4227.563965,4264.230957,3
1669513512.533582,197.0,4272.05127,4269.358887,4262.05127,4263.589844,4265.256348,4275.256348,4248.461426,4253.846191,4264.615234,4260.256348,4261.410156,4248.077148,4231.025879,4261.794922,3
1669513512.537484,198.0,4269.487305,4267.563965,4262.820313,4264.102539,4265.769043,4278.589844,4247.820313,4250.641113,4266.666504,4261.538574,4256.538574,4248.589844,4232.179688,4257.692383,3
1669513512.541385,199.0,4267.436035,4264.871582,4262.05127,4262.820313,4265.897461,4278.589844,4248.333496,4246.538574,4263.717773,4261.666504,4250.0,4248.974121,4230.897461,4254.871582,3
1669513512.545286,200.0,4267.436035,4263.077148,4260.0,4260.897461,4265.0,4275.769043,4249.871582,4243.333496,4253.974121,4259.358887,4246.538574,4248.717773,4228.589844,4256.282227,3
1669513512.549188,201.0,4269.871582,4263.589844,4258.717773,4259.871582,4263.205078,4273.077148,4251.153809,4243.589844,4242.179688,4256.025879,4247.94873,4248.589844,4227.563965,4261.538574,3
1669513512.553089,202.0,4273.589844,4266.922852,4260.641113,4260.897461,4261.666504,4273.461426,4251.410156,4246.794922,4236.794922,4254.871582,4253.205078,4250.128418,4229.487305,4267.692383,3
1669513512.556991,203.0,4276.538574,4272.436035,4266.025879,4263.333496,4262.307617,4276.794922,4250.769043,4250.128418,4242.692383,4259.102539,4260.128418,4254.230957,4234.230957,4272.05127,3
1669513512.560892,204.0,4278.077148,4278.589844,4272.692383,4266.153809,4265.512695,4280.897461,4250.384766,4250.641113,4256.153809,4267.94873,4266.153809,4260.512695,4239.871582,4273.589844,3
1669513512.564793,205.0,4279.487305,4282.820313,4277.179688,4268.077148,4270.256348,4283.333496,4251.282227,4248.333496,4267.94873,4277.563965,4269.871582,4266.025879,4243.333496,4273.589844,3
1669513512.568695,206.0,4281.794922,4282.179688,4276.794922,4268.589844,4274.102539,4282.820313,4252.692383,4245.897461,4270.256348,4282.563965,4271.025879,4267.820313,4242.94873,4273.461426,3
1669513512.572596,207.0,4284.230957,4275.769043,4272.05127,4267.94873,4274.743652,4280.641113,4253.589844,4246.025879,4262.820313,4280.128418,4270.256348,4264.487305,4239.358887,4272.820313,3
1669513512.576497,208.0,4284.487305,4266.282227,4265.641113,4266.794922,4271.794922,4278.333496,4252.820313,4248.846191,4252.05127,4271.794922,4267.820313,4257.436035,4234.230957,4270.769043,3
1669513512.580399,209.0,4281.025879,4259.487305,4260.897461,4265.512695,4267.307617,4277.307617,4251.153809,4252.94873,4246.922852,4262.94873,4264.230957,4250.256348,4229.871582,4267.05127,3
1669513512.5843,210.0,4274.871582,4259.487305,4259.871582,4264.102539,4263.974121,4277.692383,4250.641113,4256.025879,4251.794922,4259.743652,4260.897461,4247.05127,4227.820313,4263.717773,3
1669513512.588202,211.0,4268.846191,4266.282227,4262.05127,4262.820313,4263.461426,4279.358887,4253.205078,4256.794922,4263.974121,4264.358887,4260.256348,4249.487305,4228.589844,4263.205078,3
1669513512.592103,212.0,4266.025879,4275.128418,4265.0,4262.307617,4265.256348,4281.538574,4257.94873,4255.0,4275.897461,4273.333496,4264.230957,4255.256348,4231.153809,4266.538574,3
1669513512.596004,213.0,4268.077148,4279.615234,4266.410156,4262.563965,4267.179688,4282.94873,4261.282227,4251.282227,4280.769043,4280.0,4271.410156,4260.0,4233.333496,4271.666504,3
1669513512.599906,214.0,4274.230957,4277.179688,4265.769043,4262.820313,4267.436035,4282.05127,4260.769043,4247.692383,4277.179688,4279.743652,4277.307617,4260.0,4232.820313,4275.0,3
1669513512.603807,215.0,4280.512695,4269.487305,4264.487305,4262.179688,4265.897461,4278.974121,4256.666504,4246.666504,4268.589844,4272.436035,4276.794922,4255.384766,4229.230957,4273.974121,3
1669513512.607709,216.0,4283.205078,4261.794922,4264.358887,4260.0,4264.487305,4275.256348,4252.563965,4248.205078,4260.641113,4262.820313,4269.487305,4248.974121,4224.230957,4268.589844,3
1669513512.61161,217.0,4280.769043,4258.077148,4265.897461,4257.179688,4264.358887,4273.333496,4251.153809,4250.256348,4257.05127,4257.05127,4260.384766,4244.871582,4220.256348,4262.05127,3
1669513512.615511,218.0,4274.615234,4260.0,4267.563965,4255.128418,4265.256348,4274.615234,4252.692383,4250.897461,4258.205078,4258.717773,4256.666504,4244.871582,4218.461426,4258.077148,3
1669513512.619413,219.0,4268.205078,4265.769043,4267.692383,4254.743652,4265.897461,4278.333496,4254.871582,4249.358887,4262.436035,4266.153809,4261.410156,4247.692383,4218.461426,4258.077148,3
1669513512.623314,220.0,4264.358887,4271.153809,4265.897461,4255.897461,4265.0,4282.179688,4255.512695,4247.179688,4266.538574,4274.358887,4271.025879,4250.641113,4219.358887,4260.384766,3
1669513512.627216,221.0,4263.846191,4271.922852,4263.333496,4256.794922,4262.692383,4283.589844,4254.487305,4246.794922,4268.333496,4278.461426,4278.333496,4251.666504,4220.128418,4262.307617,3
1669513512.631117,222.0,4265.256348,4266.538574,4261.410156,4255.769043,4260.641113,4281.794922,4253.461426,4250.256348,4267.436035,4276.922852,4278.077148,4250.897461,4220.0,4263.333496,3
1669513512.635018,223.0,4266.025879,4256.922852,4260.384766,4252.692383,4260.256348,4277.94873,4253.974121,4257.05127,4265.0,4271.794922,4271.153809,4250.0,4218.846191,4264.102539,3
1669513512.63892,224.0,4265.0,4247.307617,4260.256348,4248.589844,4261.025879,4274.487305,4255.512695,4263.589844,4262.94873,4266.282227,4262.436035,4249.487305,4217.179688,4264.871582,3
1669513512.642821,225.0,4262.94873,4242.05127,4260.769043,4245.769043,4261.922852,4273.461426,4256.153809,4265.384766,4262.563965,4262.692383,4257.307617,4248.846191,4215.512695,4264.871582,3
1669513512.646722,226.0,4261.025879,4243.205078,4261.282227,4244.871582,4262.05127,4275.512695,4253.846191,4259.487305,4262.94873,4261.410156,4257.692383,4247.692383,4214.487305,4263.077148,3
1669513512.650624,227.0,4259.743652,4249.358887,4261.025879,4245.512695,4260.897461,4278.589844,4249.487305,4247.692383,4261.794922,4261.025879,4261.410156,4245.897461,4213.717773,4260.769043,3
1669513512.654525,228.0,4258.974121,4256.794922,4258.974121,4246.153809,4258.974121,4279.743652,4245.641113,4236.410156,4258.974121,4260.512695,4264.487305,4244.230957,4212.820313,4258.846191,3
1669513512.658427,229.0,4258.205078,4261.666504,4255.641113,4245.897461,4256.922852,4277.179688,4244.743652,4232.05127,4257.436035,4259.615234,4264.615234,4243.846191,4212.307617,4258.077148,3
1669513512.662328,230.0,4257.436035,4262.179688,4252.179688,4244.743652,4255.641113,4272.179688,4247.436035,4236.538574,4259.615234,4259.358887,4262.692383,4245.256348,4213.077148,4257.692383,3
1669513512.666229,231.0,4256.794922,4259.743652,4250.256348,4243.974121,4255.769043,4267.563965,4251.282227,4245.897461,4264.487305,4260.512695,4261.153809,4248.974121,4216.282227,4257.692383,3
1669513512.670131,232.0,4257.179688,4257.563965,4250.641113,4244.743652,4257.179688,4266.538574,4253.077148,4253.077148,4267.94873,4262.692383,4261.538574,4254.615234,4221.794922,4259.487305,3
1669513512.674032,233.0,4259.615234,4257.820313,4253.205078,4247.563965,4259.230957,4269.871582,4251.794922,4254.230957,4266.666504,4264.615234,4263.205078,4260.384766,4227.820313,4264.230957,3
1669513512.677934,234.0,4263.205078,4260.512695,4256.922852,4251.153809,4261.153809,4275.641113,4249.102539,4250.384766,4261.025879,4265.384766,4264.871582,4264.230957,4232.563965,4270.641113,3
1669513512.681835,235.0,4265.769043,4263.461426,4260.128418,4254.102539,4262.436035,4280.641113,4247.820313,4246.410156,4254.615234,4265.256348,4266.025879,4265.0,4234.102539,4275.512695,3
1669513512.685736,236.0,4265.384766,4264.743652,4261.922852,4255.256348,4262.94873,4282.179688,4248.846191,4245.512695,4251.410156,4265.384766,4266.922852,4263.589844,4232.692383,4276.153809,3
1669513512.689638,237.0,4262.820313,4263.974121,4261.794922,4255.512695,4263.333496,4280.128418,4250.512695,4247.05127,4252.94873,4266.153809,4267.563965,4261.922852,4230.0,4272.179688,3
1669513512.693539,238.0,4261.025879,4262.307617,4260.384766,4256.410156,4263.717773,4276.538574,4251.410156,4248.589844,4256.666504,4266.410156,4267.436035,4261.153809,4228.461426,4266.282227,3
1669513512.697441,239.0,4262.436035,4261.153809,4258.974121,4258.974121,4264.358887,4274.743652,4251.025879,4248.333496,4257.94873,4264.358887,4265.769043,4261.153809,4228.974121,4261.410156,3
1669513512.701342,240.0,4266.538574,4261.282227,4258.461426,4261.666504,4265.0,4276.410156,4249.743652,4246.410156,4253.846191,4258.846191,4262.820313,4260.256348,4230.769043,4259.871582,3
1669513512.705243,241.0,4270.512695,4262.563965,4259.358887,4262.820313,4265.256348,4280.0,4248.333496,4244.358887,4246.282227,4251.922852,4259.871582,4257.307617,4231.666504,4261.538574,3
1669513512.709145,242.0,4271.794922,4264.358887,4261.410156,4261.153809,4265.256348,4281.922852,4247.307617,4243.333496,4240.512695,4246.666504,4258.333496,4252.436035,4229.743652,4264.358887,3
1669513512.713046,243.0,4270.0,4265.769043,4263.077148,4257.563965,4265.128418,4279.230957,4247.179688,4242.94873,4240.512695,4245.128418,4257.94873,4247.307617,4224.871582,4266.025879,3
1669513512.716947,244.0,4266.666504,4265.897461,4262.94873,4253.846191,4265.256348,4273.333496,4247.563965,4241.538574,4245.512695,4246.666504,4257.436035,4243.717773,4218.717773,4265.256348,3
1669513512.720849,245.0,4263.717773,4264.230957,4260.641113,4251.794922,4265.256348,4268.333496,4247.820313,4238.077148,4250.0,4248.846191,4255.384766,4242.179688,4214.102539,4262.820313,3
1669513512.72475,246.0,4262.436035,4261.666504,4257.436035,4252.307617,4264.871582,4267.436035,4247.179688,4233.846191,4248.461426,4249.487305,4251.666504,4242.05127,4212.563965,4260.384766,3
1669513512.728652,247.0,4262.94873,4259.487305,4255.256348,4255.256348,4263.974121,4270.0,4246.025879,4231.282227,4239.487305,4247.820313,4247.692383,4241.282227,4213.974121,4259.230957,3
1669513512.732553,248.0,4264.743652,4258.846191,4255.769043,4258.846191,4263.077148,4272.692383,4245.256348,4232.307617,4228.077148,4245.384766,4245.128418,4238.974121,4216.282227,4259.487305,3
1669513512.736454,249.0,4266.794922,4259.743652,4258.077148,4261.153809,4262.94873,4273.077148,4246.153809,4236.666504,4222.94873,4243.974121,4245.256348,4235.512695,4217.05127,4260.384766,3
1669513512.740356,250.0,4267.94873,4261.410156,4260.0,4260.769043,4263.589844,4271.282227,4248.077148,4242.820313,4228.333496,4244.615234,4247.692383,4232.820313,4216.025879,4260.641113,3
1669513512.744257,251.0,4267.563965,4262.563965,4259.358887,4257.94873,4264.230957,4269.358887,4249.615234,4248.333496,4241.153809,4246.410156,4250.641113,4232.563965,4214.102539,4259.871582,3
1669513512.748159,252.0,4266.025879,4262.05127,4256.410156,4253.846191,4264.102539,4268.974121,4249.871582,4251.538574,4253.589844,4247.563965,4251.666504,4234.615234,4213.077148,4257.563965,3
1669513512.75206,253.0,4264.358887,4260.0,4253.589844,4250.128418,4263.205078,4270.128418,4248.974121,4252.307617,4259.487305,4247.436035,4250.256348,4238.077148,4213.974121,4255.0,3
1669513512.755961,254.0,4263.589844,4257.692383,4253.846191,4247.94873,4262.05127,4271.922852,4248.077148,4251.282227,4257.436035,4246.666504,4248.846191,4242.436035,4216.410156,4254.102539,3
1669513512.759863,255.0,4264.102539,4256.922852,4257.436035,4247.94873,4261.794922,4273.717773,4248.205078,4249.230957,4251.410156,4246.922852,4249.871582,4247.179688,4218.846191,4257.05127,3
1669513512.763764,0.0,4265.641113,4258.333496,4262.307617,4249.615234,4262.820313,4274.871582,4249.358887,4247.179688,4247.307617,4248.589844,4253.461426,4251.282227,4219.871582,4262.563965,3
1669513512.767666,1.0,4267.179688,4260.512695,4265.384766,4251.410156,4264.230957,4274.871582,4250.769043,4245.897461,4248.333496,4250.769043,4257.179688,4252.436035,4218.717773,4267.179688,3
1669513512.771567,2.0,4267.307617,4261.153809,4265.0,4251.666504,4265.256348,4273.974121,4251.538574,4245.512695,4252.563965,4251.666504,4258.589844,4249.871582,4216.025879,4267.179688,3
1669513512.775468,3.0,4265.512695,4260.0,4262.179688,4249.871582,4265.0,4272.692383,4250.769043,4246.025879,4255.641113,4250.641113,4257.94873,4245.512695,4213.333496,4263.077148,3
1669513512.779369,4.0,4263.205078,4259.102539,4260.0,4247.307617,4264.358887,4271.282227,4249.102539,4246.538574,4254.230957,4248.717773,4257.692383,4243.589844,4212.94873,4259.743652,3
1669513512.783271,5.0,4262.563965,4260.512695,4260.384766,4246.410156,4264.230957,4270.0,4247.94873,4246.794922,4249.487305,4247.179688,4259.102539,4247.179688,4215.256348,4261.794922,3
1669513512.787172,6.0,4264.487305,4264.358887,4262.563965,4247.94873,4264.871582,4269.102539,4248.333496,4246.538574,4245.384766,4247.436035,4261.538574,4254.743652,4218.846191,4269.230957,3
1669513512.791074,7.0,4266.538574,4268.205078,4263.846191,4249.743652,4265.641113,4268.717773,4250.128418,4246.025879,4244.743652,4248.846191,4262.05127,4260.897461,4220.256348,4276.410156,3
1669513512.794975,8.0,4265.0,4268.205078,4262.307617,4248.333496,4265.128418,4269.487305,4252.05127,4245.897461,4247.05127,4249.743652,4259.358887,4260.0,4216.794922,4277.05127,3
1669513512.798876,9.0,4259.230957,4262.436035,4258.205078,4242.692383,4263.077148,4271.666504,4252.307617,4246.538574,4249.487305,4248.974121,4254.615234,4250.641113,4208.974121,4268.974121,3
1669513512.802778,10.0,4252.05127,4252.563965,4254.230957,4235.641113,4260.769043,4274.871582,4250.128418,4247.563965,4249.615234,4247.179688,4251.282227,4237.692383,4200.512695,4257.05127,3
1669513512.806679,11.0,4248.333496,4243.589844,4253.077148,4231.025879,4259.871582,4277.820313,4246.794922,4248.333496,4248.077148,4245.897461,4251.794922,4228.717773,4195.897461,4248.974121,3
1669513512.810581,12.0,4250.512695,4240.384766,4255.512695,4231.666504,4261.282227,4279.487305,4244.871582,4248.333496,4246.922852,4246.538574,4256.025879,4228.717773,4197.436035,4249.871582,3
1669513512.814482,13.0,4256.794922,4244.102539,4259.743652,4237.05127,4264.102539,4278.461426,4247.05127,4248.974121,4248.589844,4248.589844,4260.512695,4236.538574,4204.102539,4258.077148,3
1669513512.818383,14.0,4262.820313,4251.538574,4263.333496,4244.230957,4266.410156,4274.871582,4253.589844,4251.025879,4252.563965,4250.769043,4262.692383,4245.897461,4212.307617,4266.666504,3
1669513512.822285,15.0,4265.512695,4258.717773,4264.230957,4249.615234,4266.922852,4270.384766,4261.282227,4253.461426,4256.538574,4251.666504,4261.410156,4250.0,4217.94873,4269.743652,3
1669513512.826186,16.0,4263.974121,4262.820313,4262.563965,4250.769043,4265.641113,4267.436035,4265.256348,4253.333496,4257.94873,4250.897461,4258.846191,4246.410156,4219.230957,4266.538574,3
1669513512.830088,17.0,4260.384766,4263.846191,4260.128418,4247.820313,4263.974121,4268.333496,4262.692383,4248.589844,4256.025879,4249.230957,4257.692383,4238.846191,4217.179688,4260.769043,3
1669513512.833989,18.0,4257.94873,4263.077148,4259.230957,4243.974121,4263.717773,4272.307617,4255.128418,4240.512695,4252.05127,4248.077148,4259.358887,4233.974121,4214.615234,4257.179688,3
1669513512.83789,19.0,4258.461426,4261.538574,4261.282227,4242.179688,4265.128418,4276.282227,4248.077148,4233.846191,4248.333496,4247.94873,4262.307617,4236.153809,4213.717773,4257.94873,3
1669513512.841792,20.0,4261.538574,4258.974121,4265.0,4243.589844,4267.436035,4276.410156,4246.538574,4232.820313,4247.05127,4248.589844,4263.589844,4243.717773,4214.743652,4261.410156,3
1669513512.845693,21.0,4265.0,4255.256348,4267.436035,4246.538574,4268.717773,4272.307617,4251.025879,4238.077148,4247.94873,4248.974121,4261.538574,4250.512695,4216.410156,4264.102539,3
1669513512.849594,22.0,4266.410156,4251.922852,4265.512695,4248.717773,4267.692383,4266.794922,4257.05127,4246.025879,4248.974121,4248.589844,4257.563965,4251.153809,4217.05127,4264.230957,3
1669513512.853496,23.0,4264.871582,4251.410156,4259.230957,4248.846191,4265.0,4263.333496,4259.102539,4251.666504,4248.205078,4247.820313,4253.974121,4245.641113,4216.410156,4262.179688,3
1669513512.857397,24.0,4261.538574,4254.615234,4251.538574,4247.179688,4262.307617,4263.333496,4255.769043,4252.94873,4246.538574,4247.179688,4251.538574,4238.205078,4215.641113,4260.128418,3
1669513512.861299,25.0,4258.846191,4259.615234,4247.05127,4245.512695,4261.025879,4265.128418,4250.384766,4251.410156,4246.282227,4246.282227,4250.128418,4233.717773,4215.897461,4259.871582,3
1669513512.8652,26.0,4258.846191,4262.94873,4248.461426,4245.128418,4261.153809,4265.897461,4248.461426,4249.743652,4248.205078,4244.230957,4249.487305,4234.487305,4217.179688,4260.897461,3
1669513512.869101,27.0,4261.922852,4262.436035,4254.743652,4246.282227,4262.436035,4265.128418,4252.05127,4249.743652,4249.871582,4240.512695,4248.974121,4238.846191,4217.307617,4261.794922,3
1669513512.873003,28.0,4266.025879,4258.461426,4261.410156,4248.205078,4263.717773,4263.717773,4257.692383,4250.128418,4248.205078,4235.769043,4247.563965,4243.589844,4215.256348,4261.282227,3
1669513512.876904,29.0,4268.589844,4254.487305,4263.846191,4249.358887,4264.487305,4263.589844,4260.128418,4249.230957,4243.077148,4232.179688,4244.487305,4245.641113,4212.05127,4260.0,3
1669513512.880806,30.0,4267.692383,4253.974121,4260.384766,4248.717773,4264.487305,4265.128418,4257.436035,4246.410156,4238.333496,4232.307617,4241.410156,4245.256348,4210.897461,4259.487305,3
1669513512.884707,31.0,4264.487305,4258.461426,4254.102539,4247.05127,4263.974121,4267.179688,4252.692383,4243.077148,4238.461426,4236.922852,4242.307617,4244.487305,4213.974121,4261.153809,3
1669513512.888608,32.0,4262.307617,4265.256348,4249.487305,4246.153809,4263.461426,4268.205078,4250.256348,4242.179688,4244.615234,4244.358887,4249.102539,4245.897461,4220.512695,4265.512695,3
1669513512.89251,33.0,4263.589844,4270.128418,4250.128418,4248.077148,4263.589844,4267.307617,4252.307617,4244.615234,4253.205078,4250.641113,4259.358887,4249.102539,4227.436035,4271.282227,3
1669513512.896411,34.0,4268.461426,4269.871582,4255.512695,4252.563965,4264.358887,4265.128418,4256.922852,4247.820313,4258.589844,4252.820313,4266.922852,4251.538574,4230.512695,4275.0,3
1669513512.900313,35.0,4273.846191,4265.384766,4261.922852,4256.794922,4265.256348,4263.461426,4260.256348,4248.589844,4257.05127,4250.128418,4266.410156,4251.153809,4227.436035,4273.589844,3
1669513512.904214,36.0,4275.769043,4260.384766,4265.641113,4257.820313,4265.641113,4264.615234,4260.641113,4246.538574,4249.358887,4245.384766,4258.077148,4248.589844,4219.743652,4267.436035,3
1669513512.908115,37.0,4272.820313,4258.333496,4265.0,4255.641113,4265.384766,4268.846191,4258.846191,4244.743652,4240.897461,4242.179688,4247.692383,4247.307617,4212.179688,4261.025879,3
1669513512.912017,38.0,4266.922852,4260.256348,4261.666504,4253.077148,4264.615234,4273.974121,4257.563965,4246.922852,4238.461426,4242.820313,4242.820313,4249.615234,4210.0,4259.230957,3
1669513512.915918,39.0,4262.05127,4264.871582,4257.94873,4252.692383,4263.589844,4277.05127,4258.205078,4252.820313,4244.871582,4246.794922,4246.538574,4254.743652,4215.128418,4263.717773,3
1669513512.919819,40.0,4260.641113,4268.974121,4255.256348,4254.487305,4262.94873,4275.897461,4260.384766,4258.717773,4255.641113,4251.410156,4256.153809,4258.974121,4223.974121,4271.538574,3
1669513512.923721,41.0,4262.179688,4269.230957,4253.333496,4256.282227,4263.461426,4271.153809,4262.436035,4260.641113,4263.717773,4253.846191,4265.0,4259.358887,4230.641113,4277.307617,3
1669513512.927622,42.0,4263.589844,4264.615234,4251.282227,4255.897461,4264.743652,4265.641113,4262.94873,4257.692383,4264.615234,4252.692383,4267.563965,4256.153809,4231.025879,4277.307617,3
1669513512.931524,43.0,4262.436035,4257.436035,4249.487305,4253.205078,4265.769043,4262.436035,4261.538574,4252.307617,4260.512695,4249.102539,4262.820313,4251.666504,4225.897461,4272.05127,3
1669513512.935425,44.0,4257.94873,4251.153809,4248.205078,4249.871582,4264.871582,4262.563965,4258.333496,4247.94873,4256.794922,4245.769043,4254.615234,4248.077148,4219.743652,4264.743652,3
1669513512.939326,45.0,4252.05127,4248.333496,4247.692383,4247.179688,4261.410156,4265.0,4253.974121,4246.794922,4256.922852,4244.871582,4248.205078,4245.256348,4216.025879,4258.461426,3
1669513512.943228,46.0,4247.692383,4248.589844,4247.436035,4245.0,4256.666504,4267.179688,4249.487305,4248.077148,4259.743652,4246.025879,4246.538574,4242.05127,4214.487305,4254.230957,3
1669513512.947129,47.0,4246.153809,4250.0,4246.410156,4242.307617,4253.333496,4267.436035,4246.410156,4248.846191,4261.282227,4246.922852,4248.333496,4237.307617,4212.692383,4250.769043,3
1669513512.951031,48.0,4247.05127,4250.641113,4245.128418,4239.230957,4253.461426,4265.512695,4246.922852,4247.563965,4258.846191,4245.512695,4250.769043,4232.05127,4209.487305,4247.820313,3
1669513512.954932,49.0,4248.589844,4249.358887,4244.871582,4237.05127,4256.922852,4263.461426,4251.538574,4245.512695,4252.563965,4241.922852,4251.282227,4228.717773,4206.282227,4246.025879,3
1669513512.958833,50.0,4249.615234,4246.666504,4246.666504,4237.563965,4261.538574,4263.717773,4258.717773,4245.769043,4245.384766,4238.205078,4250.128418,4228.974121,4205.256348,4246.153809,3
1669513512.962735,51.0,4249.743652,4243.717773,4249.743652,4241.025879,4265.128418,4266.666504,4265.0,4249.615234,4240.641113,4236.538574,4247.94873,4232.179688,4207.05127,4248.077148,3
1669513512.966636,52.0,4248.589844,4241.794922,4251.922852,4245.641113,4266.153809,4270.641113,4267.563965,4255.256348,4241.410156,4237.94873,4244.871582,4235.769043,4210.384766,4250.128418,3
1669513512.970538,53.0,4246.410156,4241.410156,4251.538574,4248.077148,4264.615234,4273.461426,4265.897461,4258.846191,4247.436035,4241.153809,4241.410156,4236.666504,4212.436035,4250.641113,3
1669513512.974439,54.0,4243.974121,4242.05127,4248.717773,4246.538574,4261.538574,4274.102539,4262.692383,4257.94873,4255.769043,4244.102539,4239.102539,4234.230957,4211.922852,4248.846191,3
1669513512.97834,55.0,4242.94873,4242.563965,4245.897461,4242.307617,4259.230957,4273.846191,4260.641113,4254.230957,4262.05127,4245.512695,4240.128418,4230.897461,4209.487305,4246.025879,3
1669513512.982242,56.0,4245.0,4242.94873,4245.897461,4239.487305,4259.871582,4273.974121,4261.282227,4251.922852,4263.333496,4245.641113,4245.512695,4230.0,4208.077148,4244.358887,3
1669513512.986143,57.0,4249.743652,4243.846191,4250.256348,4240.897461,4263.846191,4275.128418,4263.333496,4253.846191,4260.0,4245.897461,4253.717773,4232.692383,4209.743652,4245.256348,3
1669513512.990044,58.0,4255.256348,4246.025879,4257.563965,4245.512695,4269.615234,4276.922852,4265.128418,4258.974121,4255.0,4247.179688,4260.769043,4236.538574,4213.461426,4247.436035,3
1669513512.993946,59.0,4259.615234,4248.589844,4263.846191,4249.615234,4274.230957,4278.589844,4265.512695,4263.077148,4251.282227,4249.358887,4262.94873,4238.333496,4215.641113,4248.717773,3
1669513512.997847,60.0,4261.282227,4248.974121,4265.769043,4250.641113,4275.897461,4279.487305,4264.487305,4262.820313,4248.846191,4250.512695,4259.230957,4236.025879,4213.077148,4248.077148,3
1669513513.001749,61.0,4260.384766,4245.769043,4262.436035,4248.974121,4274.102539,4279.230957,4262.94873,4258.077148,4247.05127,4248.974121,4251.922852,4230.512695,4206.538574,4246.153809,3
1669513513.00565,62.0,4257.94873,4239.615234,4256.025879,4247.307617,4269.871582,4277.692383,4261.794922,4251.666504,4245.256348,4245.0,4244.871582,4224.230957,4200.256348,4244.102539,3
1669513513.009551,63.0,4255.384766,4234.102539,4250.384766,4247.436035,4265.384766,4275.256348,4261.282227,4246.666504,4244.871582,4240.897461,4241.538574,4220.512695,4198.846191,4242.820313,3
1669513513.013453,64.0,4253.461426,4232.692383,4247.94873,4248.717773,4262.307617,4272.436035,4261.153809,4244.871582,4247.179688,4239.487305,4242.179688,4221.538574,4203.205078,4242.94873,3
1669513513.017354,65.0,4251.922852,4236.025879,4248.333496,4249.102539,4261.282227,4269.102539,4260.897461,4245.641113,4251.922852,4241.282227,4244.615234,4227.179688,4210.384766,4243.974121,3
1669513513.021256,66.0,4250.384766,4242.307617,4249.487305,4247.563965,4261.410156,4265.512695,4260.256348,4247.307617,4257.436035,4244.615234,4247.179688,4234.871582,4216.410156,4245.512695,3
1669513513.025157,67.0,4249.102539,4247.94873,4249.743652,4245.256348,4261.410156,4262.307617,4259.615234,4248.717773,4260.641113,4247.179688,4249.743652,4241.410156,4219.102539,4247.307617,3
1669513513.029058,68.0,4248.461426,4250.769043,4248.974121,4244.487305,4260.769043,4260.769043,4259.102539,4249.871582,4259.487305,4247.94873,4253.205078,4244.871582,4219.230957,4249.230957,3
1669513513.03296,69.0,4248.846191,4250.769043,4248.205078,4246.153809,4260.128418,4261.282227,4258.717773,4251.282227,4254.615234,4247.436035,4257.820313,4245.256348,4218.717773,4250.256348,3
1669513513.036861,70.0,4249.487305,4249.230957,4248.461426,4248.717773,4259.615234,4263.077148,4258.205078,4252.692383,4250.128418,4247.179688,4262.563965,4244.102539,4218.205078,4249.487305,3
1669513513.040763,71.0,4249.358887,4247.436035,4249.102539,4249.487305,4259.358887,4264.358887,4257.563965,4253.333496,4250.256348,4247.820313,4265.128418,4242.820313,4217.05127,4247.179688,3
1669513513.044664,72.0,4247.820313,4245.641113,4249.230957,4246.538574,4258.717773,4263.846191,4257.436035,4252.436035,4255.897461,4249.871582,4264.102539,4242.563965,4214.615234,4245.128418,3
1669513513.048565,73.0,4245.769043,4244.358887,4248.077148,4240.769043,4257.820313,4262.307617,4257.820313,4250.897461,4263.974121,4253.077148,4260.512695,4243.461426,4211.922852,4245.897461,3
1669513513.052467,74.0,4244.743652,4244.230957,4246.666504,4235.128418,4257.563965,4261.538574,4258.717773,4249.871582,4269.102539,4256.794922,4257.436035,4244.615234,4211.025879,4250.256348,3
1669513513.056368,75.0,4245.897461,4246.025879,4245.897461,4233.461426,4258.846191,4262.05127,4259.615234,4250.128418,4268.205078,4259.871582,4257.94873,4245.769043,4213.461426,4256.794922,3
1669513513.060269,76.0,4248.717773,4249.871582,4246.538574,4237.307617,4261.282227,4263.589844,4261.025879,4250.769043,4263.077148,4261.282227,4262.692383,4247.05127,4218.589844,4262.820313,3
1669513513.064171,77.0,4251.538574,4253.974121,4248.461426,4243.974121,4263.846191,4264.871582,4262.563965,4251.153809,4258.461426,4260.769043,4268.589844,4248.589844,4223.205078,4266.153809,3
1669513513.068072,78.0,4252.692383,4256.025879,4250.256348,4249.230957,4264.743652,4265.384766,4263.205078,4250.897461,4257.692383,4258.205078,4271.153809,4249.615234,4224.615234,4266.282227,3
1669513513.071973,79.0,4252.307617,4254.230957,4250.641113,4249.743652,4263.846191,4265.384766,4261.922852,4250.128418,4259.743652,4254.102539,4267.94873,4249.615234,4221.922852,4263.717773,3
1669513513.075875,80.0,4250.897461,4249.358887,4249.615234,4245.512695,4262.563965,4265.384766,4258.846191,4248.846191,4261.025879,4249.615234,4260.512695,4247.94873,4217.05127,4260.256348,3
1669513513.079776,81.0,4249.102539,4244.230957,4247.820313,4239.230957,4262.05127,4265.641113,4255.512695,4248.077148,4258.461426,4246.153809,4253.333496,4245.256348,4213.333496,4258.461426,3
1669513513.083678,82.0,4247.307617,4242.307617,4246.153809,4234.102539,4262.436035,4266.025879,4254.102539,4248.205078,4253.205078,4245.0,4250.384766,4242.692383,4212.692383,4259.743652,3
1669513513.087579,83.0,4245.769043,4244.487305,4245.0,4232.820313,4262.307617,4266.153809,4255.641113,4249.358887,4248.717773,4245.769043,4252.692383,4241.794922,4215.0,4262.692383,3
1669513513.09148,84.0,4245.128418,4249.102539,4244.615234,4235.641113,4261.025879,4265.641113,4259.102539,4250.897461,4247.563965,4247.436035,4257.692383,4243.461426,4218.461426,4264.358887,3
1669513513.095382,85.0,4246.153809,4253.846191,4245.512695,4240.897461,4259.230957,4264.487305,4262.692383,4252.05127,4248.974121,4248.974121,4262.05127,4246.922852,4220.769043,4262.820313,3
1669513513.099283,86.0,4248.974121,4257.05127,4248.077148,4245.769043,4258.461426,4263.717773,4264.615234,4251.794922,4250.641113,4249.743652,4264.102539,4249.743652,4221.153809,4258.846191,3
1669513513.103185,87.0,4252.179688,4258.333496,4250.769043,4247.94873,4259.743652,4263.589844,4263.974121,4249.487305,4250.641113,4249.743652,4264.102539,4249.743652,4219.743652,4255.128418,3
1669513513.107086,88.0,4252.820313,4257.436035,4251.410156,4245.897461,4261.538574,4263.974121,4261.410156,4245.897461,4248.974121,4249.358887,4263.077148,4246.282227,4217.307617,4253.333496,3
1669513513.110987,89.0,4249.230957,4254.358887,4248.333496,4240.384766,4261.025879,4264.102539,4258.333496,4243.077148,4247.436035,4248.461426,4261.794922,4240.769043,4214.615234,4253.205078,3
1669513513.114889,90.0,4241.794922,4249.615234,4242.307617,4233.589844,4256.794922,4263.333496,4256.282227,4243.333496,4248.461426,4247.436035,4259.615234,4235.641113,4212.563965,4253.077148,3
1669513513.11879,91.0,4234.615234,4244.102539,4236.153809,4228.974121,4250.512695,4262.307617,4256.538574,4248.461426,4253.589844,4246.794922,4256.282227,4232.563965,4211.794922,4251.666504,3
1669513513.122692,92.0,4231.794922,4239.743652,4233.077148,4228.333496,4246.153809,4261.666504,4258.589844,4257.05127,4261.153809,4246.794922,4251.794922,4231.794922,4212.94873,4249.230957,3
1669513513.126593,93.0,4235.512695,4238.974121,4234.358887,4231.153809,4246.410156,4262.563965,4261.153809,4265.256348,4267.563965,4247.692383,4248.589844,4233.205078,4215.256348,4247.436035,3
1669513513.130494,94.0,4243.461426,4242.307617,4238.974121,4234.743652,4251.153809,4265.256348,4262.692383,4268.974121,4269.358887,4248.717773,4248.846191,4235.512695,4217.307617,4246.922852,3
1669513513.134396,95.0,4250.897461,4247.94873,4243.974121,4236.922852,4256.666504,4269.230957,4262.820313,4265.769043,4265.384766,4248.974121,4252.307617,4236.538574,4217.307617,4247.820313,3
1669513513.138297,96.0,4253.461426,4251.538574,4246.794922,4237.05127,4259.102539,4271.794922,4262.05127,4257.436035,4258.077148,4247.94873,4255.641113,4234.743652,4215.0,4248.205078,3
1669513513.142198,97.0,4249.871582,4250.0,4246.410156,4235.384766,4256.794922,4270.769043,4261.025879,4248.333496,4251.282227,4246.282227,4255.128418,4230.0,4211.410156,4246.538574,3
1669513513.1461,98.0,4243.205078,4243.205078,4243.974121,4233.205078,4251.666504,4266.025879,4259.615234,4243.589844,4248.077148,4244.615234,4251.025879,4224.615234,4208.333496,4242.692383,3
1669513513.150001,99.0,4238.077148,4235.0,4241.538574,4231.666504,4247.179688,4259.487305,4257.820313,4244.615234,4248.846191,4243.974121,4247.05127,4222.563965,4207.436035,4239.102539,3
1669513513.153903,100.0,4237.692383,4231.282227,4240.256348,4231.538574,4245.641113,4253.974121,4255.256348,4249.102539,4250.769043,4245.0,4247.307617,4226.282227,4209.743652,4239.102539,3
1669513513.157804,101.0,4241.538574,4236.153809,4240.641113,4232.692383,4247.307617,4251.794922,4252.692383,4252.820313,4250.769043,4247.179688,4252.820313,4235.128418,4214.871582,4244.358887,3
1669513513.161705,102.0,4246.410156,4247.94873,4241.794922,4234.743652,4250.128418,4253.589844,4250.769043,4251.922852,4248.717773,4249.358887,4260.512695,4244.743652,4220.769043,4253.077148,3
1669513513.165607,103.0,4249.230957,4260.256348,4243.077148,4237.436035,4252.436035,4257.94873,4250.769043,4247.05127,4247.307617,4250.769043,4266.282227,4250.512695,4224.871582,4261.410156,3
1669513513.169508,104.0,4249.743652,4265.769043,4244.230957,4240.897461,4254.230957,4263.333496,4253.589844,4241.922852,4250.0,4251.794922,4267.94873,4250.512695,4225.769043,4265.897461,3
1669513513.17341,105.0,4249.487305,4262.820313,4245.769043,4245.512695,4256.410156,4267.820313,4258.846191,4241.666504,4257.436035,4253.077148,4266.153809,4246.282227,4223.974121,4266.025879,3
1669513513.177311,106.0,4250.384766,4255.384766,4248.205078,4250.897461,4259.358887,4270.769043,4264.102539,4247.94873,4265.897461,4254.743652,4263.205078,4241.282227,4221.153809,4262.820313,3
1669513513.181212,107.0,4252.05127,4250.0,4250.641113,4255.512695,4262.563965,4271.794922,4266.922852,4257.820313,4270.256348,4255.641113,4261.282227,4237.820313,4219.358887,4257.94873,3
1669513513.185114,108.0,4252.94873,4250.256348,4252.05127,4257.307617,4264.743652,4271.025879,4266.282227,4265.512695,4267.820313,4255.0,4261.025879,4236.282227,4219.358887,4252.692383,3
1669513513.189015,109.0,4252.05127,4254.743652,4252.179688,4255.897461,4264.743652,4268.589844,4263.333496,4267.05127,4260.897461,4253.077148,4261.794922,4235.641113,4221.410156,4248.205078,3
1669513513.192917,110.0,4249.615234,4258.974121,4251.282227,4252.563965,4262.436035,4265.256348,4260.256348,4262.563965,4255.128418,4251.025879,4262.05127,4234.871582,4224.871582,4245.641113,3
1669513513.196818,111.0,4247.436035,4258.846191,4249.743652,4250.128418,4258.333496,4262.05127,4258.846191,4255.128418,4254.743652,4250.0,4260.897461,4234.230957,4228.461426,4245.769043,3
1669513513.200719,112.0,4247.05127,4254.615234,4248.333496,4249.871582,4253.974121,4260.0,4259.102539,4248.717773,4259.230957,4249.615234,4258.205078,4234.743652,4230.512695,4248.333496,3
1669513513.204621,113.0,4249.358887,4249.615234,4247.307617,4251.666504,4250.641113,4260.128418,4260.384766,4246.410156,4263.461426,4248.461426,4254.615234,4236.025879,4230.0,4251.922852,3
1669513513.208522,114.0,4253.205078,4247.692383,4246.794922,4253.717773,4249.102539,4262.05127,4262.179688,4248.333496,4262.436035,4245.384766,4250.769043,4236.025879,4226.922852,4253.461426,3
1669513513.212423,115.0,4256.025879,4249.487305,4246.410156,4254.358887,4249.102539,4263.974121,4263.589844,4251.794922,4254.358887,4240.128418,4246.794922,4232.94873,4222.05127,4250.512695,3
1669513513.216325,116.0,4256.153809,4252.307617,4246.025879,4252.820313,4249.743652,4263.974121,4263.846191,4253.205078,4242.307617,4233.846191,4242.94873,4227.179688,4216.922852,4243.205078,3
1669513513.220226,117.0,4253.205078,4253.333496,4245.897461,4249.487305,4250.641113,4262.307617,4262.820313,4251.666504,4232.05127,4228.589844,4240.256348,4221.282227,4213.205078,4234.743652,3
1669513513.224128,118.0,4249.615234,4251.666504,4245.897461,4246.282227,4251.922852,4261.538574,4261.153809,4249.102539,4228.205078,4226.282227,4239.615234,4218.846191,4212.179688,4230.0,3
1669513513.228029,119.0,4247.94873,4248.461426,4246.538574,4245.512695,4253.717773,4263.717773,4260.256348,4248.461426,4231.153809,4227.563965,4241.025879,4221.025879,4213.717773,4232.179688,3
1669513513.23193,120.0,4249.871582,4245.512695,4247.436035,4248.077148,4256.025879,4268.077148,4261.410156,4250.769043,4238.589844,4231.025879,4242.94873,4226.153809,4216.666504,4239.743652,3
1669513513.235832,121.0,4254.615234,4243.974121,4248.333496,4252.820313,4258.205078,4272.05127,4264.230957,4254.230957,4246.666504,4234.230957,4243.205078,4230.897461,4218.589844,4248.077148,3
1669513513.239733,122.0,4260.512695,4244.102539,4248.974121,4257.94873,4260.128418,4273.205078,4266.153809,4256.794922,4252.179688,4235.512695,4241.410156,4232.179688,4218.589844,4252.05127,3
1669513513.243635,123.0,4265.384766,4245.256348,4249.358887,4261.666504,4261.282227,4271.025879,4265.384766,4256.282227,4252.94873,4234.743652,4239.358887,4230.384766,4217.307617,4250.384766,3
1669513513.247536,124.0,4267.436035,4247.179688,4249.743652,4263.974121,4261.794922,4266.922852,4262.436035,4252.820313,4248.846191,4233.333496,4239.230957,4227.692383,4216.282227,4245.769043,3
1669513513.251437,125.0,4265.512695,4248.846191,4250.0,4265.128418,4261.282227,4262.94873,4259.743652,4248.205078,4243.205078,4232.94873,4241.410156,4227.179688,4216.538574,4242.307617,3
1669513513.255339,126.0,4260.128418,4249.871582,4250.256348,4265.256348,4258.974121,4261.153809,4259.615234,4245.128418,4240.512695,4234.615234,4244.743652,4229.230957,4218.077148,4242.692383,3
1669513513.25924,127.0,4252.94873,4250.384766,4250.0,4264.102539,4255.256348,4261.666504,4261.922852,4245.256348,4243.077148,4238.461426,4247.563965,4232.692383,4219.615234,4246.410156,3
1669513513.263142,128.0,4247.307617,4251.538574,4249.230957,4261.538574,4251.410156,4263.077148,4264.615234,4248.846191,4249.102539,4242.94873,4248.717773,4235.128418,4220.128418,4251.025879,3
1669513513.267043,129.0,4246.025879,4253.974121,4248.589844,4258.205078,4249.102539,4263.846191,4265.256348,4254.358887,4254.615234,4246.153809,4249.102539,4234.871582,4219.102539,4253.333496,3
1669513513.270944,130.0,4249.871582,4257.307617,4248.333496,4254.743652,4249.487305,4262.94873,4262.820313,4259.230957,4256.410156,4246.922852,4250.384766,4232.179688,4216.922852,4252.05127,3
1669513513.274846,131.0,4256.410156,4259.871582,4248.461426,4252.692383,4252.05127,4261.282227,4258.974121,4261.794922,4255.0,4246.410156,4253.974121,4228.974121,4215.384766,4248.205078,3
1669513513.278747,132.0,4261.410156,4260.256348,4248.333496,4252.692383,4255.256348,4260.641113,4256.666504,4262.05127,4253.077148,4247.179688,4259.615234,4227.94873,4216.153809,4245.256348,3
1669513513.282648,133.0,4261.153809,4259.358887,4247.692383,4255.384766,4257.692383,4261.794922,4258.589844,4261.666504,4253.974121,4250.769043,4264.871582,4231.153809,4219.871582,4246.410156,3
1669513513.28655,134.0,4256.410156,4258.589844,4246.282227,4259.230957,4258.589844,4263.717773,4264.358887,4262.692383,4258.846191,4256.410156,4266.666504,4237.820313,4225.641113,4252.179688,3
1669513513.290451,135.0,4251.025879,4259.358887,4244.743652,4262.563965,4258.461426,4264.230957,4270.769043,4265.128418,4266.538574,4261.538574,4264.871582,4245.512695,4231.153809,4260.0,3
1669513513.294353,136.0,4249.743652,4261.282227,4244.487305,4264.358887,4258.589844,4262.692383,4274.230957,4267.820313,4273.589844,4264.358887,4261.794922,4250.641113,4234.743652,4265.384766,3
1669513513.298254,137.0,4254.743652,4263.461426,4247.179688,4265.384766,4260.128418,4261.666504,4273.461426,4269.487305,4277.179688,4265.128418,4261.153809,4251.153809,4236.538574,4265.0,3
1669513513.302155,138.0,4263.589844,4265.128418,4253.333496,4266.666504,4262.563965,4263.589844,4269.743652,4269.102539,4276.922852,4265.256348,4264.871582,4248.333496,4237.692383,4259.487305,3
1669513513.306057,139.0,4271.025879,4266.153809,4261.153809,4268.333496,4264.871582,4268.589844,4266.025879,4266.153809,4275.128418,4265.769043,4271.666504,4245.256348,4239.230957,4253.333496,3
1669513513.309958,140.0,4272.692383,4266.922852,4267.179688,4268.974121,4265.641113,4273.974121,4263.846191,4261.794922,4274.487305,4266.025879,4278.333496,4245.384766,4241.666504,4251.666504,3
1669513513.31386,141.0,4268.333496,4269.230957,4267.94873,4267.820313,4264.743652,4276.538574,4263.717773,4258.077148,4276.025879,4265.641113,4282.179688,4249.743652,4244.358887,4256.666504,3
1669513513.317761,142.0,4262.436035,4274.615234,4262.820313,4265.384766,4263.077148,4275.0,4264.615234,4257.307617,4278.333496,4265.256348,4282.692383,4256.538574,4247.179688,4266.282227,3
1669513513.321662,143.0,4260.0,4282.307617,4254.743652,4264.358887,4261.410156,4270.256348,4266.025879,4259.615234,4279.358887,4266.410156,4281.410156,4263.205078,4249.358887,4276.794922,3
1669513513.325564,144.0,4262.179688,4290.0,4248.461426,4266.410156,4260.769043,4265.256348,4267.692383,4263.333496,4277.94873,4269.743652,4280.128418,4267.179688,4250.512695,4284.230957,3
1669513513.329465,145.0,4266.410156,4294.358887,4247.692383,4271.282227,4261.153809,4262.436035,4269.358887,4266.153809,4275.0,4274.358887,4280.0,4267.692383,4251.025879,4287.179688,3
1669513513.333367,146.0,4269.615234,4294.230957,4252.436035,4276.410156,4262.307617,4262.436035,4270.256348,4267.05127,4272.436035,4278.077148,4280.897461,4265.769043,4251.538574,4286.794922,3
1669513513.337268,147.0,4271.025879,4290.256348,4260.0,4278.846191,4263.717773,4263.974121,4270.128418,4265.769043,4272.436035,4279.358887,4281.922852,4263.846191,4252.179688,4285.256348,3
1669513513.341169,148.0,4271.666504,4285.128418,4265.512695,4278.589844,4264.871582,4265.0,4269.102539,4263.717773,4275.897461,4278.205078,4282.436035,4263.846191,4253.205078,4284.230957,3
1669513513.34507,149.0,4272.563965,4281.538574,4266.410156,4277.436035,4264.871582,4264.230957,4267.692383,4263.333496,4281.025879,4275.641113,4282.436035,4265.256348,4254.487305,4283.205078,3
1669513513.348972,150.0,4273.589844,4280.769043,4262.692383,4277.307617,4263.846191,4262.563965,4266.410156,4265.641113,4284.743652,4273.333496,4282.563965,4266.538574,4255.512695,4281.153809,3
1669513513.352873,151.0,4272.94873,4282.179688,4257.692383,4278.205078,4262.94873,4261.794922,4265.769043,4269.102539,4283.717773,4272.307617,4282.94873,4266.025879,4255.128418,4277.94873,3
1669513513.356775,152.0,4270.256348,4283.205078,4255.512695,4278.461426,4262.94873,4263.077148,4265.769043,4270.128418,4277.05127,4271.410156,4282.692383,4262.94873,4252.436035,4274.871582,3
1669513513.360676,153.0,4266.282227,4281.922852,4257.436035,4276.282227,4263.717773,4265.512695,4265.897461,4266.282227,4268.077148,4268.589844,4279.743652,4257.94873,4246.922852,4272.436035,3
1669513513.364577,154.0,4263.333496,4277.05127,4261.410156,4271.666504,4263.974121,4266.922852,4265.512695,4258.333496,4261.282227,4262.94873,4273.846191,4252.307617,4240.128418,4269.871582,3
1669513513.368479,155.0,4262.179688,4269.615234,4263.077148,4266.282227,4263.077148,4266.153809,4264.230957,4250.641113,4259.487305,4255.897461,4266.666504,4247.436035,4233.846191,4266.538574,3
1669513513.37238,156.0,4261.922852,4262.307617,4259.487305,4262.307617,4261.153809,4263.846191,4262.692383,4247.692383,4261.794922,4251.025879,4261.538574,4244.743652,4229.487305,4262.563965,3
1669513513.376282,157.0,4260.641113,4258.205078,4252.563965,4260.897461,4259.358887,4261.666504,4262.307617,4251.410156,4265.128418,4250.512695,4260.128418,4244.230957,4228.205078,4259.487305,3
1669513513.380183,158.0,4257.05127,4258.205078,4247.307617,4261.538574,4258.461426,4260.256348,4263.589844,4259.358887,4266.538574,4253.717773,4262.307617,4245.641113,4229.230957,4258.717773,3
1669513513.384084,159.0,4252.179688,4261.794922,4247.436035,4262.563965,4258.333496,4259.487305,4265.641113,4267.05127,4265.0,4257.05127,4265.128418,4247.692383,4230.769043,4260.0,3
1669513513.387986,160.0,4248.461426,4266.922852,4252.05127,4262.563965,4258.589844,4258.846191,4266.922852,4270.256348,4261.794922,4257.179688,4265.897461,4248.846191,4231.153809,4261.666504,3
1669513513.391887,161.0,4248.846191,4271.794922,4257.179688,4261.538574,4259.230957,4258.333496,4266.538574,4267.820313,4259.102539,4253.205078,4263.717773,4248.846191,4230.128418,4262.05127,3
1669513513.395789,162.0,4253.205078,4275.641113,4258.461426,4260.384766,4259.871582,4258.333496,4265.128418,4262.436035,4257.820313,4247.94873,4260.512695,4248.205078,4229.743652,4261.538574,3
1669513513.39969,163.0,4259.358887,4277.692383,4255.512695,4260.128418,4260.641113,4258.846191,4264.102539,4258.589844,4258.205078,4245.897461,4259.871582,4248.589844,4231.922852,4262.307617,3
1669513513.403591,164.0,4263.846191,4278.589844,4251.794922,4261.666504,4261.538574,4259.871582,4264.102539,4259.230957,4260.0,4249.358887,4263.717773,4250.897461,4236.666504,4265.897461,3
1669513513.407493,165.0,4265.769043,4278.333496,4251.538574,4264.230957,4262.436035,4261.410156,4264.871582,4263.589844,4263.333496,4256.794922,4270.384766,4254.871582,4241.794922,4271.410156,3
1669513513.411394,166.0,4265.769043,4277.307617,4256.153809,4266.538574,4263.333496,4262.94873,4265.512695,4267.820313,4267.820313,4264.102539,4275.897461,4258.461426,4244.230957,4276.025879,3
1669513513.415295,167.0,4264.743652,4275.512695,4262.563965,4267.563965,4263.589844,4263.333496,4265.384766,4267.436035,4271.538574,4266.794922,4276.922852,4259.102539,4242.820313,4276.794922,3
1669513513.419197,168.0,4263.205078,4274.102539,4266.410156,4266.922852,4263.333496,4262.563965,4264.358887,4261.410156,4272.179688,4263.974121,4273.461426,4256.410156,4239.743652,4273.077148,3
1669513513.423098,169.0,4261.282227,4274.615234,4265.641113,4265.128418,4263.077148,4261.282227,4263.333496,4253.333496,4269.487305,4258.846191,4268.717773,4251.666504,4238.461426,4267.436035,3
1669513513.427,170.0,4259.615234,4277.436035,4262.05127,4263.589844,4263.205078,4261.153809,4263.077148,4248.717773,4266.538574,4256.794922,4266.922852,4248.077148,4241.025879,4264.102539,3
1669513513.430901,171.0,4259.358887,4280.897461,4259.743652,4263.461426,4263.589844,4262.563965,4264.230957,4250.897461,4266.410156,4260.0,4269.743652,4248.333496,4245.897461,4265.769043,3
1669513513.434802,172.0,4260.641113,4282.307617,4260.769043,4264.615234,4263.589844,4264.230957,4266.025879,4259.358887,4269.743652,4266.282227,4275.641113,4252.563965,4250.0,4271.666504,3
1669513513.438704,173.0,4262.436035,4280.256348,4263.974121,4265.256348,4262.692383,4264.358887,4267.307617,4268.974121,4273.589844,4270.384766,4281.153809,4258.461426,4250.384766,4277.692383,3
1669513513.442605,174.0,4263.205078,4275.256348,4265.769043,4262.94873,4260.769043,4262.05127,4267.436035,4273.974121,4274.230957,4269.230957,4282.94873,4262.436035,4246.794922,4280.384766,3
1669513513.446507,175.0,4262.307617,4270.512695,4264.487305,4257.692383,4258.461426,4258.846191,4266.538574,4271.922852,4270.897461,4264.358887,4280.769043,4263.205078,4241.410156,4278.974121,3
1669513513.450408,176.0,4261.025879,4269.743652,4261.410156,4252.436035,4256.922852,4257.436035,4265.641113,4265.0,4266.794922,4259.743652,4277.05127,4261.794922,4238.077148,4276.410156,3
1669513513.454309,177.0,4261.282227,4275.256348,4259.615234,4251.153809,4256.794922,4258.974121,4265.384766,4259.102539,4266.153809,4259.230957,4275.0,4261.153809,4238.589844,4276.282227,3
1669513513.458211,178.0,4262.692383,4285.256348,4260.384766,4254.615234,4258.077148,4262.179688,4266.025879,4258.205078,4270.512695,4263.717773,4276.538574,4262.820313,4242.179688,4279.487305,3
1669513513.462112,179.0,4263.333496,4294.615234,4262.307617,4260.0,4259.871582,4264.487305,4266.666504,4262.179688,4278.077148,4271.025879,4280.384766,4266.025879,4246.282227,4283.717773,3
1669513513.466014,180.0,4262.05127,4298.589844,4263.205078,4262.820313,4261.538574,4264.743652,4266.922852,4266.666504,4284.743652,4277.563965,4283.333496,4268.717773,4248.846191,4285.512695,3
1669513513.469915,181.0,4259.487305,4295.641113,4262.820313,4261.666504,4262.692383,4263.589844,4266.666504,4267.94873,4287.563965,4280.512695,4283.974121,4269.358887,4250.0,4283.333496,3
1669513513.473816,182.0,4257.05127,4288.333496,4261.794922,4258.333496,4262.692383,4261.922852,4266.153809,4265.641113,4285.641113,4279.230957,4282.820313,4268.589844,4250.641113,4278.461426,3
1669513513.477718,183.0,4256.410156,4281.538574,4261.153809,4255.769043,4261.666504,4260.512695,4265.897461,4261.922852,4281.282227,4275.384766,4281.922852,4268.333496,4250.897461,4274.615234,3
1669513513.481619,184.0,4257.563965,4278.974121,4261.153809,4255.128418,4260.0,4259.358887,4265.897461,4259.358887,4278.205078,4270.897461,4282.05127,4269.487305,4250.128418,4274.487305,3
1669513513.48552,185.0,4259.871582,4282.179688,4261.538574,4255.641113,4258.846191,4258.461426,4266.025879,4258.589844,4278.333496,4267.179688,4282.179688,4272.179688,4248.461426,4279.102539,3
1669513513.489422,186.0,4261.794922,4289.358887,4262.179688,4256.025879,4258.974121,4257.563965,4266.025879,4259.615234,4281.153809,4265.256348,4281.794922,4275.256348,4247.307617,4286.538574,3
1669513513.493323,187.0,4262.307617,4296.153809,4262.436035,4256.282227,4259.743652,4256.794922,4265.897461,4261.794922,4283.974121,4265.769043,4281.282227,4277.307617,4247.94873,4292.820313,3
1669513513.497225,188.0,4261.410156,4297.820313,4262.179688,4256.666504,4259.871582,4255.897461,4265.769043,4264.743652,4284.615234,4267.692383,4281.538574,4277.05127,4250.256348,4294.487305,3
1669513513.501126,189.0,4260.0,4291.666504,4261.153809,4257.563965,4258.461426,4254.487305,4265.769043,4267.307617,4282.05127,4269.358887,4282.692383,4273.717773,4252.307617,4289.615234,3
1669513513.505027,190.0,4258.205078,4279.487305,4259.230957,4258.333496,4255.512695,4252.05127,4266.025879,4268.461426,4276.794922,4268.717773,4282.94873,4267.179688,4251.282227,4279.615234,3
1669513513.508929,191.0,4255.384766,4267.307617,4256.153809,4257.820313,4251.922852,4248.846191,4265.641113,4268.205078,4270.0,4264.487305,4280.769043,4258.333496,4246.282227,4267.692383,3
1669513513.51283,192.0,4251.025879,4261.538574,4252.179688,4255.512695,4249.102539,4246.282227,4264.102539,4267.05127,4264.230957,4257.820313,4275.641113,4249.487305,4238.846191,4257.94873,3
1669513513.516732,193.0,4246.153809,4264.102539,4248.205078,4252.436035,4247.563965,4246.025879,4261.666504,4265.256348,4261.538574,4251.282227,4268.846191,4243.974121,4232.563965,4254.102539,3
1669513513.520633,194.0,4243.333496,4272.563965,4246.282227,4251.153809,4247.436035,4248.205078,4259.358887,4262.436035,4262.436035,4247.820313,4263.205078,4243.589844,4230.0,4256.922852,3
1669513513.524534,195.0,4244.487305,4281.410156,4247.179688,4253.589844,4248.589844,4251.025879,4258.205078,4258.205078,4264.743652,4247.94873,4260.512695,4248.333496,4231.153809,4264.358887,3
1669513513.528436,196.0,4249.615234,4286.153809,4250.769043,4259.230957,4250.641113,4252.436035,4258.717773,4253.333496,4265.0,4249.743652,4261.025879,4255.384766,4233.846191,4271.922852,3
1669513513.532337,197.0,4256.282227,4285.512695,4255.256348,4265.0,4253.717773,4251.025879,4260.512695,4249.487305,4261.922852,4250.897461,4263.717773,4260.384766,4236.153809,4276.153809,3
1669513513.536239,198.0,4261.282227,4280.897461,4258.589844,4267.563965,4257.05127,4247.692383,4262.436035,4248.974121,4258.077148,4250.512695,4266.666504,4260.512695,4237.05127,4275.512695,3
1669513513.54014,199.0,4263.077148,4275.641113,4259.487305,4266.025879,4259.358887,4245.0,4263.461426,4252.94873,4257.820313,4250.0,4268.717773,4255.769043,4236.794922,4271.025879,3
1669513513.544041,200.0,4262.05127,4272.563965,4258.846191,4262.307617,4259.358887,4244.230957,4263.077148,4259.871582,4263.589844,4251.025879,4269.487305,4249.358887,4236.153809,4265.0,3
1669513513.547943,201.0,4259.743652,4273.333496,4257.94873,4259.615234,4257.94873,4245.384766,4262.307617,4265.897461,4272.436035,4254.102539,4268.974121,4245.0,4236.025879,4260.128418,3
1669513513.551844,202.0,4257.692383,4276.666504,4258.333496,4259.615234,4256.666504,4246.922852,4262.179688,4267.820313,4277.94873,4257.563965,4266.922852,4244.487305,4236.922852,4258.461426,3
1669513513.555745,203.0,4257.820313,4280.0,4259.615234,4262.05127,4257.436035,4247.94873,4263.205078,4266.153809,4276.025879,4259.358887,4263.846191,4246.794922,4238.717773,4260.256348,3
1669513513.559647,204.0,4260.384766,4281.025879,4260.769043,4264.743652,4260.0,4248.461426,4264.871582,4264.102539,4268.974121,4258.717773,4261.410156,4249.743652,4240.769043,4264.102539,3
1669513513.563548,205.0,4263.974121,4279.230957,4260.256348,4266.025879,4262.05127,4248.333496,4265.897461,4264.358887,4263.077148,4257.05127,4261.794922,4251.025879,4242.563965,4266.922852,3
1669513513.56745,206.0,4265.256348,4274.871582,4257.05127,4264.487305,4261.025879,4246.794922,4265.128418,4266.153809,4262.179688,4255.769043,4265.512695,4249.743652,4243.333496,4266.025879,3
1669513513.571351,207.0,4262.307617,4268.974121,4252.179688,4259.871582,4256.282227,4242.94873,4262.692383,4265.897461,4265.128418,4254.871582,4270.384766,4246.282227,4242.05127,4261.025879,3
1669513513.575252,208.0,4256.153809,4262.94873,4247.563965,4253.461426,4250.0,4237.563965,4259.487305,4261.153809,4267.179688,4252.563965,4271.922852,4242.05127,4237.563965,4254.358887,3
1669513513.579154,209.0,4250.0,4259.102539,4245.769043,4247.692383,4245.769043,4232.692383,4256.922852,4253.589844,4265.128418,4247.563965,4267.05127,4238.589844,4231.153809,4248.974121,3
1669513513.583055,210.0,4246.538574,4258.846191,4247.05127,4245.128418,4245.641113,4230.512695,4255.769043,4248.333496,4259.102539,4240.641113,4257.436035,4236.282227,4224.871582,4246.410156,3
1669513513.586957,211.0,4246.410156,4261.282227,4249.871582,4246.666504,4248.461426,4231.538574,4256.282227,4248.974121,4252.179688,4233.974121,4247.692383,4234.358887,4221.153809,4246.153809,3
1669513513.590858,212.0,4248.333496,4263.461426,4251.922852,4250.512695,4251.410156,4233.846191,4258.333496,4253.974121,4246.666504,4230.256348,4242.05127,4231.538574,4220.256348,4246.794922,3
1669513513.594759,213.0,4250.256348,4262.820313,4252.05127,4253.589844,4252.05127,4235.0,4260.512695,4258.333496,4243.333496,4230.256348,4242.307617,4227.820313,4220.641113,4247.05127,3
1669513513.598661,214.0,4250.384766,4258.589844,4250.384766,4253.589844,4250.512695,4234.358887,4261.666504,4257.820313,4241.153809,4232.692383,4246.410156,4224.871582,4220.384766,4246.666504,3
1669513513.602562,215.0,4248.333496,4252.563965,4248.333496,4250.512695,4248.077148,4233.205078,4260.512695,4252.692383,4239.102539,4234.615234,4250.769043,4223.589844,4218.461426,4245.897461,3
1669513513.606464,216.0,4245.384766,4247.692383,4247.179688,4246.282227,4246.282227,4233.974121,4258.205078,4247.179688,4238.077148,4234.230957,4252.05127,4224.358887,4215.512695,4245.641113,3
1669513513.610365,217.0,4243.974121,4246.538574,4247.307617,4243.717773,4246.025879,4236.922852,4256.666504,4245.897461,4240.0,4232.563965,4249.615234,4226.025879,4213.589844,4246.666504,3
1669513513.614266,218.0,4245.512695,4249.871582,4248.205078,4245.0,4246.922852,4240.384766,4257.05127,4250.0,4245.384766,4231.666504,4245.384766,4226.922852,4214.230957,4248.205078,3
1669513513.618168,219.0,4248.717773,4255.769043,4248.974121,4250.128418,4248.205078,4241.538574,4258.846191,4256.282227,4252.94873,4232.94873,4242.820313,4226.410156,4217.05127,4248.974121,3
1669513513.622069,220.0,4251.282227,4260.897461,4249.615234,4256.922852,4249.230957,4239.230957,4260.512695,4260.256348,4259.487305,4235.897461,4243.846191,4224.871582,4221.025879,4248.461426,3
1669513513.62597,221.0,4251.410156,4263.077148,4250.512695,4262.692383,4250.256348,4234.743652,4260.641113,4260.769043,4262.307617,4238.846191,4248.205078,4223.717773,4224.743652,4247.563965,3
1669513513.629872,222.0,4249.743652,4262.692383,4251.922852,4264.743652,4251.282227,4231.025879,4259.743652,4259.871582,4261.410156,4239.871582,4253.077148,4224.358887,4227.05127,4247.436035,3
1669513513.633773,223.0,4248.333496,4261.538574,4253.205078,4262.307617,4251.922852,4230.128418,4259.230957,4260.769043,4258.461426,4238.077148,4255.256348,4227.179688,4226.922852,4248.846191,3
1669513513.637674,224.0,4247.94873,4261.153809,4253.717773,4256.666504,4251.922852,4231.538574,4260.128418,4262.820313,4255.512695,4235.0,4253.589844,4230.769043,4224.871582,4250.769043,3
1669513513.641576,225.0,4248.333496,4260.641113,4253.077148,4250.641113,4251.153809,4233.333496,4262.179688,4263.077148,4253.077148,4232.820313,4249.743652,4232.94873,4222.179688,4251.922852,3
1669513513.645477,226.0,4248.717773,4258.333496,4251.666504,4246.666504,4250.384766,4233.846191,4264.230957,4259.871582,4250.897461,4233.205078,4247.179688,4232.820313,4219.871582,4251.794922,3
1669513513.649379,227.0,4248.589844,4254.102539,4249.743652,4245.641113,4249.615234,4232.820313,4264.615234,4255.512695,4249.615234,4235.512695,4247.820313,4231.410156,4218.846191,4250.512695,3
1669513513.65328,228.0,4247.692383,4249.743652,4247.563965,4246.538574,4248.717773,4231.538574,4263.205078,4253.974121,4250.256348,4237.05127,4250.128418,4230.256348,4218.717773,4248.333496,3
1669513513.657181,229.0,4246.025879,4248.205078,4245.641113,4248.205078,4247.563965,4231.410156,4260.897461,4256.922852,4252.179688,4236.410156,4251.666504,4229.871582,4219.358887,4246.153809,3
1669513513.661083,230.0,4244.871582,4251.153809,4245.0,4249.102539,4247.05127,4232.05127,4259.102539,4261.794922,4252.436035,4234.102539,4250.769043,4230.0,4220.897461,4245.897461,3
1669513513.664984,231.0,4245.512695,4257.563965,4246.410156,4248.846191,4248.717773,4232.179688,4259.102539,4264.230957,4249.487305,4232.692383,4248.333496,4230.769043,4223.846191,4248.589844,3
1669513513.668886,232.0,4248.974121,4264.230957,4249.615234,4248.077148,4252.307617,4230.384766,4260.384766,4261.666504,4246.025879,4234.487305,4247.563965,4232.179688,4228.077148,4253.333496,3
1669513513.672787,233.0,4254.102539,4267.436035,4253.717773,4248.205078,4256.282227,4226.282227,4262.05127,4254.871582,4246.666504,4239.615234,4251.025879,4233.846191,4232.307617,4257.820313,3
1669513513.676688,234.0,4258.589844,4265.897461,4256.410156,4250.128418,4258.077148,4221.282227,4262.820313,4247.563965,4253.077148,4245.0,4257.563965,4234.615234,4234.230957,4259.487305,3
1669513513.68059,235.0,4260.512695,4260.641113,4256.282227,4253.205078,4256.794922,4217.179688,4262.307617,4243.717773,4260.641113,4246.410156,4262.05127,4233.077148,4232.692383,4257.692383,3
1669513513.684491,236.0,4259.487305,4254.615234,4253.717773,4255.512695,4253.717773,4215.384766,4260.641113,4244.358887,4262.307617,4242.436035,4259.487305,4228.974121,4227.820313,4253.461426,3
1669513513.688393,237.0,4256.282227,4250.384766,4250.256348,4255.769043,4250.641113,4216.153809,4258.717773,4247.436035,4254.102539,4235.769043,4250.128418,4223.205078,4221.794922,4248.461426,3
1669513513.692294,238.0,4252.179688,4248.589844,4247.820313,4254.102539,4248.846191,4217.94873,4257.307617,4249.871582,4238.846191,4230.256348,4239.487305,4217.436035,4216.794922,4244.358887,3
1669513513.696195,239.0,4248.077148,4247.692383,4247.179688,4250.641113,4247.820313,4218.589844,4257.179688,4250.256348,4224.358887,4227.692383,4233.333496,4213.205078,4213.589844,4241.922852,3
1669513513.700097,240.0,4244.487305,4246.025879,4247.179688,4245.769043,4246.153809,4216.794922,4258.589844,4249.230957,4218.589844,4227.692383,4233.333496,4211.538574,4211.922852,4241.153809,3
1669513513.703998,241.0,4241.794922,4243.974121,4246.410156,4240.769043,4243.461426,4214.102539,4261.025879,4248.333496,4224.358887,4228.846191,4237.820313,4213.461426,4211.410156,4241.666504,3
1669513513.707899,242.0,4240.512695,4243.077148,4244.871582,4237.436035,4240.897461,4212.820313,4262.820313,4248.461426,4238.205078,4230.641113,4243.333496,4219.102539,4212.179688,4243.333496,3
1669513513.711801,243.0,4241.538574,4245.641113,4243.846191,4237.05127,4240.384766,4213.846191,4262.563965,4248.974121,4253.205078,4233.717773,4248.333496,4226.794922,4214.743652,4245.897461,3
1669513513.715702,244.0,4244.871582,4251.794922,4244.615234,4239.487305,4242.436035,4215.256348,4260.384766,4249.230957,4262.179688,4238.077148,4252.94873,4233.077148,4218.717773,4249.102539,3
1669513513.719604,245.0,4249.102539,4258.205078,4246.538574,4242.692383,4245.769043,4214.743652,4258.077148,4249.743652,4262.692383,4241.922852,4257.692383,4235.0,4221.922852,4251.794922,3
1669513513.723505,246.0,4251.153809,4259.743652,4248.077148,4243.589844,4247.820313,4211.794922,4257.563965,4251.666504,4256.922852,4242.94873,4260.641113,4231.282227,4221.922852,4252.563965,3
1669513513.727406,247.0,4249.102539,4253.974121,4247.563965,4241.025879,4247.436035,4208.333496,4258.461426,4254.871582,4249.871582,4239.358887,4259.487305,4223.589844,4217.820313,4250.384766,3
1669513513.731308,248.0,4243.461426,4243.077148,4244.743652,4236.153809,4245.0,4206.538574,4258.717773,4258.205078,4245.897461,4233.077148,4253.205078,4215.128418,4211.153809,4245.256348,3
1669513513.735209,249.0,4236.538574,4233.205078,4241.410156,4231.666504,4242.692383,4206.538574,4256.538574,4260.384766,4246.410156,4227.820313,4244.743652,4209.358887,4204.743652,4238.461426,3
1669513513.739111,250.0,4231.794922,4229.743652,4239.487305,4229.871582,4242.436035,4207.307617,4252.563965,4261.282227,4249.615234,4226.794922,4239.230957,4207.692383,4201.153809,4232.563965,3
1669513513.743012,251.0,4231.025879,4233.974121,4239.358887,4230.769043,4243.589844,4207.563965,4249.358887,4261.794922,4252.436035,4229.743652,4239.615234,4209.358887,4201.153809,4229.871582,3
1669513513.746913,252.0,4233.717773,4242.05127,4240.128418,4233.077148,4244.743652,4207.436035,4250.128418,4262.05127,4252.436035,4233.974121,4245.0,4212.05127,4202.94873,4231.538574,3
1669513513.750815,253.0,4237.05127,4248.461426,4241.025879,4235.512695,4244.871582,4207.563965,4254.871582,4261.282227,4249.358887,4236.538574,4250.641113,4213.974121,4204.615234,4236.410156,3
1669513513.754716,254.0,4238.717773,4250.256348,4242.05127,4237.179688,4244.487305,4208.974121,4260.641113,4258.205078,4245.641113,4236.410156,4252.05127,4215.0,4205.384766,4241.794922,3
1669513513.758618,255.0,4238.077148,4247.692383,4243.461426,4238.717773,4244.743652,4210.769043,4263.461426,4253.333496,4244.102539,4234.743652,4248.333496,4215.897461,4205.384766,4243.974121,3
1669513513.762519,0.0,4236.410156,4242.563965,4245.512695,4240.256348,4245.769043,4211.666504,4262.05127,4248.717773,4247.05127,4233.333496,4242.820313,4216.282227,4205.128418,4241.666504,3
1669513513.76642,1.0,4235.0,4236.666504,4247.307617,4241.410156,4246.410156,4210.384766,4258.461426,4247.307617,4253.846191,4233.333496,4240.256348,4215.256348,4203.974121,4236.794922,3
1669513513.770322,2.0,4234.358887,4231.666504,4247.94873,4240.512695,4245.769043,4206.922852,4255.641113,4250.769043,4261.666504,4234.487305,4242.436035,4211.538574,4202.179688,4232.820313,3
1669513513.774223,3.0,4233.717773,4228.461426,4246.922852,4237.179688,4244.102539,4202.94873,4255.512695,4257.692383,4267.179688,4235.128418,4246.410156,4205.897461,4201.153809,4231.922852,3
1669513513.778124,4.0,4232.307617,4228.333496,4244.743652,4232.94873,4242.563965,4200.769043,4257.179688,4263.846191,4268.077148,4234.102539,4248.333496,4200.769043,4202.307617,4233.333496,3
1669513513.782026,5.0,4230.641113,4231.794922,4242.436035,4230.769043,4242.179688,4201.282227,4258.589844,4265.0,4264.230957,4232.05127,4247.05127,4199.230957,4206.282227,4235.0,3
1669513513.785927,6.0,4229.743652,4238.077148,4241.282227,4231.794922,4242.820313,4203.205078,4258.077148,4259.871582,4257.179688,4230.897461,4244.743652,4202.563965,4211.153809,4236.153809,3
1669513513.789829,7.0,4230.769043,4244.743652,4241.410156,4234.230957,4243.589844,4204.358887,4255.897461,4251.794922,4249.358887,4232.179688,4244.358887,4208.461426,4214.743652,4236.922852,3
1669513513.79373,8.0,4234.102539,4249.102539,4242.436035,4235.897461,4243.461426,4204.358887,4254.230957,4246.025879,4244.230957,4236.282227,4247.563965,4213.846191,4215.128418,4238.461426,3
1669513513.797631,9.0,4238.589844,4249.102539,4243.974121,4236.025879,4242.94873,4204.871582,4254.871582,4245.897461,4244.358887,4241.794922,4253.717773,4216.794922,4212.94873,4240.769043,3
1669513513.801533,10.0,4243.333496,4245.769043,4245.769043,4236.666504,4242.94873,4207.436035,4257.563965,4250.769043,4250.256348,4246.538574,4259.871582,4217.179688,4210.256348,4243.461426,3
1669513513.805434,11.0,4247.307617,4242.05127,4247.692383,4239.230957,4244.230957,4211.025879,4260.512695,4256.922852,4259.871582,4248.846191,4263.333496,4216.538574,4209.871582,4245.256348,3
1669513513.809336,12.0,4249.743652,4241.025879,4249.102539,4243.846191,4246.282227,4213.461426,4262.05127,4260.769043,4267.94873,4248.717773,4263.205078,4216.922852,4212.436035,4245.256348,3
1669513513.813237,13.0,4250.128418,4243.333496,4249.615234,4248.461426,4248.333496,4213.717773,4262.179688,4261.410156,4270.128418,4247.05127,4260.256348,4218.846191,4216.794922,4243.717773,3
1669513513.817138,14.0,4249.102539,4247.179688,4248.974121,4250.769043,4249.230957,4213.077148,4261.666504,4260.128418,4265.128418,4245.769043,4256.153809,4221.153809,4220.512695,4242.179688,3
1669513513.82104,15.0,4248.461426,4250.128418,4248.077148,4250.384766,4249.102539,4212.436035,4261.410156,4258.846191,4257.563965,4245.897461,4252.436035,4221.666504,4221.282227,4241.410156,3
1669513513.824941,16.0,4248.974121,4250.769043,4247.94873,4248.333496,4248.461426,4211.666504,4261.282227,4257.820313,4253.846191,4247.179688,4250.128418,4219.230957,4218.077148,4240.897461,3
1669513513.828843,17.0,4249.743652,4249.358887,4248.589844,4246.538574,4248.077148,4209.230957,4261.153809,4256.282227,4256.922852,4248.717773,4249.358887,4214.230957,4212.436035,4238.717773,3
1669513513.832744,18.0,4249.615234,4246.794922,4248.846191,4246.153809,4248.589844,4205.769043,4260.641113,4253.717773,4262.692383,4249.358887,4250.128418,4208.077148,4206.794922,4234.358887,3
1669513513.836645,19.0,4248.461426,4244.743652,4248.461426,4246.410156,4249.358887,4203.589844,4260.512695,4250.641113,4264.230957,4248.846191,4252.820313,4203.589844,4203.589844,4229.615234,3
1669513513.840547,20.0,4248.077148,4244.743652,4247.94873,4246.666504,4249.871582,4205.128418,4261.410156,4248.717773,4258.333496,4248.333496,4257.692383,4203.974121,4204.487305,4228.846191,3
1669513513.844448,21.0,4250.512695,4247.05127,4248.717773,4247.179688,4249.743652,4210.384766,4262.94873,4249.102539,4248.589844,4248.974121,4263.589844,4210.897461,4209.358887,4235.0,3
1669513513.848349,22.0,4256.025879,4250.384766,4251.153809,4248.589844,4249.230957,4215.641113,4263.974121,4250.641113,4241.922852,4251.025879,4268.077148,4222.307617,4215.769043,4245.897461,3
1669513513.852251,23.0,4261.153809,4252.179688,4253.974121,4250.641113,4248.846191,4216.410156,4263.717773,4251.410156,4242.820313,4252.692383,4267.820313,4232.820313,4220.128418,4255.128418,3
1669513513.856152,24.0,4261.538574,4251.666504,4254.615234,4251.666504,4248.717773,4211.922852,4262.436035,4250.384766,4250.384766,4252.307617,4262.179688,4236.794922,4219.871582,4256.922852,3
1669513513.860054,25.0,4255.512695,4249.358887,4252.436035,4249.487305,4248.333496,4205.641113,4261.410156,4249.102539,4260.128418,4249.615234,4253.205078,4232.307617,4215.897461,4250.641113,3
1669513513.863955,26.0,4246.282227,4247.307617,4248.717773,4244.230957,4247.05127,4202.692383,4261.282227,4250.0,4266.538574,4246.666504,4245.769043,4223.205078,4211.538574,4240.897461,3
1669513513.867856,27.0,4238.974121,4246.666504,4245.897461,4238.461426,4245.0,4205.384766,4261.922852,4253.461426,4266.666504,4245.384766,4243.974121,4215.769043,4210.256348,4234.615234,3
1669513513.871758,28.0,4236.538574,4246.794922,4244.871582,4235.769043,4243.077148,4211.538574,4262.436035,4258.205078,4261.922852,4246.410156,4248.846191,4214.615234,4212.436035,4235.769043,3
1669513513.875659,29.0,4237.94873,4246.025879,4244.615234,4237.307617,4241.410156,4215.897461,4261.666504,4261.922852,4257.05127,4248.846191,4257.307617,4218.589844,4215.769043,4242.563965,3
1669513513.879561,30.0,4239.230957,4243.846191,4243.205078,4241.410156,4240.384766,4215.0,4259.743652,4263.333496,4256.410156,4250.641113,4264.102539,4222.436035,4216.922852,4248.974121,3
1669513513.883462,31.0,4238.461426,4241.538574,4241.025879,4244.871582,4240.256348,4209.487305,4258.077148,4262.179688,4260.256348,4250.256348,4265.512695,4222.05127,4215.512695,4250.128418,3
1669513513.887363,32.0,4237.179688,4241.282227,4239.358887,4245.769043,4241.410156,4204.487305,4258.333496,4259.230957,4263.974121,4247.94873,4261.794922,4218.333496,4213.589844,4246.282227,3
1669513513.891265,33.0,4237.820313,4244.487305,4239.743652,4245.256348,4243.205078,4203.717773,4260.641113,4255.641113,4262.563965,4245.384766,4257.179688,4216.153809,4214.102539,4242.436035,3
1669513513.895166,34.0,4240.769043,4249.743652,4241.410156,4245.0,4243.974121,4206.410156,4263.205078,4252.94873,4255.512695,4243.974121,4255.128418,4218.333496,4217.179688,4242.692383,3
1669513513.899068,35.0,4243.205078,4254.102539,4242.436035,4245.641113,4242.179688,4207.436035,4263.205078,4252.436035,4247.820313,4244.358887,4256.153809,4223.461426,4220.512695,4246.282227,3
1669513513.902969,36.0,4242.179688,4253.974121,4241.153809,4245.769043,4238.077148,4203.974121,4259.358887,4253.846191,4245.641113,4245.641113,4257.436035,4226.666504,4221.410156,4248.589844,3
1669513513.90687,37.0,4237.436035,4249.230957,4237.94873,4243.333496,4234.102539,4197.692383,4253.077148,4255.512695,4250.641113,4246.538574,4256.153809,4224.487305,4218.974121,4246.538574,3
1669513513.910771,38.0,4232.692383,4242.820313,4235.641113,4238.974121,4232.820313,4194.487305,4247.94873,4255.769043,4258.333496,4245.897461,4252.179688,4218.461426,4214.743652,4241.282227,3
1669513513.914673,39.0,4233.461426,4239.871582,4237.307617,4235.512695,4235.641113,4198.077148,4247.179688,4253.717773,4262.05127,4244.487305,4247.94873,4214.230957,4211.282227,4237.692383,3
1669513513.918574,40.0,4240.769043,4243.205078,4243.333496,4236.538574,4241.922852,4206.794922,4251.538574,4250.128418,4258.333496,4243.589844,4247.307617,4216.538574,4211.153809,4239.487305,3
1669513513.922476,41.0,4249.871582,4250.641113,4250.512695,4242.307617,4248.717773,4215.128418,4258.461426,4246.282227,4249.230957,4244.358887,4251.666504,4224.487305,4214.358887,4246.025879,3
1669513513.926377,42.0,4253.717773,4257.05127,4253.974121,4248.717773,4253.205078,4217.563965,4263.974121,4243.077148,4240.384766,4246.282227,4258.974121,4232.307617,4218.589844,4252.820313,3
1669513513.930278,43.0,4248.717773,4258.205078,4251.410156,4250.512695,4253.205078,4213.205078,4265.384766,4241.538574,4236.666504,4247.820313,4264.230957,4234.102539,4220.897461,4255.256348,3
1669513513.93418,44.0,4237.94873,4254.102539,4245.256348,4245.641113,4249.487305,4206.025879,4263.077148,4242.94873,4238.717773,4247.563965,4263.717773,4228.974121,4220.0,4252.820313,3
1669513513.938081,45.0,4228.333496,4248.077148,4240.256348,4238.077148,4245.256348,4201.025879,4259.871582,4247.820313,4242.820313,4245.512695,4258.333496,4221.666504,4217.05127,4248.461426,3
1669513513.941983,46.0,4226.025879,4244.102539,4239.743652,4233.589844,4243.589844,4200.256348,4258.717773,4255.0,4245.512695,4243.077148,4252.94873,4217.692383,4214.615234,4246.025879,3
1669513513.945884,47.0,4230.512695,4243.846191,4242.820313,4235.512695,4245.641113,4202.563965,4260.256348,4261.538574,4246.153809,4242.05127,4251.666504,4218.717773,4214.743652,4246.922852,3
1669513513.949785,48.0,4236.666504,4246.153809,4246.538574,4242.05127,4249.358887,4204.871582,4262.820313,4264.743652,4247.307617,4243.461426,4254.487305,4220.897461,4216.794922,4248.974121,3
1669513513.953687,49.0,4239.230957,4247.692383,4247.307617,4247.820313,4250.512695,4205.0,4264.102539,4264.358887,4251.153809,4246.282227,4257.563965,4219.230957,4218.205078,4248.589844,3
1669513513.957588,50.0,4236.282227,4246.538574,4243.717773,4248.205078,4247.05127,4202.94873,4262.94873,4262.307617,4257.436035,4249.102539,4257.563965,4211.922852,4217.179688,4244.102539,3
1669513513.96149,51.0,4229.615234,4243.333496,4237.05127,4242.692383,4240.0,4199.743652,4260.384766,4261.025879,4264.102539,4250.512695,4254.615234,4203.205078,4213.974121,4237.563965,3
1669513513.965391,52.0,4223.589844,4241.025879,4230.641113,4235.256348,4233.333496,4197.563965,4257.692383,4261.410156,4269.102539,4250.0,4251.538574,4198.974121,4210.769043,4233.589844,3
1669513513.969292,53.0,4221.794922,4242.307617,4227.820313,4231.153809,4230.641113,4197.692383,4256.410156,4262.563965,4271.153809,4248.077148,4250.769043,4202.563965,4210.0,4235.384766,3
1669513513.973194,54.0,4225.128418,4246.794922,4230.0,4232.820313,4232.94873,4200.384766,4256.922852,4262.179688,4270.897461,4246.410156,4252.563965,4211.282227,4212.05127,4242.179688,3
1669513513.977095,55.0,4231.794922,4251.922852,4236.282227,4238.589844,4238.974121,4204.102539,4258.846191,4258.205078,4269.358887,4246.794922,4255.256348,4219.102539,4216.025879,4250.512695,3
1669513513.980996,56.0,4237.94873,4254.230957,4242.94873,4244.358887,4245.256348,4206.794922,4260.769043,4251.922852,4266.922852,4249.102539,4256.922852,4220.384766,4219.358887,4256.153809,3
1669513513.984898,57.0,4240.128418,4252.563965,4246.666504,4247.307617,4248.846191,4206.538574,4261.410156,4246.794922,4261.922852,4250.512695,4256.794922,4214.743652,4220.128418,4256.922852,3
1669513513.988799,58.0,4238.717773,4248.461426,4246.538574,4247.307617,4248.974121,4203.717773,4260.0,4246.025879,4253.205078,4248.077148,4254.743652,4205.897461,4217.692383,4253.333496,3
1669513513.992701,59.0,4237.307617,4245.0,4244.358887,4246.666504,4246.794922,4200.769043,4256.410156,4248.846191,4242.94873,4242.05127,4251.922852,4199.230957,4214.230957,4248.205078,3
1669513513.996602,60.0,4238.717773,4243.974121,4242.307617,4247.05127,4244.743652,4200.128418,4251.410156,4251.410156,4235.641113,4236.025879,4250.0,4197.692383,4212.692383,4244.487305,3
1669513514.000503,61.0,4242.692383,4245.512695,4242.05127,4247.94873,4244.230957,4202.563965,4247.179688,4250.769043,4234.102539,4233.846191,4249.871582,4200.0,4214.102539,4243.974121,3
1669513514.004405,62.0,4245.641113,4248.333496,4243.077148,4248.077148,4244.871582,4205.769043,4246.025879,4247.05127,4237.179688,4236.025879,4250.384766,4202.94873,4216.153809,4246.153809,3
1669513514.008306,63.0,4244.102539,4250.641113,4244.102539,4246.794922,4245.512695,4207.307617,4248.461426,4243.461426,4240.384766,4238.589844,4249.615234,4203.461426,4215.769043,4248.846191,3
1669513514.012208,64.0,4238.717773,4251.410156,4243.974121,4244.487305,4245.0,4205.897461,4252.05127,4242.179688,4239.615234,4237.563965,4247.05127,4201.025879,4211.794922,4250.0,3
1669513514.016109,65.0,4233.461426,4250.512695,4243.077148,4242.436035,4243.846191,4202.94873,4254.230957,4243.717773,4235.0,4232.307617,4243.974121,4197.563965,4207.05127,4249.230957,3
1669513514.02001,66.0,4232.94873,4249.102539,4242.307617,4241.922852,4243.077148,4200.769043,4253.717773,4245.897461,4229.871582,4226.025879,4242.307617,4195.769043,4205.256348,4247.692383,3
1669513514.023912,67.0,4238.333496,4247.94873,4242.94873,4243.333496,4243.846191,4200.641113,4252.05127,4247.436035,4228.589844,4223.077148,4242.563965,4197.05127,4207.436035,4246.538574,3
1669513514.027813,68.0,4246.025879,4247.563965,4245.256348,4246.282227,4246.025879,4201.922852,4251.794922,4247.94873,4232.563965,4224.743652,4244.487305,4200.384766,4211.282227,4246.410156,3
1669513514.031715,69.0,4251.153809,4247.179688,4247.94873,4248.846191,4248.717773,4203.461426,4254.230957,4248.589844,4239.743652,4229.358887,4246.794922,4203.077148,4212.820313,4247.05127,3
1669513514.035616,70.0,4250.512695,4246.410156,4249.230957,4249.358887,4250.384766,4204.102539,4258.205078,4250.0,4246.410156,4233.205078,4248.205078,4203.205078,4210.897461,4247.94873,3
1669513514.039517,71.0,4245.641113,4245.384766,4248.717773,4248.077148,4250.769043,4204.358887,4261.153809,4251.410156,4249.487305,4234.102539,4247.692383,4201.153809,4207.692383,4248.846191,3
1669513514.043419,72.0,4240.769043,4245.0,4247.05127,4246.282227,4250.256348,4205.641113,4261.153809,4252.436035,4248.974121,4232.563965,4245.897461,4199.358887,4206.025879,4249.358887,3
1669513514.04732,73.0,4239.871582,4246.153809,4246.025879,4245.128418,4249.487305,4209.230957,4259.230957,4253.205078,4247.94873,4232.307617,4245.128418,4200.0,4207.563965,4249.358887,3
1669513514.051221,74.0,4243.077148,4248.846191,4246.794922,4245.384766,4249.230957,4214.102539,4257.563965,4255.0,4251.153809,4236.922852,4248.077148,4203.205078,4212.179688,4249.358887,3
1669513514.055123,75.0,4247.563965,4251.666504,4248.589844,4246.794922,4249.615234,4217.820313,4258.077148,4258.077148,4260.384766,4246.282227,4255.0,4207.179688,4217.820313,4249.615234,3
1669513514.059024,76.0,4249.743652,4252.94873,4250.128418,4248.717773,4250.0,4218.333496,4260.0,4261.410156,4272.05127,4256.538574,4262.436035,4209.358887,4222.179688,4249.615234,3
1669513514.062926,77.0,4248.077148,4251.538574,4250.0,4249.871582,4250.0,4215.897461,4261.538574,4263.461426,4279.230957,4262.436035,4265.256348,4207.820313,4222.94873,4248.974121,3
1669513514.066827,78.0,4243.589844,4248.846191,4248.333496,4249.358887,4249.230957,4212.94873,4261.282227,4263.717773,4277.94873,4261.794922,4261.538574,4202.820313,4220.128418,4247.436035,3
1669513514.070728,79.0,4238.717773,4246.538574,4246.153809,4247.436035,4247.820313,4212.179688,4259.487305,4262.820313,4270.897461,4256.282227,4253.589844,4197.436035,4215.384766,4246.025879,3
1669513514.07463,80.0,4235.0,4245.512695,4244.615234,4244.487305,4246.922852,4213.717773,4258.333496,4261.538574,4262.94873,4249.615234,4246.666504,4194.871582,4211.153809,4245.384766,3
1669513514.078531,81.0,4232.692383,4245.256348,4244.487305,4241.922852,4246.922852,4216.282227,4259.615234,4260.128418,4256.282227,4244.871582,4244.230957,4196.666504,4208.717773,4245.641113,3
1669513514.082433,82.0,4231.666504,4244.102539,4245.384766,4240.384766,4247.436035,4217.692383,4263.333496,4257.94873,4250.641113,4242.94873,4246.025879,4200.512695,4207.94873,4245.641113,3
1669513514.086334,83.0,4231.410156,4241.025879,4246.282227,4239.743652,4247.820313,4217.563965,4266.282227,4254.615234,4245.769043,4243.846191,4249.743652,4202.692383,4207.820313,4244.615234,3
1669513514.090235,84.0,4231.538574,4236.666504,4246.794922,4239.102539,4247.820313,4216.410156,4266.025879,4250.128418,4243.846191,4246.794922,4252.436035,4200.769043,4207.563965,4243.077148,3
1669513514.094137,85.0,4231.410156,4232.692383,4247.05127,4237.94873,4247.692383,4215.256348,4261.922852,4246.153809,4246.410156,4250.0,4252.692383,4195.256348,4206.922852,4242.820313,3
1669513514.098038,86.0,4231.153809,4231.025879,4247.436035,4236.153809,4247.820313,4214.487305,4256.025879,4244.358887,4252.05127,4251.538574,4250.512695,4189.358887,4205.128418,4244.487305,3
1669513514.10194,87.0,4230.897461,4231.538574,4248.205078,4234.102539,4247.820313,4213.589844,4250.897461,4245.0,4256.666504,4250.512695,4247.436035,4186.025879,4202.179688,4246.922852,3
1669513514.105841,88.0,4231.025879,4232.692383,4248.846191,4231.794922,4246.922852,4211.410156,4248.333496,4246.282227,4256.153809,4247.05127,4244.743652,4185.384766,4198.205078,4247.436035,3
1669513514.109742,89.0,4231.025879,4232.563965,4248.974121,4229.358887,4245.384766,4208.077148,4248.333496,4246.282227,4250.769043,4243.461426,4243.461426,4185.512695,4193.846191,4244.358887,3
1669513514.113644,90.0,4229.743652,4231.025879,4248.205078,4226.922852,4244.102539,4204.743652,4249.743652,4244.487305,4244.615234,4241.794922,4243.589844,4184.871582,4190.0,4238.333496,3
1669513514.117545,91.0,4226.666504,4229.230957,4247.05127,4225.128418,4243.974121,4202.307617,4251.282227,4243.205078,4242.179688,4243.077148,4244.487305,4182.820313,4187.179688,4232.179688,3
1669513514.121446,92.0,4222.436035,4228.077148,4246.025879,4224.487305,4244.615234,4201.538574,4251.922852,4245.769043,4244.871582,4246.025879,4245.128418,4180.128418,4185.897461,4228.589844,3
1669513514.125348,93.0,4218.205078,4227.05127,4245.641113,4225.256348,4245.128418,4202.692383,4251.794922,4252.179688,4249.230957,4249.102539,4245.256348,4178.077148,4186.538574,4228.333496,3
1669513514.129249,94.0,4215.0,4225.384766,4245.384766,4226.922852,4244.871582,4204.487305,4251.282227,4258.717773,4251.025879,4250.0,4244.230957,4178.333496,4189.358887,4229.743652,3
1669513514.133151,95.0,4213.461426,4222.94873,4244.358887,4229.230957,4244.102539,4205.128418,4250.384766,4260.256348,4249.230957,4248.333496,4242.05127,4181.794922,4193.589844,4230.512695,3
1669513514.137052,96.0,4213.974121,4221.282227,4242.307617,4231.410156,4243.205078,4203.846191,4249.230957,4255.384766,4246.794922,4245.384766,4239.871582,4187.94873,4197.563965,4230.384766,3
1669513514.140953,97.0,4216.410156,4222.563965,4240.256348,4232.692383,4242.436035,4202.05127,4248.205078,4248.333496,4247.692383,4244.102539,4239.743652,4194.358887,4199.743652,4231.025879,3
1669513514.144855,98.0,4220.256348,4226.666504,4239.871582,4233.205078,4242.179688,4201.922852,4248.077148,4245.128418,4252.820313,4246.538574,4243.205078,4198.077148,4200.0,4234.871582,3
1669513514.148756,99.0,4224.230957,4231.666504,4241.922852,4233.205078,4242.307617,4204.102539,4249.230957,4248.461426,4259.358887,4252.179688,4249.615234,4197.692383,4199.615234,4241.025879,3
1669513514.152658,100.0,4226.922852,4235.128418,4244.871582,4233.589844,4242.692383,4206.922852,4251.153809,4256.025879,4263.589844,4258.077148,4255.384766,4193.589844,4199.871582,4245.641113,3
1669513514.156559,101.0,4228.205078,4236.410156,4246.666504,4235.256348,4243.333496,4207.820313,4252.820313,4262.94873,4264.487305,4261.282227,4257.307617,4188.461426,4201.410156,4245.384766,3
1669513514.16046,102.0,4228.717773,4236.922852,4247.05127,4238.333496,4244.102539,4206.538574,4253.974121,4265.641113,4264.743652,4261.410156,4255.256348,4185.128418,4205.256348,4240.769043,3
1669513514.164362,103.0,4230.769043,4239.230957,4247.436035,4242.436035,4245.384766,4204.871582,4254.743652,4263.974121,4266.666504,4260.0,4252.692383,4185.897461,4211.153809,4236.025879,3
1669513514.168263,104.0,4235.769043,4243.974121,4249.487305,4247.179688,4246.922852,4205.128418,4256.153809,4260.256348,4268.974121,4259.615234,4253.077148,4190.512695,4217.179688,4235.128418,3
1669513514.172165,105.0,4243.205078,4249.615234,4252.94873,4251.794922,4248.461426,4207.94873,4258.589844,4257.436035,4267.436035,4261.282227,4257.05127,4197.05127,4220.512695,4238.589844,3
1669513514.176066,106.0,4250.128418,4253.461426,4255.384766,4255.897461,4248.974121,4212.05127,4261.538574,4256.922852,4260.641113,4263.846191,4261.922852,4202.307617,4220.128418,4243.717773,3
1669513514.179967,107.0,4252.307617,4253.717773,4254.871582,4258.333496,4248.461426,4214.615234,4263.589844,4257.94873,4252.692383,4265.769043,4264.615234,4204.743652,4217.692383,4247.692383,3
1669513514.183869,108.0,4248.846191,4251.282227,4252.179688,4258.589844,4247.94873,4214.615234,4263.846191,4258.846191,4249.615234,4266.025879,4263.717773,4204.615234,4216.922852,4249.871582,3
1669513514.18777,109.0,4242.436035,4248.717773,4250.384766,4256.794922,4248.333496,4213.077148,4262.436035,4258.974121,4253.974121,4265.128418,4260.769043,4204.230957,4219.743652,4251.666504,3
1669513514.191671,110.0,4237.820313,4248.077148,4251.794922,4254.743652,4249.871582,4212.307617,4260.512695,4259.102539,4261.410156,4263.974121,4257.820313,4205.128418,4225.0,4254.102539,3
1669513514.195573,111.0,4237.563965,4248.717773,4255.512695,4253.846191,4250.769043,4213.461426,4259.358887,4260.128418,4265.128418,4262.94873,4256.538574,4206.538574,4228.846191,4256.025879,3
1669513514.199474,112.0,4241.153809,4248.717773,4258.333496,4254.615234,4249.871582,4215.897461,4259.615234,4261.538574,4262.179688,4261.538574,4256.922852,4206.153809,4228.461426,4255.769043,3
1669513514.203376,113.0,4245.256348,4247.05127,4257.563965,4255.769043,4248.205078,4217.563965,4261.153809,4262.436035,4256.153809,4259.871582,4258.205078,4203.077148,4224.230957,4252.692383,3
1669513514.207277,114.0,4247.05127,4245.897461,4253.461426,4255.897461,4247.436035,4217.436035,4262.820313,4262.820313,4253.205078,4258.461426,4259.102539,4199.743652,4219.487305,4248.974121,3
1669513514.211178,115.0,4246.153809,4247.563965,4249.358887,4255.384766,4249.102539,4215.897461,4263.461426,4263.461426,4256.025879,4258.333496,4258.974121,4198.974121,4218.077148,4247.563965,3
1669513514.21508,116.0,4244.871582,4252.692383,4248.589844,4255.256348,4252.563965,4214.487305,4262.94873,4264.230957,4261.282227,4259.358887,4257.692383,4202.05127,4221.410156,4249.487305,3
1669513514.218981,117.0,4245.384766,4258.717773,4251.538574,4256.153809,4255.641113,4214.743652,4262.05127,4263.333496,4262.563965,4260.0,4255.512695,4207.563965,4227.692383,4253.717773,3
1669513514.222883,118.0,4247.94873,4262.436035,4256.410156,4257.563965,4256.410156,4216.282227,4261.410156,4259.615234,4256.794922,4258.077148,4252.692383,4212.179688,4232.820313,4257.05127,3
1669513514.226784,119.0,4250.641113,4262.179688,4260.512695,4258.077148,4254.743652,4217.436035,4260.641113,4254.358887,4247.94873,4253.333496,4250.256348,4212.820313,4234.102539,4257.179688,3
1669513514.230685,120.0,4251.153809,4258.717773,4261.794922,4257.179688,4251.666504,4217.563965,4259.615234,4250.512695,4244.615234,4248.205078,4249.487305,4209.102539,4231.666504,4254.487305,3
1669513514.234587,121.0,4248.717773,4253.974121,4260.769043,4255.769043,4248.974121,4216.794922,4258.717773,4249.871582,4251.410156,4246.666504,4250.769043,4203.333496,4227.820313,4251.153809,3
1669513514.238488,122.0,4245.0,4249.871582,4259.230957,4255.128418,4248.205078,4216.410156,4258.846191,4251.410156,4263.974121,4250.128418,4252.692383,4199.102539,4225.128418,4249.487305,3
1669513514.24239,123.0,4243.461426,4247.563965,4258.589844,4256.410156,4249.102539,4216.538574,4259.743652,4252.436035,4271.282227,4255.769043,4253.461426,4198.333496,4224.358887,4250.0,3
1669513514.246291,124.0,4245.256348,4246.794922,4258.717773,4258.717773,4250.512695,4216.666504,4260.384766,4251.538574,4266.282227,4258.846191,4252.179688,4200.0,4224.358887,4250.641113,3
1669513514.250192,125.0,4248.205078,4246.282227,4258.077148,4259.743652,4251.282227,4216.410156,4258.974121,4250.384766,4252.307617,4256.922852,4250.384766,4201.410156,4224.230957,4249.358887,3
1669513514.254094,126.0,4248.461426,4245.769043,4256.025879,4257.307617,4251.153809,4215.897461,4255.769043,4251.282227,4240.512695,4251.922852,4250.0,4200.512695,4223.461426,4246.025879,3
1669513514.257995,127.0,4244.615234,4245.897461,4253.589844,4251.922852,4250.512695,4215.512695,4253.077148,4255.128418,4239.615234,4248.205078,4251.922852,4197.820313,4221.922852,4242.436035,3
1669513514.261896,128.0,4238.589844,4247.563965,4252.179688,4246.538574,4249.487305,4215.512695,4253.461426,4259.871582,4249.615234,4249.102539,4254.487305,4195.769043,4219.871582,4240.897461,3
1669513514.265798,129.0,4234.743652,4250.0,4252.436035,4244.358887,4247.94873,4215.641113,4257.307617,4262.820313,4261.666504,4253.461426,4254.871582,4196.538574,4217.692383,4242.05127,3
1669513514.269699,130.0,4235.0,4250.256348,4254.102539,4245.641113,4246.282227,4215.769043,4262.307617,4262.05127,4265.897461,4257.307617,4251.410156,4199.102539,4215.769043,4244.487305,3
1669513514.2736,131.0,4237.94873,4245.897461,4255.512695,4247.820313,4245.0,4216.025879,4264.230957,4257.436035,4259.102539,4256.922852,4245.897461,4200.384766,4214.743652,4245.769043,3
1669513514.277502,132.0,4240.128418,4238.077148,4254.871582,4248.333496,4245.0,4216.794922,4261.025879,4250.897461,4246.666504,4252.436035,4242.05127,4197.692383,4213.974121,4244.487305,3
1669513514.281403,133.0,4239.230957,4230.384766,4252.436035,4247.179688,4246.153809,4217.820313,4254.487305,4244.871582,4238.333496,4247.563965,4242.94873,4192.179688,4212.94873,4241.025879,3
1669513514.285305,134.0,4235.897461,4226.922852,4249.743652,4246.025879,4247.692383,4218.846191,4248.974121,4242.179688,4240.897461,4246.922852,4248.589844,4187.692383,4211.538574,4237.820313,3
1669513514.289206,135.0,4233.333496,4229.615234,4249.102539,4246.282227,4248.333496,4219.230957,4248.461426,4244.487305,4252.94873,4251.794922,4256.922852,4187.94873,4210.384766,4237.307617,3
1669513514.293107,136.0,4234.102539,4237.05127,4251.282227,4247.436035,4247.94873,4218.846191,4253.077148,4251.538574,4265.256348,4259.487305,4263.717773,4193.077148,4210.384766,4240.641113,3
1669513514.297009,137.0,4238.461426,4245.384766,4255.256348,4247.94873,4246.666504,4218.077148,4259.102539,4260.384766,4267.94873,4265.0,4265.769043,4199.230957,4211.153809,4246.153809,3
1669513514.30091,138.0,4243.846191,4250.641113,4258.717773,4247.563965,4245.384766,4217.436035,4262.179688,4266.025879,4258.846191,4265.769043,4262.692383,4201.922852,4212.179688,4250.641113,3
1669513514.304812,139.0,4247.307617,4250.512695,4259.230957,4247.307617,4244.871582,4217.563965,4260.769043,4265.0,4245.641113,4262.94873,4257.563965,4199.487305,4213.077148,4251.282227,3
1669513514.308713,140.0,4247.820313,4246.153809,4256.282227,4248.461426,4245.769043,4218.461426,4257.05127,4257.692383,4239.871582,4260.384766,4254.358887,4194.358887,4214.487305,4248.333496,3
1669513514.312614,141.0,4246.282227,4240.897461,4252.05127,4250.641113,4247.436035,4219.487305,4255.128418,4248.974121,4246.025879,4261.153809,4255.256348,4190.769043,4215.897461,4244.230957,3
1669513514.316516,142.0,4244.230957,4237.692383,4249.358887,4252.563965,4248.205078,4219.615234,4256.666504,4245.128418,4258.333496,4264.487305,4258.717773,4191.153809,4216.538574,4241.922852,3
1669513514.320417,143.0,4242.05127,4237.820313,4249.230957,4252.820313,4246.410156,4218.974121,4259.743652,4248.974121,4265.769043,4266.922852,4261.538574,4194.230957,4214.871582,4242.563965,3
1669513514.324319,144.0,4238.717773,4240.384766,4250.384766,4250.897461,4242.179688,4218.333496,4261.282227,4257.820313,4263.205078,4266.282227,4261.025879,4196.410156,4210.769043,4244.743652,3
1669513514.32822,145.0,4233.846191,4243.333496,4250.512695,4248.077148,4236.922852,4218.846191,4260.0,4266.025879,4254.743652,4263.333496,4256.922852,4194.743652,4205.897461,4246.410156,3
1669513514.332121,146.0,4229.230957,4245.256348,4248.974121,4246.410156,4233.461426,4220.641113,4257.563965,4269.487305,4249.615234,4261.153809,4252.307617,4190.128418,4202.692383,4246.282227,3
1669513514.336023,147.0,4227.563965,4245.512695,4247.179688,4246.922852,4234.102539,4222.820313,4257.05127,4268.333496,4254.358887,4262.05127,4251.282227,4185.512695,4203.461426,4244.358887,3
1669513514.339924,148.0,4229.871582,4243.589844,4246.282227,4248.974121,4238.333496,4223.974121,4258.974121,4265.512695,4267.307617,4265.897461,4255.256348,4183.846191,4207.563965,4241.410156,3
1669513514.343825,149.0,4233.974121,4239.358887,4246.666504,4250.512695,4243.333496,4222.94873,4261.153809,4263.846191,4279.743652,4270.128418,4261.538574,4185.384766,4212.436035,4238.205078,3
1669513514.347727,150.0,4236.025879,4234.102539,4247.179688,4250.0,4245.897461,4220.0,4261.153809,4263.461426,4282.94873,4272.05127,4265.512695,4188.077148,4214.743652,4235.641113,3
1669513514.351628,151.0,4234.230957,4230.0,4247.179688,4247.436035,4244.230957,4216.794922,4257.692383,4262.820313,4275.0,4270.512695,4264.230957,4189.743652,4213.077148,4234.102539,3
1669513514.35553,152.0,4229.487305,4229.358887,4246.666504,4244.358887,4238.974121,4214.871582,4252.307617,4262.179688,4263.077148,4266.794922,4258.589844,4189.487305,4208.717773,4233.333496,3
1669513514.359431,153.0,4225.256348,4231.538574,4246.282227,4241.666504,4233.461426,4214.871582,4247.692383,4262.563965,4256.922852,4263.333496,4252.179688,4188.077148,4204.358887,4232.436035,3
1669513514.363332,154.0,4223.846191,4233.974121,4246.025879,4239.358887,4230.641113,4216.153809,4245.384766,4264.871582,4259.102539,4261.025879,4248.077148,4186.410156,4201.922852,4231.666504,3
1669513514.367234,155.0,4225.769043,4234.615234,4245.384766,4236.922852,4231.410156,4217.692383,4245.641113,4267.179688,4263.077148,4258.333496,4247.179688,4185.512695,4201.153809,4231.922852,3
1669513514.371135,156.0,4228.974121,4233.461426,4244.230957,4234.615234,4233.461426,4218.974121,4247.05127,4266.153809,4259.871582,4253.461426,4248.205078,4185.641113,4201.025879,4234.102539,3
1669513514.375037,157.0,4231.410156,4232.563965,4243.717773,4234.102539,4234.358887,4220.128418,4248.333496,4260.256348,4247.563965,4247.436035,4248.461426,4186.922852,4201.666504,4237.94873,3
1669513514.378938,158.0,4232.692383,4233.846191,4245.0,4236.538574,4233.589844,4221.410156,4248.717773,4251.922852,4233.846191,4243.717773,4247.436035,4189.102539,4204.358887,4241.666504,3
1669513514.382839,159.0,4232.820313,4237.94873,4247.820313,4241.153809,4233.077148,4222.436035,4248.461426,4246.666504,4229.102539,4245.769043,4246.025879,4191.025879,4209.230957,4243.846191,3
1669513514.386741,160.0,4232.563965,4243.205078,4250.512695,4245.769043,4234.230957,4222.05127,4248.077148,4248.461426,4236.025879,4252.179688,4245.897461,4191.153809,4214.230957,4243.077148,3
1669513514.390642,161.0,4231.922852,4246.538574,4250.897461,4248.461426,4236.922852,4219.358887,4248.205078,4256.538574,4247.94873,4258.589844,4247.179688,4188.974121,4216.410156,4239.230957,3
1669513514.394544,162.0,4231.410156,4246.282227,4248.974121,4248.974121,4239.615234,4215.512695,4248.589844,4265.0,4254.743652,4260.769043,4248.974121,4185.897461,4214.743652,4234.102539,3
1669513514.398445,163.0,4231.282227,4244.102539,4246.282227,4247.820313,4241.282227,4213.205078,4249.102539,4268.461426,4252.05127,4258.077148,4250.128418,4185.128418,4210.897461,4230.256348,3
1669513514.402346,164.0,4232.05127,4242.820313,4245.0,4245.897461,4241.410156,4214.230957,4248.846191,4265.384766,4243.974121,4253.717773,4250.0,4188.333496,4207.436035,4229.487305,3
1669513514.406248,165.0,4233.461426,4243.589844,4245.384766,4243.461426,4239.743652,4217.563965,4247.94873,4259.230957,4238.589844,4251.794922,4249.102539,4194.487305,4205.897461,4231.794922,3
1669513514.410149,166.0,4234.230957,4244.487305,4246.410156,4240.897461,4236.922852,4220.0,4246.794922,4254.743652,4240.512695,4253.846191,4248.717773,4200.897461,4206.282227,4235.641113,3
1669513514.41405,167.0,4233.205078,4243.461426,4247.179688,4238.461426,4234.102539,4219.230957,4245.641113,4254.615234,4248.846191,4257.563965,4249.871582,4204.487305,4206.922852,4239.871582,3
1669513514.417952,168.0,4231.153809,4239.743652,4247.307617,4237.05127,4232.436035,4216.794922,4245.128418,4258.846191,4258.077148,4260.256348,4252.307617,4204.102539,4207.05127,4243.333496,3
1669513514.421853,169.0,4230.256348,4235.128418,4247.692383,4237.820313,4233.205078,4216.282227,4245.897461,4264.358887,4263.717773,4260.512695,4254.102539,4200.769043,4207.05127,4245.256348,3
1669513514.425755,170.0,4232.820313,4233.205078,4249.358887,4241.410156,4237.179688,4220.256348,4247.692383,4267.820313,4264.358887,4259.743652,4254.102539,4197.307617,4208.077148,4245.769043,3
1669513514.429656,171.0,4239.358887,4236.538574,4252.05127,4246.666504,4243.077148,4227.436035,4249.743652,4267.692383,4261.282227,4259.615234,4252.307617,4196.282227,4210.641113,4245.512695,3
1669513514.433557,172.0,4247.05127,4243.846191,4254.358887,4250.897461,4249.102539,4232.94873,4250.769043,4265.256348,4256.666504,4261.282227,4250.641113,4198.461426,4213.717773,4245.256348,3
1669513514.437459,173.0,4251.922852,4250.769043,4254.615234,4251.410156,4252.05127,4233.205078,4250.769043,4263.077148,4252.179688,4264.102539,4250.512695,4201.922852,4215.0,4246.538574,3
1669513514.44136,174.0,4251.410156,4252.820313,4252.307617,4247.94873,4250.384766,4227.692383,4250.128418,4262.692383,4249.102539,4266.153809,4251.410156,4203.717773,4213.077148,4248.846191,3
1669513514.445262,175.0,4245.769043,4248.461426,4248.589844,4242.820313,4244.615234,4219.358887,4249.487305,4263.846191,4249.102539,4264.743652,4251.794922,4202.179688,4208.589844,4250.128418,3
1669513514.449163,176.0,4238.333496,4240.128418,4245.256348,4239.230957,4238.077148,4212.563965,4248.589844,4264.871582,4253.077148,4259.743652,4250.384766,4197.436035,4203.846191,4248.077148,3
1669513514.453064,177.0,4233.461426,4233.077148,4244.102539,4238.974121,4235.0,4210.256348,4247.307617,4263.846191,4258.461426,4254.230957,4247.94873,4192.179688,4201.282227,4242.692383,3
1669513514.456966,178.0,4233.717773,4231.922852,4245.897461,4241.666504,4237.563965,4213.333496,4245.641113,4259.743652,4260.384766,4251.538574,4246.153809,4189.743652,4201.922852,4236.410156,3
1669513514.460867,179.0,4238.846191,4236.666504,4249.102539,4245.512695,4244.230957,4219.871582,4244.615234,4253.077148,4254.871582,4252.436035,4246.282227,4191.794922,4204.871582,4233.205078,3
1669513514.464769,180.0,4245.384766,4242.94873,4251.922852,4248.846191,4250.641113,4226.666504,4244.743652,4246.282227,4243.461426,4254.615234,4247.692383,4197.05127,4207.436035,4235.256348,3
1669513514.46867,181.0,4249.487305,4246.153809,4252.692383,4250.769043,4252.563965,4230.256348,4245.769043,4242.563965,4232.436035,4255.128418,4248.589844,4201.666504,4208.461426,4241.025879,3
1669513514.472571,182.0,4249.358887,4244.871582,4250.641113,4250.641113,4248.205078,4228.846191,4246.794922,4243.717773,4229.102539,4253.717773,4248.333496,4202.563965,4207.563965,4246.922852,3
1669513514.476473,183.0,4245.128418,4241.666504,4246.794922,4248.717773,4239.615234,4223.333496,4246.922852,4249.358887,4235.128418,4251.794922,4247.692383,4199.102539,4206.025879,4249.743652,3
1669513514.480374,184.0,4239.230957,4239.615234,4243.077148,4246.025879,4230.897461,4217.05127,4245.641113,4255.384766,4246.153809,4251.538574,4248.205078,4193.846191,4205.641113,4248.589844,3
1669513514.484275,185.0,4234.230957,4240.128418,4241.410156,4244.230957,4226.794922,4214.102539,4243.333496,4256.922852,4254.743652,4254.230957,4251.153809,4190.897461,4207.563965,4245.128418,3
1669513514.488177,186.0,4232.307617,4241.922852,4242.820313,4244.487305,4229.615234,4216.282227,4241.153809,4252.307617,4256.538574,4259.358887,4255.897461,4192.307617,4211.538574,4242.436035,3
1669513514.492078,187.0,4233.205078,4243.589844,4246.410156,4246.666504,4237.563965,4222.563965,4240.641113,4245.256348,4252.563965,4264.230957,4260.641113,4197.307617,4215.769043,4242.436035,3
1669513514.49598,188.0,4234.743652,4244.358887,4250.0,4249.102539,4245.384766,4228.974121,4242.179688,4242.05127,4247.307617,4266.153809,4263.205078,4202.563965,4218.461426,4244.487305,3
1669513514.499881,189.0,4235.256348,4244.743652,4251.410156,4250.641113,4248.589844,4231.153809,4244.615234,4245.641113,4245.128418,4264.358887,4262.94873,4205.256348,4218.846191,4246.666504,3
1669513514.503782,190.0,4235.0,4246.410156,4250.256348,4250.769043,4245.512695,4227.179688,4246.410156,4253.461426,4247.307617,4260.769043,4260.641113,4205.256348,4217.94873,4248.077148,3
1669513514.507684,191.0,4235.256348,4249.871582,4247.94873,4250.0,4238.589844,4219.230957,4246.794922,4259.743652,4252.179688,4258.717773,4257.94873,4204.230957,4217.179688,4248.846191,3
1669513514.511585,192.0,4237.563965,4253.461426,4245.512695,4248.717773,4231.538574,4211.794922,4245.512695,4260.641113,4257.179688,4260.0,4256.666504,4203.846191,4217.307617,4249.743652,3
1669513514.515487,193.0,4240.897461,4254.487305,4243.846191,4247.692383,4227.820313,4208.974121,4243.589844,4256.922852,4260.769043,4263.205078,4257.820313,4204.230957,4217.692383,4250.769043,3
1669513514.519388,194.0,4242.692383,4252.05127,4243.717773,4247.179688,4228.205078,4211.410156,4241.794922,4253.461426,4263.077148,4266.153809,4260.512695,4205.0,4217.94873,4250.897461,3
1669513514.523289,195.0,4240.769043,4247.563965,4245.256348,4247.179688,4231.666504,4216.538574,4241.410156,4254.615234,4265.0,4267.563965,4263.333496,4205.128418,4217.692383,4250.128418,3
1669513514.527191,196.0,4235.897461,4243.974121,4247.820313,4247.307617,4235.256348,4220.769043,4242.820313,4260.769043,4266.282227,4267.436035,4264.102539,4204.743652,4217.179688,4249.358887,3
1669513514.531092,197.0,4231.666504,4243.205078,4249.615234,4247.307617,4236.794922,4222.436035,4245.384766,4266.922852,4265.384766,4266.153809,4262.179688,4204.230957,4217.05127,4249.615234,3
1669513514.534994,198.0,4231.410156,4245.0,4249.230957,4247.563965,4235.256348,4221.410156,4246.794922,4267.94873,4261.410156,4263.461426,4257.94873,4203.846191,4217.05127,4250.512695,3
1669513514.538895,199.0,4236.025879,4246.922852,4246.410156,4247.692383,4232.05127,4218.974121,4245.128418,4262.307617,4255.128418,4259.487305,4252.820313,4203.333496,4216.538574,4250.384766,3
1669513514.542796,200.0,4242.94873,4247.820313,4242.307617,4247.307617,4229.743652,4216.025879,4240.512695,4253.974121,4249.230957,4255.512695,4248.461426,4202.179688,4215.256348,4247.563965,3
1669513514.546698,201.0,4247.94873,4248.205078,4239.358887,4246.410156,4230.128418,4213.461426,4235.0,4248.717773,4246.666504,4253.846191,4246.538574,4200.384766,4214.358887,4242.563965,3
1669513514.550599,202.0,4248.846191,4248.589844,4239.743652,4246.153809,4233.205078,4212.179688,4231.538574,4249.615234,4248.846191,4255.512695,4246.922852,4199.102539,4214.615234,4237.436035,3
1669513514.5545,203.0,4246.794922,4247.94873,4243.205078,4247.436035,4237.820313,4212.563965,4231.666504,4254.871582,4254.358887,4259.102539,4247.563965,4198.077148,4215.384766,4233.974121,3
1669513514.558402,204.0,4244.743652,4245.256348,4247.94873,4250.128418,4242.05127,4214.102539,4234.487305,4259.615234,4259.358887,4261.538574,4246.922852,4196.666504,4215.128418,4232.820313,3
1669513514.562303,205.0,4245.641113,4241.922852,4251.153809,4252.94873,4244.871582,4215.0,4237.05127,4261.153809,4259.743652,4261.282227,4245.641113,4194.487305,4213.717773,4233.333496,3
1669513514.566204,206.0,4250.384766,4241.794922,4251.666504,4254.615234,4246.025879,4214.102539,4236.922852,4260.128418,4255.256348,4258.974121,4245.512695,4193.333496,4212.820313,4235.512695,3
1669513514.570106,207.0,4257.307617,4247.820313,4250.384766,4255.256348,4246.025879,4212.179688,4234.487305,4259.487305,4249.358887,4257.05127,4247.563965,4195.512695,4214.743652,4240.0,3
1669513514.574007,208.0,4263.205078,4258.846191,4249.230957,4255.897461,4245.512695,4210.769043,4231.794922,4261.410156,4247.05127,4258.333496,4251.153809,4201.794922,4219.871582,4247.179688,3
1669513514.577909,209.0,4265.641113,4269.871582,4249.358887,4257.563965,4245.384766,4211.153809,4231.922852,4265.0,4251.153809,4263.333496,4255.0,4210.384766,4226.794922,4255.769043,3
1669513514.58181,210.0,4264.487305,4276.025879,4250.512695,4260.128418,4245.512695,4212.94873,4235.641113,4267.94873,4260.641113,4270.897461,4258.974121,4217.307617,4232.692383,4262.436035,3
1669513514.585711,211.0,4262.179688,4274.487305,4251.538574,4262.436035,4245.769043,4214.871582,4241.410156,4268.205078,4271.025879,4277.307617,4262.820313,4219.102539,4235.641113,4263.974121,3
1669513514.589613,212.0,4260.512695,4267.436035,4251.410156,4262.94873,4245.769043,4215.769043,4245.512695,4265.769043,4276.410156,4279.615234,4265.128418,4214.871582,4235.128418,4259.615234,3
1669513514.593514,213.0,4260.256348,4259.743652,4250.384766,4261.282227,4246.153809,4216.282227,4245.384766,4261.794922,4274.487305,4276.922852,4264.230957,4207.820313,4232.436035,4252.05127,3
1669513514.597416,214.0,4260.256348,4256.538574,4249.102539,4258.717773,4247.05127,4217.05127,4241.666504,4258.461426,4266.794922,4272.05127,4260.0,4202.563965,4229.871582,4245.769043,3
1669513514.601317,215.0,4258.974121,4258.589844,4248.461426,4257.563965,4248.205078,4218.205078,4236.922852,4257.820313,4257.94873,4268.077148,4255.128418,4202.05127,4229.615234,4244.230957,3
1669513514.605218,216.0,4256.410156,4262.692383,4248.461426,4258.717773,4248.846191,4218.846191,4233.846191,4259.358887,4251.538574,4266.922852,4253.589844,4205.384766,4231.794922,4247.05127,3
1669513514.60912,217.0,4253.846191,4265.256348,4248.589844,4261.282227,4248.589844,4218.333496,4233.461426,4260.769043,4248.333496,4267.692383,4256.153809,4208.974121,4234.487305,4250.897461,3
1669513514.613021,218.0,4252.436035,4265.0,4248.846191,4263.333496,4247.820313,4216.666504,4234.615234,4259.102539,4247.179688,4269.102539,4260.641113,4209.487305,4234.743652,4252.692383,3
1669513514.616923,219.0,4252.05127,4263.077148,4249.230957,4263.205078,4246.794922,4214.102539,4235.769043,4253.717773,4246.282227,4269.615234,4262.94873,4206.282227,4231.410156,4251.922852,3
1669513514.620824,220.0,4251.922852,4261.025879,4249.102539,4261.410156,4245.897461,4212.179688,4236.025879,4247.692383,4245.256348,4268.333496,4261.153809,4201.794922,4225.641113,4250.256348,3
1669513514.624725,221.0,4251.410156,4258.974121,4248.461426,4259.487305,4245.0,4212.307617,4235.384766,4245.256348,4244.743652,4265.769043,4257.05127,4199.102539,4219.871582,4248.846191,3
1669513514.628627,222.0,4250.641113,4256.282227,4247.820313,4258.974121,4244.615234,4214.487305,4234.230957,4248.717773,4245.256348,4263.333496,4253.205078,4198.974121,4216.025879,4247.563965,3
1669513514.632528,223.0,4250.897461,4253.205078,4247.94873,4260.0,4244.358887,4217.563965,4232.94873,4255.384766,4246.282227,4262.179688,4251.538574,4200.128418,4214.615234,4245.384766,3
1669513514.636429,224.0,4253.205078,4251.666504,4249.358887,4261.410156,4244.615234,4219.102539,4232.05127,4259.871582,4247.436035,4262.05127,4251.794922,4201.025879,4215.512695,4242.94873,3
1669513514.640331,225.0,4257.307617,4253.333496,4251.794922,4262.563965,4245.769043,4218.205078,4232.179688,4258.846191,4248.846191,4262.05127,4251.922852,4201.282227,4217.820313,4242.436035,3
1669513514.644232,226.0,4261.410156,4258.333496,4255.0,4263.333496,4248.717773,4216.025879,4233.717773,4254.487305,4250.769043,4261.666504,4250.384766,4202.05127,4220.256348,4245.769043,3
1669513514.648134,227.0,4263.717773,4264.358887,4258.589844,4263.974121,4253.205078,4215.0,4236.794922,4251.666504,4253.461426,4261.153809,4247.307617,4205.0,4222.05127,4252.179688,3
1669513514.652035,228.0,4263.589844,4268.589844,4261.410156,4264.102539,4257.307617,4216.025879,4240.384766,4253.717773,4256.538574,4261.538574,4245.128418,4209.871582,4223.846191,4258.589844,3
1669513514.655936,229.0,4262.179688,4269.615234,4262.820313,4264.230957,4258.461426,4218.077148,4242.436035,4259.358887,4259.358887,4262.94873,4246.025879,4215.512695,4226.538574,4261.666504,3
1669513514.659838,230.0,4261.538574,4268.077148,4262.820313,4264.230957,4256.282227,4219.358887,4241.025879,4264.230957,4261.794922,4264.487305,4249.487305,4218.717773,4230.128418,4259.743652,3
1669513514.663739,231.0,4262.820313,4266.025879,4262.05127,4264.102539,4252.692383,4218.846191,4236.666504,4264.871582,4262.820313,4264.358887,4251.922852,4217.692383,4232.94873,4254.358887,3
1669513514.667641,232.0,4265.512695,4265.641113,4261.794922,4263.846191,4250.897461,4217.307617,4232.05127,4262.05127,4261.922852,4262.307617,4250.641113,4212.820313,4232.820313,4248.333496,3
1669513514.671542,233.0,4267.94873,4266.282227,4262.307617,4264.358887,4252.94873,4216.666504,4230.641113,4259.102539,4259.487305,4260.128418,4246.666504,4207.179688,4229.230957,4244.743652,3
1669513514.675443,234.0,4269.102539,4266.025879,4262.820313,4265.641113,4257.692383,4217.436035,4233.333496,4258.461426,4256.666504,4259.871582,4243.205078,4203.974121,4224.358887,4244.358887,3
1669513514.679345,235.0,4268.205078,4262.94873,4261.666504,4266.922852,4261.282227,4218.717773,4237.94873,4260.256348,4254.358887,4261.922852,4242.820313,4204.487305,4220.384766,4246.410156,3
1669513514.683246,236.0,4265.0,4257.820313,4258.461426,4266.282227,4260.384766,4219.230957,4241.282227,4263.205078,4252.307617,4263.846191,4245.0,4207.94873,4218.333496,4248.589844,3
1669513514.687148,237.0,4259.615234,4253.077148,4253.846191,4262.820313,4254.743652,4218.846191,4241.410156,4266.025879,4250.769043,4263.077148,4247.820313,4211.538574,4217.563965,4249.871582,3
1669513514.691049,238.0,4253.461426,4249.871582,4249.487305,4257.05127,4247.563965,4217.94873,4238.589844,4268.077148,4249.615234,4258.461426,4249.102539,4211.794922,4216.410156,4249.615234,3
1669513514.69495,239.0,4248.974121,4247.563965,4246.538574,4251.538574,4243.077148,4216.922852,4234.871582,4268.589844,4248.846191,4252.05127,4248.205078,4207.307617,4214.102539,4247.692383,3
1669513514.698852,240.0,4247.692383,4245.128418,4245.641113,4248.589844,4243.333496,4215.769043,4232.307617,4267.05127,4247.307617,4247.179688,4245.256348,4200.384766,4211.410156,4244.358887,3
1669513514.702753,241.0,4249.358887,4243.589844,4246.153809,4248.846191,4246.282227,4215.512695,4231.666504,4262.820313,4245.128418,4246.794922,4241.538574,4195.384766,4209.871582,4240.897461,3
1669513514.706654,242.0,4251.538574,4245.0,4246.794922,4250.897461,4248.333496,4216.666504,4232.563965,4257.179688,4244.102539,4251.538574,4240.128418,4196.025879,4211.025879,4240.0,3
1669513514.710556,243.0,4252.179688,4249.871582,4247.179688,4252.563965,4247.563965,4218.974121,4234.102539,4253.077148,4246.410156,4259.230957,4243.333496,4202.436035,4214.487305,4243.205078,3
1669513514.714457,244.0,4250.641113,4256.538574,4247.05127,4252.563965,4245.0,4221.153809,4235.512695,4254.102539,4252.820313,4266.153809,4250.256348,4210.769043,4218.589844,4249.615234,3
1669513514.718359,245.0,4248.205078,4261.922852,4246.794922,4251.025879,4244.102539,4221.922852,4236.282227,4260.384766,4260.641113,4269.358887,4257.179688,4216.153809,4220.897461,4255.897461,3
1669513514.72226,246.0,4246.538574,4264.487305,4246.794922,4249.358887,4245.897461,4221.794922,4235.897461,4267.307617,4265.256348,4268.205078,4260.512695,4216.025879,4220.769043,4258.589844,3
1669513514.726161,247.0,4246.538574,4264.230957,4246.922852,4248.333496,4248.589844,4221.922852,4234.358887,4269.230957,4263.333496,4264.358887,4259.230957,4211.538574,4218.589844,4256.538574,3
1669513514.730063,248.0,4247.692383,4261.922852,4246.538574,4248.077148,4248.589844,4222.692383,4232.692383,4263.974121,4254.871582,4260.512695,4255.0,4206.025879,4215.512695,4251.410156,3
1669513514.733964,249.0,4248.589844,4258.589844,4245.769043,4247.94873,4244.487305,4223.205078,4231.794922,4255.0,4244.487305,4258.333496,4250.0,4201.794922,4212.179688,4246.282227,3
1669513514.737866,250.0,4247.692383,4254.871582,4245.128418,4247.436035,4238.205078,4222.563965,4232.307617,4249.102539,4238.205078,4258.333496,4246.282227,4199.871582,4208.717773,4243.077148,3
1669513514.741767,251.0,4245.384766,4251.410156,4245.512695,4246.794922,4233.846191,4221.025879,4233.846191,4250.512695,4240.128418,4260.0,4245.0,4200.512695,4205.897461,4242.820313,3
1669513514.745668,252.0,4243.974121,4248.974121,4246.666504,4246.794922,4233.846191,4219.743652,4235.384766,4257.692383,4249.487305,4262.692383,4246.794922,4203.333496,4205.128418,4245.128418,3
1669513514.74957,253.0,4245.641113,4248.717773,4247.820313,4248.077148,4238.333496,4219.487305,4235.769043,4265.512695,4260.256348,4265.256348,4251.025879,4208.077148,4207.692383,4249.102539,3
1669513514.753471,254.0,4249.487305,4252.179688,4248.333496,4250.384766,4244.358887,4220.641113,4234.615234,4268.974121,4265.384766,4266.666504,4256.282227,4213.333496,4212.94873,4253.333496,3
1669513514.757373,255.0,4252.820313,4258.974121,4248.333496,4252.307617,4248.589844,4222.179688,4232.94873,4266.794922,4261.282227,4266.410156,4260.384766,4217.307617,4218.717773,4256.410156,3
1669513514.761274,0.0,4252.94873,4265.641113,4247.94873,4251.922852,4248.846191,4222.692383,4231.794922,4261.282227,4251.794922,4265.256348,4261.282227,4217.94873,4221.794922,4257.436035,3
1669513514.765175,1.0,4249.102539,4268.077148,4247.307617,4248.717773,4245.769043,4221.410156,4232.05127,4256.410156,4244.743652,4264.487305,4258.589844,4215.384766,4220.769043,4256.410156,3
1669513514.769077,2.0,4243.077148,4263.717773,4246.666504,4243.717773,4241.794922,4218.333496,4232.94873,4255.512695,4246.794922,4264.615234,4253.846191,4211.153809,4216.666504,4253.333496,3
1669513514.772978,3.0,4238.077148,4254.487305,4246.282227,4238.846191,4239.230957,4215.0,4233.333496,4258.846191,4257.179688,4264.358887,4249.230957,4207.94873,4212.307617,4249.230957,3
1669513514.776879,4.0,4236.794922,4245.512695,4246.538574,4236.282227,4239.358887,4213.717773,4232.692383,4264.230957,4268.461426,4262.307617,4247.05127,4207.563965,4210.512695,4246.282227,3
1669513514.780781,5.0,4240.128418,4241.153809,4247.563965,4237.307617,4241.666504,4215.641113,4231.153809,4267.179688,4271.538574,4258.589844,4248.205078,4209.871582,4212.307617,4246.410156,3
1669513514.784682,6.0,4246.153809,4242.436035,4248.846191,4241.153809,4244.743652,4219.230957,4229.615234,4264.230957,4262.94873,4254.358887,4251.025879,4211.666504,4215.512695,4248.717773,3
1669513514.788584,7.0,4251.538574,4246.922852,4249.230957,4245.641113,4247.307617,4221.538574,4228.717773,4256.153809,4247.307617,4251.282227,4251.666504,4210.128418,4216.666504,4250.128418,3
1669513514.792485,8.0,4253.461426,4251.153809,4248.077148,4248.461426,4247.820313,4221.025879,4228.974121,4247.820313,4234.487305,4249.871582,4247.307617,4205.0,4213.974121,4247.436035,3
1669513514.796386,9.0,4251.410156,4253.077148,4245.641113,4248.717773,4246.410156,4218.846191,4230.0,4244.358887,4232.05127,4249.615234,4239.230957,4198.974121,4208.589844,4241.282227,3
1669513514.800288,10.0,4247.436035,4252.05127,4243.205078,4247.307617,4244.102539,4217.05127,4230.769043,4247.436035,4239.230957,4249.358887,4232.436035,4195.512695,4203.846191,4235.0,3
1669513514.804189,11.0,4244.615234,4248.974121,4242.307617,4245.384766,4242.563965,4216.538574,4230.641113,4253.717773,4247.692383,4248.333496,4231.282227,4196.538574,4202.436035,4232.436035,3
1669513514.808091,12.0,4244.487305,4245.384766,4243.717773,4244.487305,4242.820313,4216.794922,4229.743652,4258.205078,4248.461426,4246.922852,4236.153809,4201.025879,4204.487305,4235.256348,3
1669513514.811992,13.0,4245.641113,4243.205078,4246.410156,4245.769043,4244.615234,4217.436035,4228.974121,4257.692383,4239.743652,4246.538574,4243.333496,4207.05127,4208.077148,4241.794922,3
1669513514.815893,14.0,4245.769043,4243.717773,4247.692383,4248.205078,4246.025879,4217.94873,4229.102539,4253.333496,4228.717773,4247.692383,4249.102539,4212.563965,4210.641113,4248.717773,3
1669513514.819795,15.0,4243.333496,4246.282227,4245.769043,4249.358887,4245.0,4218.333496,4229.871582,4248.333496,4224.487305,4250.0,4251.153809,4216.282227,4210.512695,4252.94873,3
1669513514.823696,16.0,4238.974121,4248.717773,4240.384766,4247.179688,4241.025879,4218.461426,4230.641113,4245.769043,4230.897461,4252.307617,4249.615234,4217.307617,4207.692383,4253.205078,3
1669513514.827598,17.0,4235.0,4248.717773,4233.974121,4242.436035,4235.641113,4218.333496,4230.384766,4245.897461,4243.077148,4253.205078,4246.153809,4215.384766,4204.102539,4250.0,3
1669513514.831499,18.0,4233.589844,4245.128418,4229.487305,4238.205078,4231.538574,4217.692383,4229.358887,4248.077148,4252.05127,4252.563965,4243.077148,4210.512695,4201.410156,4245.256348,3
1669513514.8354,19.0,4235.384766,4238.589844,4228.846191,4236.794922,4230.512695,4216.410156,4228.589844,4251.282227,4252.179688,4251.538574,4242.179688,4203.205078,4200.256348,4240.769043,3
1669513514.839301,20.0,4238.205078,4232.05127,4231.025879,4238.461426,4231.666504,4214.230957,4228.846191,4255.128418,4244.871582,4251.025879,4243.717773,4195.256348,4199.615234,4236.922852,3
1669513514.843203,21.0,4238.974121,4228.205078,4233.846191,4241.025879,4232.94873,4212.307617,4230.256348,4258.461426,4236.153809,4251.025879,4246.410156,4189.230957,4197.94873,4233.461426,3
1669513514.847104,22.0,4235.384766,4228.589844,4235.0,4241.922852,4232.692383,4211.025879,4231.922852,4259.743652,4232.307617,4250.641113,4247.563965,4186.666504,4195.0,4230.641113,3
1669513514.851006,23.0,4228.717773,4231.794922,4233.461426,4239.743652,4230.384766,4209.358887,4232.94873,4258.205078,4235.128418,4249.615234,4245.897461,4187.307617,4191.666504,4229.102539,3
1669513514.854907,24.0,4222.563965,4235.128418,4230.641113,4235.512695,4227.692383,4205.641113,4232.94873,4254.615234,4241.794922,4248.333496,4242.179688,4189.358887,4189.102539,4228.974121,3
1669513514.858808,25.0,4220.512695,4235.897461,4228.461426,4232.436035,4226.666504,4199.487305,4231.922852,4251.922852,4247.436035,4247.05127,4238.461426,4190.512695,4188.077148,4229.487305,3
1669513514.86271,26.0,4223.205078,4233.461426,4228.333496,4232.179688,4228.461426,4192.94873,4230.384766,4252.05127,4247.563965,4245.641113,4235.769043,4189.615234,4188.461426,4229.102539,3
1669513514.866611,27.0,4228.077148,4229.102539,4229.871582,4234.230957,4231.153809,4189.358887,4228.077148,4253.974121,4240.128418,4243.205078,4233.205078,4187.307617,4188.974121,4227.563965,3
1669513514.870513,28.0,4231.410156,4225.512695,4231.794922,4236.153809,4232.436035,4189.871582,4225.128418,4254.358887,4227.179688,4239.230957,4230.384766,4185.384766,4189.230957,4226.025879,3
1669513514.874414,29.0,4231.538574,4225.0,4232.563965,4235.512695,4230.384766,4193.333496,4222.05127,4250.128418,4214.743652,4234.743652,4227.94873,4185.641113,4188.846191,4225.897461,3
1669513514.878315,30.0,4229.358887,4227.820313,4232.05127,4232.307617,4225.769043,4196.410156,4219.743652,4241.922852,4210.0,4231.922852,4227.563965,4188.077148,4188.461426,4227.307617,3
1669513514.882217,31.0,4227.05127,4232.05127,4230.512695,4229.102539,4221.282227,4196.410156,4218.589844,4234.102539,4215.769043,4232.05127,4229.102539,4190.256348,4187.820313,4228.205078,3
1669513514.886118,32.0,4225.897461,4235.128418,4228.461426,4228.077148,4219.102539,4192.563965,4218.077148,4230.0,4227.94873,4234.487305,4230.769043,4189.743652,4186.794922,4225.897461,3
1669513514.89002,33.0,4225.769043,4235.0,4226.666504,4229.615234,4219.743652,4187.05127,4217.307617,4230.0,4237.05127,4236.153809,4230.384766,4186.538574,4185.256348,4220.769043,3
1669513514.893921,34.0,4226.538574,4232.179688,4226.282227,4231.922852,4222.436035,4183.077148,4216.153809,4232.05127,4235.769043,4235.128418,4227.820313,4182.94873,4183.205078,4215.897461,3
1669513514.897822,35.0,4228.205078,4228.717773,4227.94873,4232.94873,4225.897461,4182.820313,4215.641113,4233.717773,4224.230957,4231.538574,4223.974121,4181.538574,4181.410156,4214.743652,3
1669513514.901724,36.0,4230.897461,4227.05127,4231.282227,4232.563965,4228.717773,4185.512695,4217.307617,4234.615234,4210.256348,4227.820313,4220.0,4182.820313,4180.769043,4218.589844,3
1669513514.905625,37.0,4233.461426,4228.846191,4234.487305,4231.922852,4230.128418,4188.333496,4221.794922,4236.025879,4203.717773,4227.05127,4216.922852,4185.128418,4181.410156,4225.384766,3
1669513514.909526,38.0,4233.974121,4232.436035,4235.769043,4231.666504,4230.0,4188.077148,4227.307617,4238.974121,4208.717773,4229.615234,4215.641113,4186.538574,4182.94873,4231.025879,3
1669513514.913428,39.0,4230.897461,4235.256348,4234.487305,4231.153809,4228.461426,4184.487305,4231.025879,4242.563965,4221.153809,4233.205078,4216.922852,4186.282227,4183.974121,4232.436035,3
1669513514.917329,40.0,4225.256348,4234.871582,4231.666504,4230.128418,4226.922852,4180.512695,4230.769043,4244.871582,4232.05127,4235.256348,4220.128418,4184.871582,4184.102539,4229.743652,3
1669513514.921231,41.0,4220.641113,4231.922852,4229.487305,4229.102539,4226.666504,4179.615234,4226.666504,4244.871582,4235.256348,4235.0,4223.589844,4183.846191,4183.974121,4225.769043,3
1669513514.925132,42.0,4220.641113,4229.230957,4228.974121,4229.358887,4228.846191,4182.179688,4221.282227,4244.615234,4231.410156,4233.974121,4226.025879,4184.358887,4184.743652,4223.589844,3
1669513514.929033,43.0,4225.128418,4229.615234,4229.487305,4230.512695,4232.05127,4185.128418,4217.94873,4246.025879,4226.410156,4233.461426,4227.05127,4186.794922,4186.922852,4224.487305,3
1669513514.932935,44.0,4230.384766,4232.436035,4229.487305,4231.538574,4233.589844,4185.769043,4217.94873,4248.974121,4224.615234,4232.94873,4226.922852,4189.743652,4189.743652,4227.05127,3
1669513514.936836,45.0,4231.794922,4234.743652,4227.05127,4230.897461,4231.410156,4183.077148,4219.743652,4250.384766,4225.128418,4231.282227,4225.512695,4191.153809,4191.538574,4228.717773,3
1669513514.940738,46.0,4227.692383,4233.077148,4222.692383,4228.461426,4225.641113,4178.077148,4220.897461,4248.461426,4223.974121,4227.307617,4223.077148,4189.102539,4191.025879,4226.666504,3
1669513514.944639,47.0,4220.897461,4227.05127,4218.205078,4225.512695,4219.230957,4172.179688,4220.0,4244.615234,4219.230957,4221.794922,4219.871582,4184.230957,4187.692383,4221.153809,3
1669513514.94854,48.0,4216.538574,4219.358887,4216.666504,4224.358887,4215.897461,4167.563965,4217.94873,4243.077148,4213.846191,4216.794922,4216.666504,4178.974121,4182.94873,4214.615234,3
1669513514.952442,49.0,4217.692383,4214.487305,4218.974121,4226.025879,4217.692383,4165.512695,4217.692383,4246.666504,4211.538574,4214.102539,4213.846191,4176.410156,4179.615234,4210.641113,3
1669513514.956343,50.0,4223.846191,4215.128418,4223.974121,4230.0,4223.589844,4166.666504,4220.384766,4253.333496,4214.230957,4214.743652,4211.922852,4177.692383,4180.128418,4211.538574,3
1669513514.960245,51.0,4230.897461,4220.512695,4228.974121,4233.974121,4230.128418,4170.0,4224.871582,4257.94873,4220.128418,4217.692383,4211.666504,4181.922852,4184.615234,4217.05127,3
1669513514.964146,52.0,4234.358887,4227.820313,4231.666504,4235.769043,4233.717773,4173.333496,4228.461426,4256.922852,4227.179688,4221.410156,4214.230957,4186.538574,4191.025879,4224.743652,3
1669513514.968047,53.0,4233.205078,4233.333496,4231.922852,4234.871582,4233.846191,4174.743652,4229.487305,4251.025879,4235.0,4225.512695,4219.615234,4189.615234,4195.897461,4231.538574,3
1669513514.971949,54.0,4229.871582,4235.128418,4231.025879,4232.563965,4231.794922,4173.205078,4227.820313,4245.512695,4243.333496,4230.0,4226.282227,4190.641113,4197.179688,4234.358887,3
1669513514.97585,55.0,4227.563965,4233.205078,4230.384766,4230.897461,4230.0,4170.128418,4224.743652,4244.487305,4249.487305,4234.230957,4230.641113,4189.743652,4194.871582,4232.179688,3
1669513514.979751,56.0,4227.692383,4228.846191,4230.256348,4230.897461,4229.615234,4167.820313,4222.436035,4247.692383,4249.487305,4236.153809,4230.384766,4187.692383,4190.384766,4226.922852,3
1669513514.983653,57.0,4228.717773,4224.615234,4230.512695,4231.794922,4230.128418,4168.846191,4222.179688,4251.538574,4241.666504,4233.974121,4225.769043,4185.512695,4186.025879,4221.922852,3
1669513514.987554,58.0,4228.461426,4222.307617,4230.641113,4232.692383,4230.769043,4173.205078,4224.230957,4252.179688,4228.974121,4227.94873,4219.743652,4184.102539,4183.589844,4218.974121,3
1669513514.991456,59.0,4226.410156,4222.05127,4230.512695,4232.692383,4230.897461,4177.692383,4226.794922,4249.230957,4217.94873,4221.025879,4215.512695,4183.717773,4183.333496,4217.820313,3
1669513514.995357,60.0,4223.717773,4222.05127,4230.0,4231.282227,4230.512695,4178.589844,4227.820313,4245.769043,4214.358887,4216.922852,4214.487305,4183.974121,4184.487305,4216.153809,3
1669513514.999258,61.0,4222.05127,4220.769043,4229.230957,4229.230957,4229.871582,4174.358887,4227.436035,4245.384766,4218.717773,4217.692383,4215.769043,4184.358887,4185.256348,4212.820313,3
1669513515.00316,62.0,4221.922852,4217.94873,4228.589844,4227.436035,4229.102539,4168.333496,4226.410156,4248.077148,4226.025879,4222.05127,4217.692383,4184.102539,4184.230957,4208.589844,3
1669513515.007061,63.0,4223.461426,4215.769043,4228.461426,4226.538574,4228.461426,4166.282227,4226.025879,4250.769043,4230.512695,4226.922852,4219.615234,4182.94873,4182.05127,4205.897461,3
1669513515.010963,64.0,4226.025879,4216.538574,4229.230957,4226.794922,4228.589844,4170.641113,4226.282227,4250.0,4229.743652,4230.128418,4221.922852,4181.410156,4180.769043,4207.05127,3
1669513515.014864,65.0,4228.974121,4221.282227,4230.641113,4228.077148,4229.615234,4178.974121,4226.666504,4246.794922,4226.794922,4231.410156,4225.512695,4181.153809,4182.179688,4212.179688,3
1669513515.018765,66.0,4231.282227,4227.94873,4232.05127,4229.743652,4231.282227,4185.641113,4227.563965,4245.128418,4226.538574,4231.922852,4230.512695,4184.102539,4186.153809,4219.487305,3
1669513515.022667,67.0,4231.922852,4233.077148,4232.563965,4230.641113,4232.179688,4186.666504,4228.974121,4247.563965,4231.025879,4232.179688,4235.641113,4190.256348,4191.025879,4227.179688,3
1669513515.026568,68.0,4230.769043,4234.871582,4231.922852,4230.384766,4231.922852,4182.563965,4230.384766,4252.179688,4237.179688,4232.307617,4238.717773,4197.820313,4195.128418,4233.205078,3
1669513515.03047,69.0,4229.102539,4234.487305,4230.769043,4229.358887,4231.153809,4177.179688,4230.512695,4253.717773,4240.0,4232.436035,4238.333496,4203.461426,4197.563965,4236.538574,3
1669513515.034371,70.0,4228.333496,4235.128418,4230.256348,4228.846191,4230.897461,4174.743652,4228.333496,4249.102539,4237.179688,4232.94873,4234.871582,4205.384766,4198.846191,4237.05127,3
1669513515.038272,71.0,4229.230957,4238.589844,4230.769043,4229.615234,4231.538574,4176.153809,4224.615234,4240.512695,4231.538574,4234.358887,4230.769043,4203.846191,4199.487305,4236.025879,3
1669513515.042174,72.0,4231.410156,4244.102539,4231.794922,4231.153809,4232.436035,4178.974121,4221.666504,4233.717773,4228.717773,4236.922852,4228.717773,4201.410156,4200.512695,4235.256348,3
1669513515.046075,73.0,4234.102539,4248.717773,4232.563965,4232.307617,4233.333496,4180.0,4221.410156,4234.102539,4233.077148,4240.512695,4230.512695,4200.641113,4202.179688,4235.897461,3
1669513515.049976,74.0,4236.666504,4250.384766,4232.436035,4233.205078,4233.974121,4179.615234,4224.358887,4241.794922,4243.333496,4244.871582,4236.282227,4202.820313,4203.974121,4238.205078,3
1669513515.053878,75.0,4238.205078,4249.358887,4231.666504,4234.487305,4234.358887,4180.512695,4228.846191,4252.05127,4253.205078,4248.846191,4243.974121,4207.436035,4204.871582,4241.922852,3
1669513515.057779,76.0,4237.307617,4248.077148,4230.769043,4236.282227,4234.743652,4183.974121,4232.307617,4258.717773,4256.922852,4251.666504,4250.256348,4212.307617,4204.487305,4245.897461,3
1669513515.061681,77.0,4234.358887,4248.333496,4230.128418,4238.077148,4234.871582,4187.563965,4231.794922,4258.333496,4252.563965,4252.436035,4252.307617,4215.641113,4203.717773,4248.846191,3
1669513515.065582,78.0,4231.794922,4250.0,4229.615234,4239.615234,4234.615234,4187.94873,4226.922852,4252.179688,4243.077148,4250.897461,4249.487305,4216.794922,4204.102539,4249.743652,3
1669513515.069483,79.0,4232.05127,4251.282227,4229.102539,4240.769043,4234.102539,4183.717773,4220.384766,4244.615234,4233.461426,4247.307617,4243.589844,4217.05127,4206.538574,4248.846191,3
1669513515.073385,80.0,4236.282227,4250.256348,4228.974121,4242.05127,4233.717773,4177.820313,4216.282227,4240.0,4227.307617,4242.692383,4236.922852,4217.436035,4210.512695,4247.179688,3
1669513515.077286,81.0,4242.05127,4247.563965,4229.102539,4243.717773,4233.846191,4174.230957,4216.922852,4240.0,4225.128418,4238.205078,4231.410156,4217.94873,4213.974121,4244.871582,3
1669513515.081188,82.0,4246.025879,4244.743652,4229.743652,4245.256348,4234.487305,4175.769043,4221.025879,4243.333496,4224.743652,4234.871582,4227.692383,4217.436035,4215.256348,4241.410156,3
1669513515.085089,83.0,4245.769043,4243.333496,4230.769043,4245.384766,4235.128418,4181.153809,4225.128418,4246.922852,4223.461426,4233.205078,4225.128418,4214.871582,4214.102539,4237.05127,3
1669513515.08899,84.0,4241.794922,4243.974121,4232.05127,4243.077148,4235.256348,4186.794922,4226.025879,4247.820313,4220.256348,4232.94873,4223.974121,4210.769043,4210.897461,4232.692383,3
1669513515.092892,85.0,4236.794922,4245.384766,4232.692383,4238.461426,4234.487305,4189.615234,4222.692383,4245.0,4216.538574,4233.461426,4224.743652,4206.666504,4206.410156,4230.128418,3
1669513515.096793,86.0,4233.077148,4246.282227,4231.538574,4233.461426,4232.94873,4189.102539,4217.179688,4239.358887,4213.846191,4233.717773,4227.307617,4203.974121,4201.794922,4230.128418,3
1669513515.100695,87.0,4231.794922,4245.128418,4228.205078,4230.128418,4231.153809,4186.538574,4212.94873,4233.589844,4213.589844,4233.846191,4231.025879,4203.205078,4198.717773,4232.692383,3
1669513515.104596,88.0,4232.05127,4242.179688,4223.589844,4229.743652,4230.128418,4183.974121,4212.436035,4231.410156,4216.025879,4233.717773,4233.717773,4203.846191,4198.205078,4236.025879,3
1669513515.108497,89.0,4232.563965,4238.589844,4220.0,4231.538574,4230.512695,4182.563965,4216.153809,4234.871582,4220.897461,4233.589844,4233.461426,4204.230957,4199.615234,4237.179688,3
1669513515.112399,90.0,4232.563965,4235.512695,4218.717773,4233.589844,4231.666504,4183.077148,4221.666504,4242.307617,4226.922852,4232.94873,4230.0,4203.333496,4200.641113,4233.846191,3
1669513515.1163,91.0,4231.794922,4232.94873,4220.0,4234.358887,4232.820313,4184.743652,4225.512695,4249.230957,4232.307617,4232.05127,4225.256348,4200.769043,4199.487305,4226.538574,3
1669513515.120201,92.0,4230.641113,4231.025879,4222.563965,4233.077148,4233.205078,4186.794922,4225.512695,4251.282227,4235.384766,4231.025879,4222.692383,4197.820313,4195.512695,4218.461426,3
1669513515.124103,93.0,4228.974121,4229.358887,4224.615234,4230.256348,4232.692383,4189.102539,4222.436035,4247.820313,4234.743652,4230.769043,4224.230957,4195.769043,4189.871582,4213.846191,3
1669513515.128004,94.0,4226.153809,4227.692383,4224.615234,4227.179688,4231.410156,4192.179688,4219.615234,4242.820313,4229.743652,4231.922852,4228.846191,4195.897461,4184.871582,4215.256348,3
1669513515.131905,95.0,4221.282227,4224.743652,4221.922852,4223.846191,4230.0,4195.769043,4219.743652,4240.512695,4221.666504,4233.461426,4233.205078,4197.692383,4182.179688,4221.538574,3
1669513515.135807,96.0,4215.128418,4219.487305,4218.205078,4220.384766,4228.717773,4198.461426,4223.333496,4242.563965,4214.487305,4234.102539,4233.846191,4200.256348,4182.05127,4228.717773,3
1669513515.139708,97.0,4210.769043,4212.820313,4215.897461,4216.794922,4227.94873,4199.487305,4227.820313,4247.436035,4213.077148,4232.692383,4230.769043,4201.794922,4183.077148,4232.820313,3
1669513515.14361,98.0,4211.153809,4208.077148,4216.922852,4214.615234,4227.820313,4199.230957,4230.769043,4251.025879,4219.230957,4230.128418,4227.436035,4201.922852,4183.333496,4232.820313,3
1669513515.147511,99.0,4216.666504,4208.589844,4222.05127,4214.743652,4228.461426,4199.230957,4231.025879,4250.897461,4229.102539,4228.846191,4227.692383,4201.025879,4182.179688,4230.384766,3
1669513515.151412,100.0,4223.717773,4214.743652,4228.717773,4217.179688,4229.743652,4199.743652,4229.358887,4247.307617,4235.769043,4230.0,4231.538574,4200.0,4181.025879,4228.333496,3
1669513515.155314,101.0,4228.205078,4223.717773,4233.589844,4220.897461,4231.282227,4200.256348,4227.94873,4243.461426,4234.743652,4233.589844,4235.769043,4199.743652,4182.307617,4227.94873,3
1669513515.159215,102.0,4228.077148,4231.282227,4234.743652,4224.615234,4232.692383,4200.0,4227.94873,4243.077148,4227.05127,4237.692383,4236.410156,4201.282227,4187.05127,4229.358887,3
1669513515.163117,103.0,4225.128418,4235.512695,4233.077148,4227.179688,4233.589844,4199.102539,4229.743652,4247.692383,4219.102539,4240.897461,4233.589844,4205.384766,4193.846191,4232.307617,3
1669513515.167018,104.0,4223.077148,4237.436035,4231.666504,4228.974121,4233.846191,4199.230957,4232.05127,4255.0,4217.436035,4242.820313,4230.512695,4211.794922,4199.102539,4236.410156,3
1669513515.170919,105.0,4224.615234,4238.974121,4232.563965,4230.256348,4233.589844,4201.282227,4233.333496,4260.769043,4223.974121,4244.358887,4231.282227,4217.820313,4199.871582,4241.025879,3
1669513515.174821,106.0,4229.615234,4241.538574,4236.025879,4231.153809,4233.333496,4205.256348,4233.333496,4261.153809,4234.743652,4246.794922,4236.666504,4220.256348,4196.538574,4245.256348,3
1669513515.178722,107.0,4235.512695,4244.230957,4239.871582,4230.897461,4234.102539,4209.102539,4232.94873,4256.153809,4242.94873,4250.256348,4243.589844,4217.307617,4191.282227,4247.307617,3
1669513515.182624,108.0,4238.717773,4244.871582,4241.282227,4228.974121,4235.769043,4210.897461,4232.692383,4248.974121,4243.846191,4252.692383,4247.563965,4210.256348,4187.05127,4245.256348,3
1669513515.186525,109.0,4237.307617,4241.666504,4238.846191,4225.769043,4237.179688,4209.743652,4232.05127,4243.717773,4237.692383,4251.282227,4245.512695,4201.922852,4184.615234,4238.974121,3
1669513515.190426,110.0,4232.307617,4234.871582,4233.589844,4223.205078,4236.922852,4206.153809,4230.0,4242.179688,4228.974121,4244.871582,4238.461426,4195.0,4183.461426,4230.256348,3
1669513515.194328,111.0,4227.05127,4227.820313,4229.102539,4223.205078,4235.128418,4201.666504,4226.794922,4243.461426,4222.563965,4236.410156,4230.769043,4191.410156,4182.563965,4222.820313,3
1669513515.198229,112.0,4225.128418,4224.743652,4228.205078,4226.153809,4233.461426,4198.205078,4223.846191,4245.384766,4220.384766,4230.641113,4227.179688,4191.410156,4181.666504,4219.615234,3
1669513515.20213,113.0,4228.205078,4227.05127,4231.153809,4230.512695,4234.230957,4197.05127,4222.94873,4246.153809,4220.641113,4231.153809,4229.615234,4195.0,4181.794922,4221.282227,3
1669513515.206032,114.0,4234.230957,4231.922852,4235.512695,4233.205078,4237.307617,4198.461426,4224.487305,4245.641113,4220.897461,4238.077148,4235.897461,4201.666504,4183.717773,4226.282227,3
1669513515.209933,115.0,4238.846191,4234.358887,4237.820313,4231.794922,4240.897461,4201.282227,4227.307617,4244.743652,4221.538574,4246.922852,4242.05127,4209.230957,4187.05127,4232.179688,3
1669513515.213835,116.0,4238.461426,4232.436035,4236.922852,4226.153809,4242.307617,4203.974121,4229.743652,4244.487305,4224.743652,4252.692383,4244.615234,4215.0,4189.230957,4237.307617,3
1669513515.217736,117.0,4232.94873,4228.333496,4233.717773,4219.230957,4240.256348,4205.512695,4230.769043,4245.897461,4231.282227,4252.820313,4242.94873,4216.282227,4188.205078,4240.0,3
1669513515.221637,118.0,4225.256348,4225.769043,4231.025879,4214.871582,4235.897461,4206.153809,4231.153809,4248.205078,4238.974121,4249.102539,4238.589844,4212.05127,4183.205078,4239.871582,3
1669513515.225539,119.0,4219.102539,4225.897461,4230.512695,4214.358887,4231.666504,4206.666504,4231.410156,4250.256348,4243.077148,4245.512695,4233.846191,4204.358887,4176.410156,4237.179688,3
1669513515.22944,120.0,4215.769043,4226.153809,4231.922852,4215.897461,4229.615234,4207.563965,4231.025879,4251.153809,4241.410156,4244.102539,4230.512695,4195.769043,4171.025879,4232.563965,3
1669513515.233342,121.0,4214.615234,4223.974121,4233.461426,4216.666504,4229.487305,4208.717773,4229.230957,4251.025879,4236.153809,4244.743652,4229.230957,4188.974121,4169.230957,4228.205078,3
1669513515.237243,122.0,4214.743652,4219.487305,4233.846191,4215.384766,4230.384766,4210.384766,4226.025879,4250.256348,4231.410156,4245.256348,4229.871582,4185.256348,4171.410156,4225.897461,3
1669513515.241144,123.0,4215.769043,4215.512695,4232.94873,4214.102539,4230.769043,4212.179688,4222.436035,4248.333496,4230.128418,4244.358887,4231.410156,4185.128418,4176.153809,4226.538574,3
1669513515.245046,124.0,4217.94873,4214.743652,4231.794922,4215.256348,4230.384766,4213.974121,4220.256348,4244.871582,4231.922852,4242.05127,4232.820313,4187.820313,4181.025879,4228.846191,3
1669513515.248947,125.0,4221.282227,4217.820313,4231.025879,4219.743652,4229.615234,4215.128418,4220.641113,4239.358887,4233.846191,4240.512695,4233.333496,4192.692383,4184.487305,4230.641113,3
1669513515.252849,126.0,4225.0,4223.717773,4231.025879,4226.153809,4229.743652,4215.641113,4223.589844,4233.077148,4233.717773,4241.538574,4233.846191,4199.230957,4186.666504,4231.538574,3
1669513515.25675,127.0,4227.94873,4230.641113,4232.05127,4231.922852,4231.153809,4216.025879,4227.436035,4229.230957,4231.794922,4244.743652,4235.641113,4206.922852,4188.589844,4231.538574,3
1669513515.260651,128.0,4228.846191,4235.641113,4233.717773,4234.102539,4233.077148,4216.666504,4229.615234,4230.897461,4229.615234,4248.077148,4239.230957,4213.974121,4191.153809,4231.666504,3
1669513515.264553,129.0,4227.05127,4235.769043,4234.743652,4231.666504,4234.102539,4217.94873,4229.358887,4237.820313,4228.846191,4249.615234,4243.589844,4217.179688,4193.846191,4232.436035,3
1669513515.268454,130.0,4222.692383,4230.128418,4233.974121,4226.410156,4233.461426,4219.358887,4227.436035,4246.025879,4230.256348,4249.102539,4246.538574,4214.615234,4194.871582,4233.589844,3
1669513515.272355,131.0,4217.307617,4221.153809,4231.282227,4221.410156,4232.436035,4219.743652,4225.897461,4250.769043,4232.307617,4247.563965,4247.05127,4207.436035,4193.974121,4233.846191,3
1669513515.276257,132.0,4213.333496,4213.589844,4227.563965,4220.128418,4232.05127,4218.717773,4226.282227,4250.256348,4232.94873,4245.769043,4245.384766,4199.615234,4192.563965,4232.436035,3
1669513515.280158,133.0,4212.179688,4211.282227,4224.230957,4223.717773,4232.307617,4216.922852,4228.205078,4247.307617,4231.538574,4244.743652,4241.794922,4195.641113,4192.692383,4229.615234,3
1669513515.28406,134.0,4214.230957,4214.743652,4222.94873,4231.025879,4232.563965,4215.897461,4230.128418,4246.410156,4230.897461,4245.256348,4237.94873,4198.461426,4196.025879,4227.563965,3
1669513515.287961,135.0,4218.205078,4222.05127,4224.102539,4238.974121,4232.692383,4216.666504,4230.384766,4250.0,4234.871582,4247.94873,4236.666504,4207.307617,4202.692383,4228.589844,3
1669513515.291862,136.0,4222.820313,4229.743652,4227.05127,4244.743652,4233.077148,4219.743652,4229.487305,4256.922852,4243.974121,4252.820313,4240.512695,4218.333496,4211.282227,4233.589844,3
1669513515.295764,137.0,4227.307617,4235.128418,4230.256348,4247.436035,4233.717773,4224.487305,4229.487305,4263.589844,4254.358887,4258.461426,4248.589844,4226.922852,4219.230957,4241.025879,3
1669513515.299665,138.0,4230.897461,4237.307617,4233.077148,4247.692383,4235.0,4229.743652,4231.538574,4266.153809,4260.128418,4262.94873,4256.666504,4230.128418,4224.615234,4247.94873,3
1669513515.303567,139.0,4233.077148,4238.077148,4235.256348,4247.307617,4237.436035,4233.846191,4234.230957,4262.692383,4258.589844,4264.871582,4260.0,4228.717773,4226.538574,4252.05127,3
1669513515.307468,140.0,4233.974121,4240.384766,4237.307617,4247.563965,4241.410156,4235.256348,4235.0,4254.102539,4251.153809,4264.230957,4257.820313,4225.769043,4225.897461,4252.692383,3
1669513515.311369,141.0,4234.358887,4245.384766,4239.230957,4248.717773,4245.897461,4233.846191,4232.307617,4243.717773,4242.820313,4262.436035,4253.717773,4224.102539,4223.974121,4250.384766,3
1669513515.315271,142.0,4234.871582,4250.769043,4239.871582,4249.615234,4248.205078,4230.384766,4227.563965,4235.512695,4238.333496,4261.282227,4252.05127,4224.487305,4222.179688,4246.282227,3
1669513515.319172,143.0,4235.0,4251.922852,4237.94873,4248.717773,4246.025879,4226.666504,4223.333496,4232.436035,4239.230957,4261.153809,4253.846191,4225.384766,4220.512695,4241.410156,3
1669513515.323074,144.0,4233.717773,4246.922852,4233.846191,4245.769043,4240.128418,4224.358887,4221.922852,4235.0,4244.615234,4261.922852,4257.436035,4225.384766,4218.717773,4237.05127,3
1669513515.326975,145.0,4231.538574,4238.461426,4230.256348,4242.307617,4234.487305,4225.0,4224.102539,4241.025879,4250.897461,4263.077148,4259.743652,4224.230957,4216.794922,4234.743652,3
1669513515.330876,146.0,4230.897461,4232.307617,4230.512695,4241.538574,4233.205078,4228.333496,4228.461426,4247.563965,4253.974121,4263.717773,4259.358887,4222.307617,4214.487305,4235.641113,3
1669513515.334778,147.0,4233.589844,4232.307617,4235.384766,4244.230957,4236.410156,4232.692383,4231.922852,4251.922852,4251.410156,4263.589844,4256.282227,4220.384766,4211.538574,4239.102539,3
1669513515.338679,148.0,4238.974121,4237.179688,4242.179688,4248.205078,4240.897461,4235.512695,4232.820313,4252.820313,4243.461426,4262.179688,4252.05127,4218.717773,4207.436035,4243.333496,3
1669513515.34258,149.0,4244.358887,4242.94873,4247.05127,4249.743652,4242.94873,4235.256348,4231.410156,4250.641113,4233.589844,4259.871582,4248.974121,4217.436035,4202.94873,4246.153809,3
1669513515.346482,150.0,4247.307617,4247.307617,4247.692383,4248.077148,4241.025879,4233.461426,4230.128418,4247.436035,4227.05127,4257.820313,4248.846191,4217.692383,4199.615234,4247.436035,3
1669513515.350383,151.0,4247.179688,4250.256348,4245.0,4244.487305,4237.05127,4232.307617,4230.897461,4246.410156,4227.94873,4258.077148,4251.794922,4220.769043,4199.102539,4248.717773,3
1669513515.354285,152.0,4245.0,4252.820313,4242.179688,4241.666504,4234.487305,4233.717773,4233.461426,4248.589844,4236.538574,4260.897461,4255.641113,4226.282227,4201.410156,4251.025879,3
1669513515.358186,153.0,4242.692383,4253.846191,4242.179688,4241.025879,4236.025879,4237.563965,4235.384766,4252.05127,4248.333496,4264.743652,4256.922852,4231.410156,4204.230957,4253.589844,3
1669513515.362087,154.0,4242.05127,4252.05127,4245.128418,4242.05127,4241.410156,4242.05127,4234.871582,4253.205078,4256.025879,4266.410156,4254.743652,4232.05127,4205.384766,4253.205078,3
1669513515.365989,155.0,4243.333496,4247.179688,4248.717773,4242.94873,4247.307617,4244.487305,4232.05127,4250.769043,4254.615234,4263.461426,4250.641113,4225.641113,4204.230957,4248.077148,3
1669513515.36989,156.0,4244.871582,4241.410156,4250.0,4241.538574,4248.846191,4243.974121,4229.102539,4246.794922,4245.128418,4256.922852,4247.436035,4213.974121,4201.538574,4239.358887,3
1669513515.373792,157.0,4244.487305,4237.179688,4248.077148,4237.563965,4244.487305,4242.05127,4228.461426,4244.615234,4233.461426,4250.641113,4246.410156,4203.077148,4198.846191,4231.282227,3
1669513515.377693,158.0,4240.897461,4236.794922,4244.358887,4232.94873,4237.307617,4241.282227,4230.256348,4245.128418,4227.436035,4248.205078,4247.436035,4199.102539,4197.820313,4229.102539,3
1669513515.381594,159.0,4236.153809,4241.025879,4241.922852,4230.384766,4232.436035,4242.94873,4233.333496,4246.922852,4230.641113,4251.282227,4250.0,4204.230957,4199.358887,4234.487305,3
1669513515.385496,160.0,4233.461426,4247.94873,4242.179688,4230.897461,4233.077148,4245.769043,4235.769043,4248.077148,4240.641113,4257.436035,4253.077148,4214.487305,4202.436035,4244.358887,3
1669513515.389397,161.0,4235.128418,4253.717773,4245.128418,4233.717773,4237.94873,4247.692383,4236.538574,4249.230957,4250.384766,4262.820313,4254.871582,4223.205078,4204.615234,4253.333496,3
1669513515.393299,162.0,4239.871582,4254.615234,4248.589844,4236.025879,4243.077148,4247.436035,4235.769043,4251.410156,4253.589844,4264.615234,4253.205078,4225.641113,4203.974121,4256.666504,3
1669513515.3972,163.0,4243.589844,4250.384766,4250.769043,4236.025879,4245.897461,4245.512695,4233.974121,4254.230957,4249.487305,4262.563965,4248.717773,4221.922852,4200.641113,4253.974121,3
1669513515.401101,164.0,4242.563965,4244.358887,4251.153809,4233.333496,4245.769043,4243.717773,4232.179688,4255.128418,4241.666504,4258.717773,4244.743652,4216.282227,4196.282227,4247.820313,3
1669513515.405002,165.0,4236.666504,4240.128418,4249.871582,4229.615234,4243.974121,4243.461426,4231.282227,4252.563965,4234.871582,4255.512695,4243.717773,4212.94873,4193.077148,4242.05127,3
1669513515.408904,166.0,4229.487305,4239.743652,4247.563965,4226.666504,4241.922852,4245.0,4231.666504,4248.333496,4232.307617,4254.615234,4246.153809,4214.102539,4192.05127,4239.871582,3
1669513515.412805,167.0,4226.153809,4242.563965,4245.128418,4226.410156,4240.897461,4247.307617,4232.692383,4246.153809,4235.769043,4256.922852,4250.641113,4218.974121,4193.717773,4242.692383,3
1669513515.416707,168.0,4229.743652,4246.794922,4243.846191,4229.743652,4242.05127,4249.487305,4233.846191,4248.974121,4246.410156,4263.205078,4256.666504,4225.769043,4197.563965,4249.615234,3
1669513515.420608,169.0,4238.974121,4250.641113,4245.128418,4236.025879,4245.0,4250.897461,4235.0,4255.769043,4261.666504,4272.05127,4263.717773,4232.05127,4202.692383,4257.563965,3
1669513515.424509,170.0,4248.974121,4253.077148,4248.974121,4243.461426,4247.820313,4251.410156,4235.641113,4262.436035,4274.615234,4280.128418,4269.871582,4234.871582,4207.563965,4263.077148,3
1669513515.428411,171.0,4254.358887,4253.077148,4253.589844,4248.974121,4248.974121,4250.769043,4235.769043,4264.230957,4277.307617,4282.94873,4272.820313,4233.077148,4210.641113,4263.846191,3
1669513515.432312,172.0,4253.589844,4250.641113,4256.922852,4250.384766,4248.333496,4249.358887,4235.256348,4259.743652,4266.666504,4279.102539,4271.153809,4228.461426,4211.666504,4260.512695,3
1669513515.436214,173.0,4249.230957,4247.05127,4257.820313,4248.333496,4247.820313,4248.077148,4234.743652,4251.794922,4247.94873,4271.410156,4267.307617,4225.769043,4211.922852,4256.282227,3
1669513515.440115,174.0,4245.384766,4245.0,4256.282227,4245.897461,4248.589844,4247.820313,4235.128418,4246.025879,4233.205078,4265.897461,4264.487305,4229.102539,4213.589844,4254.743652,3
1669513515.444016,175.0,4244.102539,4246.153809,4253.589844,4245.769043,4250.256348,4248.461426,4236.025879,4246.153809,4232.179688,4265.897461,4264.615234,4238.333496,4217.563965,4257.05127,3
1669513515.447918,176.0,4245.0,4249.487305,4250.897461,4247.94873,4251.282227,4248.974121,4236.538574,4250.384766,4244.358887,4269.615234,4266.153809,4247.94873,4221.794922,4260.641113,3
1669513515.451819,177.0,4246.282227,4252.307617,4248.589844,4250.769043,4250.512695,4248.589844,4235.641113,4253.461426,4258.846191,4272.307617,4266.282227,4251.153809,4222.436035,4261.666504,3
1669513515.455721,178.0,4246.538574,4252.692383,4246.794922,4252.179688,4248.717773,4247.820313,4233.717773,4251.538574,4263.846191,4270.897461,4264.230957,4245.769043,4218.333496,4259.358887,3
1669513515.459622,179.0,4245.769043,4251.153809,4245.769043,4251.666504,4247.179688,4247.563965,4231.922852,4246.794922,4255.641113,4266.922852,4262.436035,4236.025879,4211.922852,4256.794922,3
1669513515.463523,180.0,4244.358887,4249.230957,4245.897461,4250.0,4247.05127,4248.461426,4231.410156,4244.615234,4240.897461,4263.974121,4263.333496,4229.102539,4207.692383,4257.563965,3
1669513515.467425,181.0,4242.05127,4248.077148,4246.410156,4248.333496,4247.94873,4249.743652,4231.922852,4248.333496,4230.384766,4265.0,4266.538574,4229.358887,4208.077148,4261.666504,3
1669513515.471326,182.0,4238.974121,4247.563965,4246.410156,4247.563965,4248.461426,4250.256348,4232.563965,4256.025879,4231.282227,4268.974121,4268.974121,4235.128418,4211.538574,4265.769043,3
1669513515.475227,183.0,4235.512695,4247.179688,4244.743652,4247.436035,4246.410156,4249.230957,4232.179688,4261.666504,4242.307617,4272.436035,4266.922852,4240.769043,4214.102539,4265.128418,3
1669513515.479129,184.0,4232.563965,4246.025879,4241.153809,4246.922852,4241.666504,4246.922852,4230.384766,4260.769043,4255.641113,4272.179688,4260.128418,4241.025879,4212.563965,4258.717773,3
1669513515.48303,185.0,4230.512695,4243.974121,4236.922852,4244.487305,4236.025879,4244.487305,4227.820313,4254.487305,4262.436035,4267.436035,4251.666504,4235.897461,4207.307617,4250.384766,3
1669513515.486932,186.0,4229.102539,4242.05127,4233.461426,4240.384766,4232.307617,4243.077148,4226.025879,4247.436035,4259.230957,4260.897461,4246.794922,4229.358887,4202.436035,4245.0,3
1669513515.490833,187.0,4228.077148,4242.05127,4231.922852,4235.769043,4231.538574,4243.589844,4226.153809,4243.717773,4249.871582,4256.538574,4248.846191,4226.282227,4202.307617,4245.0,3
1669513515.494734,188.0,4227.179688,4244.871582,4232.307617,4232.692383,4232.563965,4245.128418,4228.461426,4243.846191,4241.666504,4256.922852,4256.794922,4227.820313,4207.436035,4248.077148,3
1669513515.498636,189.0,4226.794922,4248.974121,4233.589844,4232.307617,4233.974121,4246.282227,4231.666504,4246.666504,4239.871582,4261.922852,4265.769043,4231.666504,4214.615234,4250.512695,3
1669513515.502537,190.0,4227.436035,4252.179688,4235.0,4235.0,4235.128418,4245.897461,4234.230957,4250.256348,4245.128418,4269.358887,4270.641113,4234.871582,4219.358887,4250.512695,3
1669513515.506439,191.0,4229.615234,4252.820313,4236.153809,4239.358887,4236.410156,4244.487305,4234.615234,4252.563965,4254.358887,4276.153809,4270.256348,4235.897461,4220.128418,4249.615234,3
1669513515.51034,192.0,4232.563965,4250.641113,4237.563965,4243.461426,4237.692383,4243.717773,4232.563965,4251.922852,4262.436035,4279.743652,4267.179688,4235.897461,4218.077148,4249.743652,3
1669513515.514241,193.0,4234.743652,4247.307617,4239.487305,4245.897461,4238.077148,4244.230957,4229.487305,4248.846191,4264.615234,4278.077148,4264.743652,4235.897461,4216.025879,4252.05127,3
1669513515.518143,194.0,4234.871582,4244.743652,4241.282227,4246.282227,4237.05127,4245.769043,4227.179688,4245.641113,4258.717773,4272.307617,4264.358887,4236.282227,4215.897461,4255.769043,3
1669513515.522044,195.0,4233.846191,4244.230957,4242.692383,4245.512695,4235.897461,4247.692383,4226.922852,4245.512695,4248.974121,4266.794922,4265.384766,4236.794922,4217.179688,4259.871582,3
1669513515.525946,196.0,4233.846191,4245.256348,4243.846191,4245.384766,4236.153809,4248.846191,4228.846191,4249.230957,4242.692383,4265.769043,4266.025879,4237.692383,4218.461426,4263.846191,3
1669513515.529847,197.0,4236.538574,4246.666504,4245.0,4246.410156,4238.205078,4248.846191,4231.410156,4254.615234,4244.615234,4269.871582,4265.512695,4238.974121,4218.333496,4266.922852,3
1669513515.533748,198.0,4240.128418,4247.436035,4246.282227,4248.077148,4240.256348,4247.94873,4232.94873,4258.589844,4252.436035,4275.256348,4264.230957,4239.871582,4216.922852,4267.436035,3
1669513515.53765,199.0,4241.538574,4246.922852,4247.307617,4249.102539,4240.384766,4246.666504,4232.05127,4258.333496,4258.846191,4276.410156,4262.94873,4239.230957,4215.0,4263.846191,3
1669513515.541551,200.0,4239.230957,4245.0,4247.563965,4248.205078,4237.94873,4245.641113,4229.743652,4254.102539,4258.333496,4271.794922,4262.05127,4235.897461,4213.205078,4256.922852,3
1669513515.545452,201.0,4234.487305,4243.077148,4246.666504,4246.025879,4235.128418,4245.512695,4227.436035,4248.589844,4252.692383,4265.384766,4261.922852,4231.153809,4212.179688,4249.871582,3
1669513515.549354,202.0,4231.153809,4242.692383,4245.641113,4244.743652,4235.128418,4246.153809,4227.307617,4246.538574,4249.358887,4263.717773,4262.307617,4227.692383,4212.820313,4246.794922,3
1669513515.553255,203.0,4232.563965,4244.743652,4245.512695,4246.282227,4238.974121,4247.179688,4229.358887,4250.512695,4254.230957,4269.615234,4263.461426,4227.563965,4216.282227,4249.358887,3
1669513515.557157,204.0,4238.589844,4248.333496,4247.179688,4250.641113,4244.871582,4248.717773,4232.563965,4258.589844,4264.871582,4279.230957,4265.0,4230.256348,4221.025879,4255.256348,3
1669513515.561058,205.0,4246.153809,4251.025879,4249.871582,4255.384766,4249.743652,4251.153809,4234.871582,4264.487305,4272.563965,4285.512695,4266.153809,4232.820313,4223.461426,4259.230957,3
1669513515.564959,206.0,4251.282227,4250.769043,4252.692383,4258.205078,4251.794922,4254.871582,4235.128418,4264.102539,4271.538574,4283.589844,4266.410156,4232.563965,4221.025879,4257.820313,3
1669513515.568861,207.0,4252.436035,4247.563965,4255.256348,4258.333496,4251.922852,4258.974121,4233.717773,4258.205078,4263.974121,4274.871582,4265.0,4229.102539,4214.487305,4251.794922,3
1669513515.572762,208.0,4250.897461,4244.102539,4257.820313,4256.794922,4252.563965,4261.410156,4231.794922,4252.436035,4257.563965,4265.512695,4261.922852,4225.128418,4207.94873,4245.897461,3
1669513515.576664,209.0,4249.230957,4243.717773,4260.897461,4255.769043,4255.0,4261.153809,4230.769043,4250.384766,4257.05127,4260.897461,4257.692383,4224.615234,4206.282227,4244.743652,3
1669513515.580565,210.0,4249.230957,4247.307617,4263.846191,4256.538574,4257.94873,4258.589844,4230.897461,4250.641113,4259.743652,4261.922852,4253.974121,4228.717773,4210.384766,4248.461426,3
1669513515.584466,211.0,4250.641113,4252.307617,4265.641113,4258.717773,4258.589844,4255.128418,4232.05127,4248.461426,4258.846191,4264.743652,4252.179688,4233.974121,4216.922852,4253.333496,3
1669513515.588368,212.0,4252.307617,4254.487305,4265.256348,4260.384766,4255.769043,4251.794922,4233.461426,4242.179688,4250.128418,4264.871582,4252.563965,4235.256348,4220.641113,4254.615234,3
1669513515.592269,213.0,4252.436035,4251.282227,4262.820313,4260.641113,4251.282227,4249.487305,4233.974121,4235.128418,4236.666504,4261.025879,4254.230957,4230.897461,4218.589844,4251.025879,3
1669513515.596171,214.0,4251.282227,4244.487305,4260.384766,4259.743652,4248.205078,4248.974121,4233.589844,4232.692383,4227.563965,4256.410156,4255.256348,4224.230957,4212.820313,4245.769043,3
1669513515.600072,215.0,4250.256348,4238.846191,4259.871582,4259.230957,4248.461426,4250.897461,4232.563965,4237.307617,4229.358887,4254.871582,4254.615234,4220.128418,4208.589844,4242.820313,3
1669513515.603973,216.0,4250.384766,4238.846191,4261.538574,4259.871582,4250.641113,4254.230957,4231.922852,4246.410156,4240.256348,4258.077148,4252.563965,4220.897461,4209.871582,4244.102539,3
1669513515.607875,217.0,4251.153809,4244.871582,4263.846191,4260.769043,4252.692383,4256.922852,4231.794922,4254.743652,4251.025879,4262.94873,4250.0,4225.0,4215.512695,4247.820313,3
1669513515.611776,218.0,4251.410156,4252.692383,4264.871582,4260.384766,4252.820313,4257.436035,4232.05127,4257.692383,4253.461426,4265.769043,4248.717773,4228.333496,4220.128418,4250.897461,3
1669513515.615677,219.0,4250.512695,4256.410156,4263.333496,4257.94873,4251.410156,4255.897461,4231.794922,4254.615234,4246.794922,4263.974121,4249.230957,4227.820313,4219.102539,4251.153809,3
1669513515.619579,220.0,4248.589844,4252.692383,4259.743652,4253.846191,4249.487305,4253.717773,4230.897461,4248.461426,4236.794922,4257.820313,4250.384766,4222.94873,4211.794922,4248.717773,3
1669513515.62348,221.0,4246.282227,4243.461426,4255.256348,4249.230957,4247.692383,4251.666504,4229.615234,4243.717773,4229.615234,4250.384766,4250.0,4216.282227,4202.307617,4244.743652,3
1669513515.627382,222.0,4244.230957,4234.358887,4251.282227,4245.769043,4246.410156,4250.384766,4228.717773,4242.94873,4227.820313,4245.256348,4247.436035,4211.538574,4196.410156,4241.153809,3
1669513515.631283,223.0,4242.820313,4230.641113,4248.974121,4244.871582,4246.282227,4250.384766,4228.589844,4245.0,4230.769043,4244.615234,4244.487305,4211.538574,4197.563965,4239.871582,3
1669513515.635184,224.0,4242.820313,4233.974121,4248.205078,4247.307617,4247.692383,4251.922852,4229.230957,4246.666504,4237.05127,4248.589844,4244.102539,4215.641113,4204.487305,4241.282227,3
1669513515.639086,225.0,4244.102539,4241.410156,4248.589844,4252.179688,4250.256348,4254.615234,4230.384766,4246.410156,4245.256348,4255.256348,4248.077148,4220.769043,4212.820313,4244.871582,3
1669513515.642987,226.0,4246.282227,4248.205078,4250.128418,4257.05127,4252.563965,4257.436035,4231.922852,4245.384766,4253.333496,4262.179688,4255.128418,4223.461426,4218.717773,4248.205078,3
1669513515.646889,227.0,4247.94873,4250.769043,4252.820313,4260.0,4253.077148,4259.871582,4233.205078,4245.769043,4257.692383,4266.538574,4261.282227,4222.436035,4220.256348,4248.846191,3
1669513515.65079,228.0,4248.461426,4248.461426,4256.025879,4259.871582,4251.794922,4261.922852,4233.974121,4248.077148,4255.512695,4266.922852,4263.717773,4219.102539,4217.692383,4246.538574,3
1669513515.654691,229.0,4248.077148,4243.846191,4258.589844,4257.94873,4250.0,4263.461426,4233.974121,4250.256348,4248.333496,4264.358887,4262.692383,4217.563965,4213.846191,4243.589844,3
1669513515.658593,230.0,4247.563965,4240.641113,4259.230957,4255.897461,4249.743652,4263.717773,4233.589844,4250.512695,4241.666504,4262.179688,4260.897461,4221.153809,4211.922852,4243.461426,3
1669513515.662494,231.0,4247.563965,4242.05127,4258.589844,4255.384766,4252.307617,4262.307617,4233.461426,4249.102539,4241.025879,4263.717773,4261.153809,4229.871582,4213.846191,4247.563965,3
1669513515.666396,232.0,4248.589844,4248.461426,4258.077148,4257.05127,4257.307617,4260.641113,4233.589844,4247.563965,4247.179688,4269.358887,4264.230957,4239.743652,4219.615234,4254.487305,3
1669513515.670297,233.0,4250.512695,4256.666504,4259.102539,4260.128418,4262.179688,4261.153809,4233.846191,4246.410156,4255.128418,4275.128418,4267.692383,4245.897461,4226.025879,4260.128418,3
1669513515.674198,234.0,4252.307617,4262.179688,4261.282227,4262.94873,4264.487305,4264.743652,4233.589844,4245.512695,4259.230957,4277.05127,4268.717773,4244.871582,4229.358887,4261.153809,3
1669513515.6781,235.0,4252.820313,4261.666504,4262.692383,4263.974121,4262.692383,4268.846191,4232.692383,4245.512695,4257.692383,4273.846191,4265.897461,4237.563965,4227.436035,4256.794922,3
1669513515.682001,236.0,4251.025879,4256.025879,4261.666504,4262.436035,4258.077148,4270.128418,4231.922852,4246.794922,4254.230957,4268.205078,4261.153809,4228.333496,4221.410156,4249.871582,3
1669513515.685902,237.0,4247.563965,4249.358887,4258.205078,4258.846191,4252.94873,4267.179688,4231.794922,4249.358887,4254.102539,4265.0,4257.820313,4222.692383,4214.871582,4244.487305,3
1669513515.689804,238.0,4243.717773,4245.128418,4253.974121,4254.358887,4249.358887,4262.179688,4232.436035,4251.794922,4258.846191,4266.922852,4258.846191,4223.205078,4211.666504,4243.974121,3
1669513515.693705,239.0,4241.153809,4244.358887,4250.512695,4250.256348,4247.820313,4258.717773,4233.461426,4253.077148,4264.487305,4272.436035,4263.333496,4227.692383,4212.94873,4247.307617,3
1669513515.697606,240.0,4240.256348,4245.512695,4248.333496,4247.05127,4247.436035,4258.333496,4233.589844,4252.563965,4263.846191,4276.410156,4267.307617,4231.922852,4216.282227,4251.025879,3
1669513515.701508,241.0,4241.025879,4246.538574,4247.692383,4245.256348,4247.563965,4260.512695,4232.179688,4250.512695,4254.102539,4274.871582,4267.563965,4232.692383,4218.461426,4251.538574,3
1669513515.705409,242.0,4242.692383,4246.794922,4248.974121,4245.769043,4247.820313,4262.820313,4230.256348,4248.077148,4239.358887,4268.205078,4264.102539,4231.025879,4217.820313,4248.846191,3
1669513515.709311,243.0,4244.871582,4247.307617,4251.794922,4248.205078,4248.589844,4263.461426,4229.358887,4246.922852,4228.846191,4260.512695,4259.871582,4229.358887,4215.641113,4246.025879,3
1669513515.713212,244.0,4247.05127,4249.230957,4255.0,4251.153809,4249.743652,4261.666504,4230.384766,4248.077148,4228.333496,4256.922852,4258.717773,4229.871582,4214.358887,4246.538574,3
1669513515.717113,245.0,4248.589844,4252.820313,4257.05127,4252.563965,4250.897461,4258.589844,4232.436035,4251.025879,4236.153809,4258.974121,4261.282227,4232.436035,4214.871582,4251.538574,3
1669513515.721015,246.0,4248.717773,4256.538574,4256.922852,4251.410156,4251.025879,4256.666504,4233.077148,4253.205078,4245.769043,4264.230957,4265.512695,4235.256348,4216.666504,4259.230957,3
1669513515.724916,247.0,4247.94873,4257.94873,4254.358887,4248.846191,4249.743652,4257.179688,4230.897461,4252.307617,4251.153809,4268.077148,4268.077148,4237.05127,4218.077148,4265.512695,3
1669513515.728818,248.0,4247.307617,4255.769043,4250.384766,4247.05127,4247.563965,4259.102539,4227.05127,4248.717773,4250.512695,4268.461426,4267.179688,4237.692383,4218.461426,4267.563965,3
1669513515.732719,249.0,4247.820313,4250.769043,4246.794922,4247.179688,4245.769043,4259.871582,4224.102539,4244.871582,4246.922852,4266.538574,4263.846191,4237.436035,4218.461426,4264.487305,3
1669513515.73662,250.0,4249.487305,4246.282227,4245.384766,4248.461426,4245.641113,4257.307617,4224.358887,4243.717773,4244.743652,4265.384766,4260.769043,4236.025879,4218.717773,4258.333496,3
1669513515.740522,251.0,4250.769043,4245.0,4247.179688,4249.743652,4246.922852,4252.563965,4227.436035,4246.538574,4246.153809,4266.666504,4260.384766,4232.820313,4218.846191,4252.307617,3
1669513515.744423,252.0,4250.384766,4247.820313,4250.769043,4250.0,4248.589844,4248.846191,4230.897461,4251.025879,4250.897461,4270.256348,4262.692383,4229.230957,4218.077148,4249.487305,3
1669513515.748325,253.0,4248.461426,4253.461426,4254.230957,4249.358887,4249.230957,4248.846191,4232.179688,4253.717773,4256.922852,4274.230957,4265.512695,4228.333496,4216.794922,4251.666504,3
1669513515.752226,254.0,4246.794922,4259.871582,4255.641113,4249.102539,4248.717773,4251.794922,4231.025879,4253.077148,4261.794922,4277.436035,4266.794922,4232.307617,4216.538574,4257.692383,3
1669513515.756127,255.0,4247.436035,4264.871582,4254.743652,4249.871582,4247.692383,4254.230957,4229.102539,4250.256348,4264.230957,4279.230957,4266.025879,4239.230957,4218.717773,4264.230957,3
1669513515.760029,0.0,4250.384766,4266.922852,4252.563965,4251.794922,4247.05127,4253.333496,4228.461426,4247.307617,4264.102539,4280.0,4264.487305,4244.230957,4222.307617,4267.563965,3
1669513515.76393,1.0,4254.230957,4265.128418,4250.256348,4253.846191,4246.922852,4249.743652,4229.615234,4246.410156,4262.436035,4279.871582,4263.974121,4244.230957,4225.0,4266.666504,3
1669513515.767831,2.0,4256.410156,4261.025879,4248.461426,4254.487305,4247.307617,4246.410156,4231.666504,4247.94873,4261.025879,4279.358887,4265.0,4239.743652,4224.871582,4263.461426,3
1669513515.771733,3.0,4255.256348,4257.307617,4247.563965,4252.692383,4247.436035,4245.769043,4232.563965,4250.769043,4261.538574,4278.846191,4266.538574,4234.871582,4222.307617,4261.025879,3
1669513515.775634,4.0,4251.666504,4256.666504,4247.179688,4249.230957,4246.666504,4248.205078,4231.025879,4252.563965,4264.487305,4278.589844,4267.179688,4233.461426,4219.487305,4261.538574,3
1669513515.779536,5.0,4247.94873,4259.230957,4247.436035,4246.538574,4245.384766,4251.538574,4227.436035,4251.666504,4268.461426,4278.717773,4266.282227,4236.153809,4218.974121,4264.487305,3
1669513515.783437,6.0,4246.282227,4262.692383,4247.820313,4246.282227,4244.230957,4253.589844,4224.230957,4249.230957,4270.512695,4279.230957,4264.743652,4240.128418,4221.025879,4267.179688,3
1669513515.787338,7.0,4247.179688,4263.205078,4248.333496,4248.333496,4243.974121,4253.205078,4223.589844,4247.94873,4268.846191,4279.358887,4263.077148,4241.153809,4223.846191,4266.922852,3
1669513515.79124,8.0,4249.358887,4259.230957,4249.102539,4250.641113,4245.0,4251.153809,4225.769043,4249.487305,4263.461426,4278.333496,4261.410156,4236.922852,4224.102539,4263.077148,3
1669513515.795141,9.0,4250.641113,4252.05127,4249.743652,4251.666504,4247.05127,4249.743652,4229.358887,4252.436035,4258.461426,4276.153809,4259.871582,4229.230957,4220.897461,4258.077148,3
1669513515.799043,10.0,4250.128418,4245.897461,4249.615234,4251.282227,4249.102539,4250.512695,4232.307617,4255.384766,4258.717773,4273.974121,4259.743652,4223.461426,4216.410156,4256.025879,3
1669513515.802944,11.0,4248.717773,4244.615234,4248.461426,4250.641113,4250.256348,4253.205078,4233.846191,4257.692383,4265.641113,4273.974121,4262.692383,4224.230957,4214.615234,4258.717773,3
1669513515.806845,12.0,4248.333496,4249.871582,4247.820313,4251.025879,4250.256348,4255.256348,4233.589844,4260.0,4275.256348,4277.307617,4268.717773,4232.307617,4218.589844,4264.230957,3
1669513515.810747,13.0,4250.641113,4259.230957,4249.102539,4252.307617,4249.615234,4255.0,4231.922852,4262.179688,4281.025879,4282.05127,4275.512695,4242.94873,4226.666504,4268.846191,3
1669513515.814648,14.0,4254.871582,4267.820313,4252.820313,4253.717773,4249.358887,4252.94873,4229.358887,4262.820313,4278.717773,4284.615234,4279.487305,4250.128418,4234.487305,4270.0,3
1669513515.81855,15.0,4258.333496,4270.512695,4257.179688,4254.230957,4249.743652,4251.153809,4226.794922,4260.897461,4269.743652,4282.307617,4278.077148,4250.256348,4236.794922,4268.461426,3
1669513515.822451,16.0,4258.846191,4265.897461,4258.974121,4253.077148,4250.384766,4251.282227,4225.384766,4256.666504,4259.230957,4275.897461,4271.538574,4244.615234,4231.922852,4266.282227,3
1669513515.826352,17.0,4255.897461,4257.05127,4256.794922,4251.282227,4250.641113,4252.307617,4225.256348,4251.922852,4252.436035,4268.717773,4263.461426,4237.307617,4222.820313,4264.615234,3
1669513515.830254,18.0,4251.282227,4249.230957,4251.538574,4249.230957,4250.128418,4252.179688,4226.538574,4249.358887,4252.05127,4264.487305,4258.077148,4232.179688,4214.487305,4262.563965,3
1669513515.834155,19.0,4247.05127,4245.769043,4246.538574,4247.436035,4248.974121,4250.256348,4228.205078,4250.512695,4257.307617,4264.871582,4257.563965,4229.871582,4210.512695,4258.461426,3
1669513515.838056,20.0,4245.0,4246.282227,4244.230957,4246.153809,4248.077148,4248.333496,4229.487305,4255.128418,4265.769043,4269.102539,4260.769043,4229.230957,4211.282227,4252.820313,3
1669513515.841958,21.0,4245.384766,4247.820313,4245.0,4245.769043,4247.94873,4249.358887,4229.743652,4260.512695,4274.230957,4274.871582,4264.487305,4228.589844,4214.358887,4248.333496,3
1669513515.845859,22.0,4247.05127,4248.846191,4247.436035,4246.153809,4248.717773,4254.230957,4229.615234,4263.717773,4280.641113,4279.358887,4266.410156,4228.205078,4216.538574,4247.692383,3
1669513515.849761,23.0,4248.077148,4249.487305,4249.230957,4247.307617,4249.743652,4260.641113,4230.0,4263.077148,4283.205078,4281.025879,4266.153809,4229.487305,4216.666504,4252.179688,3
1669513515.853662,24.0,4247.820313,4251.153809,4249.230957,4248.077148,4250.256348,4264.871582,4231.410156,4259.358887,4280.641113,4279.615234,4264.871582,4233.333496,4215.512695,4259.615234,3
1669513515.857563,25.0,4246.794922,4254.487305,4247.94873,4248.333496,4250.0,4264.487305,4232.436035,4254.743652,4273.846191,4276.025879,4263.974121,4238.589844,4215.769043,4265.897461,3
1669513515.861465,26.0,4245.769043,4258.333496,4246.794922,4248.461426,4249.358887,4259.487305,4231.538574,4251.410156,4266.025879,4271.410156,4263.205078,4242.179688,4218.589844,4268.205078,3
1669513515.865366,27.0,4245.897461,4260.769043,4246.922852,4249.615234,4248.589844,4252.692383,4228.333496,4250.0,4260.641113,4267.307617,4262.179688,4241.666504,4223.205078,4265.897461,3
1669513515.869268,28.0,4247.692383,4259.871582,4247.94873,4252.563965,4248.589844,4247.436035,4224.230957,4250.0,4259.102539,4264.871582,4261.025879,4237.05127,4227.436035,4261.153809,3
1669513515.873169,29.0,4250.512695,4256.025879,4248.846191,4256.666504,4249.615234,4246.153809,4221.282227,4250.128418,4259.871582,4264.487305,4260.641113,4231.922852,4229.615234,4257.307617,3
1669513515.87707,30.0,4252.820313,4251.538574,4248.974121,4259.487305,4250.897461,4248.205078,4220.897461,4249.487305,4260.256348,4265.512695,4261.538574,4230.897461,4229.743652,4257.05127,3
1669513515.880972,31.0,4253.333496,4248.589844,4248.205078,4258.589844,4251.025879,4250.512695,4221.922852,4247.94873,4258.333496,4266.153809,4263.461426,4235.512695,4228.717773,4260.256348,3
1669513515.884873,32.0,4251.025879,4248.461426,4246.794922,4253.717773,4249.487305,4250.641113,4222.436035,4245.769043,4254.230957,4264.871582,4264.743652,4243.205078,4227.692383,4264.358887,3
1669513515.888775,33.0,4246.282227,4250.256348,4245.256348,4247.307617,4247.05127,4248.589844,4220.897461,4243.461426,4249.615234,4262.05127,4263.974121,4248.846191,4227.179688,4265.897461,3
1669513515.892676,34.0,4241.410156,4252.563965,4243.717773,4242.94873,4245.256348,4246.666504,4218.077148,4242.307617,4246.153809,4259.487305,4261.153809,4248.589844,4226.794922,4263.077148,3
1669513515.896577,35.0,4239.102539,4253.846191,4242.94873,4243.205078,4245.512695,4246.794922,4215.897461,4242.692383,4243.205078,4258.589844,4257.307617,4242.692383,4225.384766,4257.05127,3
1669513515.900479,36.0,4240.512695,4252.820313,4243.077148,4247.563965,4247.563965,4248.589844,4215.641113,4243.461426,4240.256348,4259.102539,4255.128418,4235.128418,4222.563965,4250.512695,3
1669513515.90438,37.0,4244.871582,4249.358887,4244.102539,4252.94873,4249.615234,4250.384766,4216.922852,4242.563965,4238.205078,4259.871582,4256.025879,4230.512695,4218.589844,4246.922852,3
1669513515.908281,38.0,4249.102539,4244.615234,4245.256348,4255.897461,4250.128418,4250.897461,4218.205078,4239.358887,4239.615234,4259.871582,4260.384766,4231.410156,4215.384766,4248.589844,3
1669513515.912183,39.0,4250.897461,4241.538574,4245.769043,4254.743652,4248.461426,4250.128418,4218.589844,4235.384766,4245.769043,4260.641113,4266.282227,4237.307617,4215.0,4255.0,3
1669513515.916084,40.0,4249.615234,4243.589844,4245.512695,4251.153809,4245.897461,4249.230957,4217.692383,4232.563965,4254.230957,4263.717773,4270.897461,4245.256348,4218.589844,4263.077148,3
1669513515.919986,41.0,4247.436035,4251.666504,4244.871582,4247.820313,4244.615234,4249.487305,4216.922852,4231.794922,4260.0,4269.871582,4272.436035,4251.666504,4225.128418,4268.846191,3
1669513515.923887,42.0,4246.538574,4262.179688,4244.743652,4247.05127,4245.897461,4250.256348,4217.307617,4231.922852,4259.615234,4276.410156,4270.641113,4254.230957,4231.922852,4270.256348,3
1669513515.927788,43.0,4247.563965,4268.589844,4245.0,4248.205078,4248.589844,4250.256348,4218.717773,4232.05127,4254.230957,4280.0,4267.307617,4252.307617,4235.256348,4267.94873,3
1669513515.93169,44.0,4249.230957,4266.282227,4245.256348,4249.487305,4250.769043,4248.589844,4219.615234,4232.307617,4248.205078,4278.461426,4264.230957,4248.205078,4233.333496,4264.230957,3
1669513515.935591,45.0,4249.615234,4257.05127,4244.871582,4249.743652,4251.025879,4246.666504,4218.717773,4233.205078,4245.769043,4273.205078,4263.077148,4244.871582,4227.179688,4261.922852,3
1669513515.939493,46.0,4248.205078,4247.563965,4243.974121,4248.974121,4249.487305,4246.666504,4216.922852,4235.641113,4247.820313,4267.563965,4263.846191,4244.487305,4220.641113,4262.05127,3
1669513515.943394,47.0,4245.641113,4244.102539,4243.205078,4247.820313,4247.692383,4249.615234,4216.538574,4239.871582,4252.05127,4264.487305,4265.256348,4246.410156,4217.179688,4264.230957,3
1669513515.947295,48.0,4243.589844,4247.94873,4242.94873,4246.794922,4246.410156,4253.846191,4218.589844,4244.871582,4254.871582,4264.358887,4265.512695,4248.333496,4217.05127,4267.179688,3
1669513515.951197,49.0,4242.94873,4255.128418,4242.94873,4245.897461,4246.025879,4257.05127,4222.820313,4248.589844,4254.358887,4265.256348,4263.333496,4248.333496,4218.205078,4270.0,3
1669513515.955098,50.0,4243.846191,4260.384766,4243.461426,4245.512695,4246.282227,4257.692383,4227.563965,4249.615234,4250.897461,4264.871582,4260.0,4246.666504,4217.94873,4272.05127,3
1669513515.959,51.0,4246.282227,4261.410156,4245.384766,4246.282227,4247.436035,4256.666504,4231.922852,4248.461426,4246.538574,4263.333496,4258.717773,4244.871582,4216.282227,4273.589844,3
1669513515.962901,52.0,4249.743652,4259.871582,4249.358887,4247.692383,4249.871582,4255.897461,4234.615234,4247.179688,4243.974121,4263.205078,4261.538574,4244.743652,4215.256348,4275.128418,3
1669513515.966802,53.0,4253.077148,4260.0,4254.487305,4248.974121,4253.589844,4257.563965,4235.256348,4247.436035,4244.871582,4267.05127,4268.077148,4246.794922,4216.922852,4277.05127,3
1669513515.970703,54.0,4255.0,4263.589844,4258.717773,4249.487305,4257.05127,4261.538574,4234.230957,4249.615234,4249.230957,4274.871582,4275.128418,4249.743652,4221.025879,4279.487305,3
1669513515.974605,55.0,4254.230957,4268.846191,4260.256348,4248.846191,4258.333496,4265.897461,4232.692383,4253.589844,4255.641113,4282.563965,4278.717773,4252.307617,4224.743652,4281.538574,3
1669513515.978506,56.0,4251.282227,4271.410156,4258.461426,4247.563965,4256.282227,4267.94873,4231.666504,4258.333496,4261.666504,4285.897461,4277.179688,4252.820313,4225.256348,4281.794922,3
1669513515.982408,57.0,4248.077148,4268.589844,4254.358887,4245.897461,4252.179688,4266.410156,4231.794922,4262.179688,4265.641113,4282.820313,4271.282227,4250.512695,4221.538574,4279.358887,3
1669513515.986309,58.0,4246.153809,4260.897461,4249.615234,4244.102539,4248.333496,4262.94873,4232.436035,4263.589844,4266.666504,4275.0,4263.974121,4246.025879,4215.641113,4274.230957,3
1669513515.99021,59.0,4245.897461,4251.282227,4246.153809,4242.05127,4246.538574,4260.128418,4233.077148,4261.666504,4264.615234,4266.410156,4258.589844,4240.256348,4210.897461,4267.05127,3
1669513515.994112,60.0,4246.153809,4243.717773,4245.256348,4240.128418,4246.666504,4259.358887,4232.94873,4256.794922,4260.769043,4260.897461,4256.922852,4235.128418,4209.615234,4260.0,3
1669513515.998013,61.0,4245.769043,4241.025879,4246.666504,4238.717773,4247.436035,4260.512695,4231.922852,4251.153809,4256.794922,4259.871582,4258.205078,4231.794922,4212.563965,4255.897461,3
1669513516.001915,62.0,4243.974121,4244.615234,4249.102539,4238.589844,4247.94873,4262.307617,4230.384766,4247.179688,4253.846191,4262.05127,4260.512695,4231.153809,4217.563965,4256.538574,3
1669513516.005816,63.0,4241.922852,4252.563965,4250.897461,4240.128418,4248.333496,4263.589844,4228.846191,4246.282227,4252.692383,4264.615234,4262.179688,4233.205078,4221.666504,4260.897461,3
1669513516.009717,64.0,4241.153809,4260.384766,4251.410156,4243.205078,4249.358887,4264.358887,4228.205078,4247.820313,4252.563965,4266.025879,4262.307617,4236.025879,4222.94873,4265.512695,3
1669513516.013619,65.0,4242.307617,4263.589844,4250.897461,4246.538574,4251.282227,4264.487305,4229.102539,4249.743652,4252.179688,4265.769043,4260.897461,4237.436035,4221.153809,4266.538574,3
1669513516.01752,66.0,4245.384766,4260.769043,4249.871582,4248.974121,4253.461426,4263.974121,4230.897461,4250.256348,4250.641113,4264.743652,4258.205078,4235.512695,4217.563965,4262.436035,3
1669513516.021422,67.0,4248.717773,4254.487305,4249.102539,4249.743652,4254.871582,4262.436035,4232.179688,4248.846191,4248.077148,4263.717773,4255.128418,4231.282227,4214.230957,4255.512695,3
1669513516.025323,68.0,4251.025879,4249.358887,4248.717773,4249.358887,4254.487305,4260.512695,4232.179688,4246.538574,4245.128418,4263.077148,4252.563965,4227.692383,4212.563965,4250.384766,3
1669513516.029224,69.0,4251.666504,4249.102539,4249.230957,4248.333496,4252.692383,4259.102539,4231.410156,4245.641113,4243.205078,4263.077148,4250.512695,4227.563965,4213.077148,4251.282227,3
1669513516.033126,70.0,4250.897461,4252.820313,4249.871582,4247.05127,4250.512695,4259.230957,4230.897461,4247.94873,4244.871582,4263.846191,4248.846191,4230.769043,4215.0,4258.205078,3
1669513516.037027,71.0,4249.358887,4256.410156,4249.871582,4245.769043,4249.230957,4260.128418,4231.410156,4253.589844,4251.410156,4265.128418,4247.820313,4234.871582,4217.179688,4266.410156,3
1669513516.040928,72.0,4247.563965,4255.897461,4248.974121,4244.615234,4248.717773,4261.025879,4232.692383,4260.128418,4260.897461,4266.410156,4247.820313,4237.05127,4218.205078,4270.128418,3
1669513516.04483,73.0,4245.641113,4251.282227,4247.692383,4244.102539,4248.589844,4261.410156,4233.461426,4264.102539,4268.461426,4266.794922,4249.871582,4236.025879,4217.307617,4266.794922,3
1669513516.048731,74.0,4244.358887,4245.256348,4247.692383,4244.743652,4248.333496,4261.410156,4233.333496,4263.077148,4269.487305,4266.025879,4253.589844,4232.436035,4215.256348,4258.461426,3
1669513516.052633,75.0,4244.358887,4241.025879,4249.743652,4246.794922,4248.205078,4261.410156,4232.563965,4257.692383,4264.102539,4264.743652,4257.563965,4228.717773,4213.461426,4250.128418,3
1669513516.056534,76.0,4245.769043,4239.615234,4252.820313,4248.974121,4248.846191,4262.307617,4231.922852,4251.025879,4256.410156,4264.358887,4260.0,4226.794922,4212.94873,4245.769043,3
1669513516.060435,77.0,4247.820313,4240.769043,4255.0,4250.512695,4250.641113,4263.846191,4231.282227,4246.794922,4250.256348,4265.0,4259.230957,4227.307617,4213.974121,4246.153809,3
1669513516.064337,78.0,4248.846191,4242.820313,4254.743652,4250.384766,4252.820313,4265.641113,4230.641113,4246.666504,4247.179688,4265.384766,4255.641113,4228.974121,4215.512695,4249.102539,3
1669513516.068238,79.0,4248.205078,4244.615234,4252.307617,4248.974121,4253.461426,4266.282227,4229.743652,4249.230957,4246.153809,4263.974121,4251.410156,4229.871582,4216.538574,4251.410156,3
1669513516.07214,80.0,4246.410156,4246.153809,4248.717773,4247.179688,4251.922852,4265.256348,4228.461426,4251.410156,4246.794922,4261.153809,4249.230957,4229.102539,4217.179688,4251.794922,3
1669513516.076041,81.0,4245.769043,4249.102539,4246.282227,4246.666504,4249.102539,4262.94873,4227.436035,4251.025879,4249.487305,4259.615234,4251.025879,4228.717773,4218.589844,4252.05127,3
1669513516.079942,82.0,4248.717773,4254.743652,4246.666504,4249.358887,4247.563965,4261.153809,4227.563965,4248.333496,4254.102539,4262.563965,4256.794922,4231.666504,4222.179688,4255.512695,3
1669513516.083844,83.0,4255.384766,4262.179688,4250.256348,4255.0,4249.487305,4261.153809,4229.230957,4246.153809,4259.102539,4270.0,4264.358887,4238.333496,4227.94873,4263.077148,3
1669513516.087745,84.0,4263.461426,4269.230957,4255.769043,4261.922852,4255.0,4262.563965,4231.922852,4246.025879,4261.282227,4278.205078,4269.487305,4246.282227,4234.358887,4272.05127,3
1669513516.091647,85.0,4269.230957,4273.205078,4260.897461,4267.436035,4261.794922,4263.974121,4233.846191,4247.436035,4258.461426,4281.666504,4269.871582,4251.282227,4238.589844,4277.563965,3
1669513516.095548,86.0,4270.0,4273.333496,4263.205078,4270.256348,4266.410156,4264.230957,4234.102539,4248.589844,4251.538574,4277.820313,4266.153809,4250.512695,4238.589844,4275.897461,3
1669513516.099449,87.0,4265.256348,4269.743652,4261.794922,4269.871582,4266.410156,4263.205078,4232.94873,4248.717773,4244.102539,4268.461426,4260.897461,4244.615234,4234.615234,4267.692383,3
1669513516.103351,88.0,4257.307617,4263.974121,4257.820313,4266.922852,4261.794922,4262.179688,4231.410156,4248.205078,4240.384766,4259.102539,4256.922852,4236.410156,4229.358887,4257.307617,3
1669513516.107252,89.0,4249.358887,4258.974121,4252.820313,4261.922852,4255.256348,4262.820313,4230.641113,4247.820313,4241.666504,4254.743652,4254.615234,4229.615234,4225.897461,4250.384766,3
1669513516.111153,90.0,4244.743652,4257.179688,4248.461426,4256.794922,4250.384766,4265.512695,4230.641113,4247.563965,4246.025879,4256.410156,4253.717773,4226.922852,4226.153809,4250.0,3
1669513516.115055,91.0,4245.512695,4259.487305,4246.538574,4254.102539,4249.743652,4268.333496,4231.410156,4247.05127,4250.384766,4260.641113,4253.846191,4229.102539,4229.230957,4255.384766,3
1669513516.118956,92.0,4250.769043,4263.717773,4247.563965,4255.0,4252.820313,4269.358887,4232.05127,4246.794922,4252.436035,4263.589844,4254.487305,4234.487305,4232.563965,4262.692383,3
1669513516.122858,93.0,4258.333496,4266.666504,4250.769043,4258.077148,4257.307617,4268.205078,4232.05127,4248.333496,4253.205078,4263.717773,4255.641113,4240.512695,4233.974121,4267.820313,3
1669513516.126759,94.0,4264.358887,4266.410156,4254.230957,4260.769043,4260.641113,4266.794922,4232.05127,4252.820313,4255.0,4262.94873,4258.077148,4244.358887,4232.94873,4268.717773,3
1669513516.13066,95.0,4266.025879,4263.333496,4255.897461,4260.897461,4261.538574,4267.563965,4232.179688,4258.974121,4258.589844,4264.615234,4262.05127,4244.871582,4230.897461,4266.538574,3
1669513516.134562,96.0,4262.179688,4260.0,4255.128418,4258.589844,4259.871582,4271.025879,4232.820313,4263.846191,4262.563965,4269.871582,4266.922852,4243.077148,4229.871582,4263.717773,3
1669513516.138463,97.0,4254.358887,4258.461426,4252.436035,4254.743652,4257.05127,4275.384766,4233.589844,4264.871582,4265.256348,4276.282227,4270.384766,4241.410156,4230.512695,4262.820313,3
1669513516.142365,98.0,4247.05127,4258.974121,4249.871582,4251.153809,4255.256348,4277.179688,4233.846191,4261.410156,4266.922852,4279.871582,4270.769043,4241.538574,4231.922852,4263.846191,3
1669513516.146266,99.0,4244.487305,4260.256348,4249.743652,4249.358887,4256.282227,4275.128418,4233.589844,4255.384766,4268.717773,4278.717773,4268.589844,4243.717773,4232.307617,4265.769043,3
1669513516.150167,100.0,4247.94873,4261.153809,4252.820313,4250.384766,4260.0,4270.256348,4232.820313,4249.487305,4269.487305,4273.717773,4265.897461,4246.025879,4230.512695,4267.05127,3
1669513516.154069,101.0,4254.487305,4261.025879,4257.563965,4253.205078,4263.846191,4265.384766,4232.179688,4246.025879,4265.769043,4267.692383,4264.230957,4246.410156,4226.282227,4267.436035,3
1669513516.15797,102.0,4259.358887,4260.384766,4260.897461,4255.512695,4264.615234,4263.205078,4231.922852,4246.025879,4256.666504,4263.461426,4263.846191,4243.205078,4221.538574,4267.179688,3
1669513516.161872,103.0,4259.871582,4259.358887,4260.641113,4256.025879,4261.410156,4264.743652,4232.05127,4248.589844,4246.282227,4262.307617,4263.589844,4237.436035,4217.692383,4265.769043,3
1669513516.165773,104.0,4256.794922,4258.333496,4257.05127,4254.871582,4256.153809,4268.461426,4232.05127,4251.410156,4241.922852,4263.846191,4262.436035,4231.538574,4215.769043,4262.94873,3
1669513516.169674,105.0,4253.589844,4257.94873,4253.333496,4253.846191,4252.563965,4271.922852,4231.666504,4252.307617,4247.307617,4266.410156,4261.153809,4228.205078,4215.384766,4259.743652,3
1669513516.173576,106.0,4253.461426,4258.974121,4252.563965,4254.487305,4253.205078,4273.846191,4231.410156,4250.256348,4259.487305,4268.461426,4261.025879,4228.461426,4215.897461,4257.820313,3
1669513516.177477,107.0,4257.179688,4261.025879,4256.282227,4256.666504,4257.820313,4274.871582,4231.410156,4246.153809,4270.769043,4269.358887,4262.692383,4230.897461,4217.563965,4258.717773,3
1669513516.181378,108.0,4263.333496,4262.94873,4262.307617,4259.102539,4263.589844,4276.410156,4231.922852,4241.666504,4274.615234,4268.846191,4265.0,4233.717773,4220.384766,4261.410156,3
1669513516.18528,109.0,4269.102539,4263.461426,4267.05127,4260.256348,4267.05127,4278.461426,4232.436035,4238.974121,4270.256348,4267.820313,4266.794922,4236.025879,4223.461426,4264.358887,3
1669513516.189181,110.0,4272.179688,4262.436035,4267.94873,4260.0,4266.922852,4279.615234,4232.692383,4239.743652,4262.179688,4266.666504,4267.436035,4238.461426,4225.384766,4266.153809,3
1669513516.193083,111.0,4271.794922,4260.897461,4265.769043,4258.974121,4263.846191,4278.077148,4232.563965,4243.846191,4256.410156,4265.769043,4266.922852,4241.153809,4225.128418,4266.666504,3
1669513516.196984,112.0,4267.94873,4260.384766,4262.94873,4257.563965,4260.256348,4272.692383,4232.307617,4248.717773,4255.769043,4265.256348,4265.769043,4243.717773,4223.077148,4266.538574,3
1669513516.200885,113.0,4262.05127,4261.410156,4261.025879,4256.282227,4257.820313,4264.871582,4232.05127,4251.410156,4258.461426,4265.128418,4264.358887,4244.615234,4220.512695,4266.025879,3
1669513516.204787,114.0,4256.538574,4263.333496,4260.0,4255.512695,4257.563965,4258.461426,4231.794922,4250.128418,4260.897461,4265.769043,4263.461426,4243.461426,4219.230957,4265.512695,3
1669513516.208688,115.0,4254.102539,4264.102539,4258.974121,4255.512695,4258.717773,4257.94873,4231.794922,4246.794922,4260.641113,4267.05127,4263.589844,4240.256348,4220.0,4264.743652,3
1669513516.21259,116.0,4255.512695,4261.922852,4257.05127,4255.256348,4260.256348,4264.230957,4232.179688,4244.615234,4258.974121,4268.077148,4264.615234,4236.410156,4222.179688,4263.205078,3
1669513516.216491,117.0,4259.102539,4257.307617,4253.974121,4253.974121,4261.282227,4273.589844,4232.820313,4245.769043,4259.102539,4267.692383,4265.256348,4233.333496,4224.102539,4261.153809,3
1669513516.220392,118.0,4261.538574,4252.94873,4250.641113,4251.410156,4261.794922,4279.871582,4233.846191,4249.487305,4262.436035,4266.025879,4265.256348,4231.538574,4224.487305,4259.358887,3
1669513516.224294,119.0,4260.512695,4251.794922,4248.333496,4248.974121,4261.922852,4278.974121,4235.0,4252.692383,4266.538574,4264.615234,4265.0,4230.769043,4223.461426,4259.230957,3
1669513516.228195,120.0,4256.410156,4254.102539,4247.820313,4247.436035,4260.897461,4272.436035,4235.769043,4253.461426,4267.05127,4264.487305,4264.743652,4230.641113,4221.922852,4260.769043,3
1669513516.232097,121.0,4252.179688,4257.94873,4249.358887,4246.922852,4258.717773,4266.153809,4235.641113,4251.794922,4262.692383,4265.384766,4264.487305,4230.769043,4220.512695,4262.436035,3
1669513516.235998,122.0,4252.05127,4260.897461,4252.94873,4247.563965,4256.410156,4265.128418,4234.615234,4249.358887,4256.025879,4265.641113,4263.333496,4231.025879,4219.487305,4262.563965,3
1669513516.239899,123.0,4257.563965,4262.05127,4257.94873,4249.871582,4254.871582,4269.487305,4232.94873,4247.820313,4250.897461,4263.717773,4260.641113,4231.153809,4218.846191,4261.538574,3
1669513516.243801,124.0,4265.384766,4261.666504,4262.307617,4253.589844,4254.487305,4274.743652,4231.538574,4247.820313,4249.487305,4259.615234,4256.282227,4231.538574,4219.358887,4260.897461,3
1669513516.247702,125.0,4270.256348,4260.512695,4264.102539,4257.563965,4255.0,4276.025879,4230.897461,4248.461426,4250.256348,4255.384766,4251.666504,4232.307617,4221.922852,4261.410156,3
1669513516.251603,126.0,4269.487305,4260.0,4262.94873,4261.153809,4256.282227,4272.307617,4231.025879,4248.461426,4250.769043,4253.974121,4249.102539,4233.589844,4226.410156,4262.179688,3
1669513516.255505,127.0,4265.384766,4260.897461,4261.025879,4263.589844,4258.974121,4266.410156,4231.410156,4247.436035,4249.743652,4256.410156,4250.256348,4234.487305,4230.769043,4261.666504,3
1669513516.259406,128.0,4262.563965,4262.94873,4260.641113,4264.615234,4262.820313,4262.179688,4231.922852,4245.641113,4247.94873,4260.897461,4254.358887,4234.487305,4232.563965,4259.358887,3
1669513516.263307,129.0,4263.717773,4265.0,4261.922852,4263.846191,4265.897461,4261.410156,4232.307617,4244.230957,4247.05127,4264.487305,4259.358887,4233.461426,4230.641113,4256.794922,3
1669513516.267209,130.0,4266.922852,4265.128418,4263.461426,4260.641113,4265.897461,4263.077148,4232.563965,4244.102539,4248.717773,4265.0,4262.436035,4232.179688,4225.769043,4255.769043,3
1669513516.27111,131.0,4268.077148,4262.307617,4262.820313,4255.256348,4262.436035,4265.0,4232.692383,4245.512695,4253.461426,4263.205078,4262.436035,4231.153809,4220.512695,4256.922852,3
1669513516.275012,132.0,4264.487305,4257.563965,4259.102539,4248.205078,4257.179688,4265.769043,4232.307617,4247.563965,4260.0,4261.794922,4260.897461,4230.897461,4217.05127,4259.230957,3
1669513516.278913,133.0,4257.179688,4252.563965,4253.077148,4241.025879,4252.179688,4265.512695,4231.538574,4248.974121,4265.384766,4262.179688,4259.871582,4230.256348,4215.256348,4260.384766,3
1669513516.282814,134.0,4249.487305,4248.589844,4247.179688,4235.0,4248.717773,4265.256348,4230.769043,4249.230957,4266.666504,4263.974121,4260.512695,4228.589844,4213.717773,4258.589844,3
1669513516.286716,135.0,4244.487305,4245.512695,4244.230957,4231.538574,4247.05127,4265.641113,4230.897461,4248.846191,4263.589844,4264.743652,4261.794922,4225.256348,4210.897461,4253.333496,3
1669513516.290617,136.0,4243.205078,4242.563965,4244.615234,4231.025879,4246.025879,4265.769043,4231.538574,4248.333496,4259.102539,4263.589844,4261.794922,4220.256348,4206.025879,4246.410156,3
1669513516.294519,137.0,4244.358887,4239.230957,4246.922852,4233.205078,4245.641113,4264.743652,4232.05127,4248.589844,4257.563965,4261.410156,4259.871582,4215.128418,4200.769043,4241.153809,3
1669513516.29842,138.0,4246.025879,4236.025879,4249.102539,4237.436035,4246.538574,4263.077148,4231.922852,4249.871582,4260.769043,4260.641113,4258.205078,4212.179688,4198.205078,4240.384766,3
1669513516.302321,139.0,4247.436035,4233.974121,4250.256348,4242.820313,4250.0,4262.94873,4231.410156,4251.538574,4265.512695,4262.563965,4258.974121,4212.563965,4200.128418,4244.102539,3
1669513516.306223,140.0,4248.333496,4233.846191,4250.512695,4247.692383,4255.641113,4264.743652,4231.282227,4252.692383,4267.05127,4265.0,4261.282227,4215.512695,4204.615234,4248.846191,3
1669513516.310124,141.0,4249.358887,4234.871582,4250.384766,4250.641113,4261.538574,4266.922852,4231.794922,4252.307617,4262.307617,4264.230957,4261.538574,4218.205078,4207.563965,4249.871582,3
1669513516.314026,142.0,4250.384766,4235.256348,4250.0,4250.769043,4264.487305,4267.692383,4232.179688,4250.256348,4253.333496,4258.461426,4257.307617,4217.692383,4205.128418,4245.512695,3
1669513516.317927,143.0,4250.897461,4233.205078,4249.358887,4247.692383,4262.94873,4266.794922,4231.794922,4247.307617,4245.384766,4249.871582,4249.615234,4213.589844,4197.179688,4237.820313,3
1669513516.321828,144.0,4249.871582,4229.102539,4248.333496,4242.563965,4257.307617,4265.769043,4230.641113,4244.871582,4243.333496,4243.205078,4242.179688,4207.94873,4187.94873,4231.153809,3
1669513516.32573,145.0,4247.563965,4225.641113,4247.307617,4237.307617,4250.897461,4265.641113,4229.358887,4244.487305,4248.589844,4242.179688,4239.102539,4204.743652,4182.820313,4229.230957,3
1669513516.329631,146.0,4245.512695,4226.666504,4246.794922,4234.358887,4246.922852,4266.025879,4228.717773,4246.410156,4257.94873,4247.692383,4242.563965,4206.666504,4185.384766,4234.102539,3
1669513516.333532,147.0,4245.512695,4233.717773,4246.922852,4234.358887,4247.05127,4265.897461,4229.615234,4249.615234,4266.410156,4257.179688,4251.666504,4213.333496,4194.743652,4244.358887,3
1669513516.337434,148.0,4247.307617,4243.589844,4247.563965,4236.282227,4249.615234,4264.743652,4231.922852,4252.820313,4270.256348,4266.282227,4261.922852,4220.897461,4205.897461,4255.128418,3
1669513516.341335,149.0,4248.589844,4250.897461,4247.94873,4238.461426,4251.666504,4263.077148,4234.487305,4254.487305,4268.974121,4270.641113,4267.820313,4224.487305,4212.820313,4259.871582,3
1669513516.345237,150.0,4248.333496,4251.025879,4247.820313,4239.102539,4251.410156,4261.666504,4236.025879,4254.102539,4265.897461,4268.589844,4266.025879,4221.666504,4212.307617,4255.641113,3
1669513516.349138,151.0,4246.922852,4244.358887,4247.307617,4238.077148,4249.102539,4261.282227,4235.769043,4251.666504,4263.974121,4261.922852,4258.333496,4214.487305,4206.025879,4244.871582,3
1669513516.353039,152.0,4245.769043,4234.871582,4246.153809,4235.641113,4246.666504,4262.179688,4233.717773,4248.077148,4264.102539,4254.615234,4250.384766,4207.820313,4198.846191,4234.487305,3
1669513516.356941,153.0,4245.384766,4227.820313,4244.358887,4232.692383,4245.128418,4263.461426,4231.025879,4244.743652,4263.589844,4249.615234,4246.922852,4205.897461,4195.128418,4230.0,3
1669513516.360842,154.0,4245.0,4226.282227,4242.179688,4230.256348,4244.743652,4264.102539,4228.717773,4243.461426,4260.256348,4247.94873,4249.358887,4209.230957,4195.512695,4232.563965,3
1669513516.364744,155.0,4243.589844,4230.0,4240.512695,4228.974121,4245.128418,4263.589844,4227.94873,4245.256348,4253.846191,4248.461426,4255.128418,4215.384766,4198.333496,4239.230957,3
1669513516.368645,156.0,4241.153809,4236.666504,4240.128418,4229.102539,4245.641113,4262.307617,4228.589844,4248.589844,4247.307617,4249.615234,4260.641113,4221.153809,4201.410156,4246.282227,3
1669513516.372546,157.0,4239.230957,4243.333496,4241.153809,4230.641113,4245.769043,4261.282227,4230.128418,4250.384766,4243.846191,4250.256348,4263.717773,4224.871582,4203.974121,4251.282227,3
1669513516.376448,158.0,4240.0,4248.077148,4243.461426,4232.692383,4246.025879,4261.153809,4231.538574,4248.333496,4243.589844,4249.487305,4263.974121,4226.922852,4206.794922,4253.717773,3
1669513516.380349,159.0,4244.743652,4250.0,4246.410156,4234.487305,4246.922852,4262.05127,4232.179688,4243.077148,4244.743652,4247.94873,4262.05127,4228.333496,4209.871582,4254.743652,3
1669513516.384251,160.0,4252.05127,4249.743652,4248.846191,4234.615234,4247.820313,4263.205078,4231.922852,4237.94873,4246.025879,4246.922852,4260.128418,4229.871582,4212.563965,4256.153809,3
1669513516.388152,161.0,4259.102539,4248.974121,4249.358887,4233.589844,4247.94873,4263.974121,4230.641113,4236.666504,4248.205078,4247.692383,4260.384766,4231.794922,4214.487305,4258.974121,3
1669513516.392053,162.0,4262.94873,4249.230957,4247.436035,4233.205078,4246.794922,4264.487305,4229.230957,4240.256348,4252.692383,4250.512695,4263.461426,4233.846191,4215.769043,4262.94873,3
1669513516.395955,163.0,4262.692383,4250.641113,4244.358887,4235.0,4245.512695,4264.743652,4228.461426,4246.666504,4258.846191,4253.846191,4267.307617,4234.871582,4216.282227,4265.897461,3
1669513516.399856,164.0,4260.128418,4252.05127,4242.820313,4238.974121,4245.769043,4264.743652,4228.974121,4252.179688,4263.974121,4255.512695,4268.077148,4233.205078,4216.282227,4265.384766,3
1669513516.403757,165.0,4258.589844,4252.563965,4244.871582,4243.717773,4248.461426,4263.846191,4230.769043,4254.487305,4265.769043,4254.487305,4263.974121,4228.461426,4215.897461,4261.153809,3
1669513516.407659,166.0,4260.256348,4252.179688,4251.025879,4247.179688,4252.820313,4262.820313,4233.333496,4253.461426,4264.102539,4251.666504,4256.922852,4222.436035,4215.512695,4254.871582,3
1669513516.41156,167.0,4263.846191,4251.410156,4259.230957,4248.205078,4256.794922,4262.307617,4235.384766,4250.512695,4260.512695,4248.974121,4250.641113,4217.94873,4215.384766,4248.717773,3
1669513516.415462,168.0,4266.025879,4249.871582,4265.641113,4246.538574,4257.94873,4262.307617,4235.897461,4247.563965,4257.179688,4247.179688,4246.794922,4216.025879,4215.384766,4243.205078,3
1669513516.419363,169.0,4264.102539,4246.922852,4267.307617,4242.692383,4255.512695,4262.436035,4234.230957,4245.512695,4255.384766,4245.769043,4245.641113,4215.897461,4214.871582,4237.820313,3
1669513516.423264,170.0,4257.692383,4242.94873,4263.717773,4238.077148,4250.769043,4262.563965,4231.282227,4244.615234,4254.358887,4244.358887,4246.410156,4215.897461,4213.461426,4232.94873,3
1669513516.427166,171.0,4249.487305,4239.487305,4258.205078,4234.230957,4246.794922,4262.692383,4228.717773,4244.230957,4252.820313,4243.077148,4248.077148,4214.871582,4211.282227,4230.256348,3
1669513516.431067,172.0,4243.333496,4238.461426,4255.512695,4232.179688,4246.153809,4262.692383,4227.94873,4245.0,4249.743652,4242.692383,4250.128418,4213.589844,4208.717773,4230.0,3
1669513516.434969,173.0,4241.794922,4240.128418,4257.05127,4232.307617,4248.589844,4262.692383,4229.487305,4247.436035,4246.282227,4243.333496,4251.282227,4212.94873,4206.282227,4230.769043,3
1669513516.43887,174.0,4244.743652,4242.563965,4261.153809,4234.615234,4252.05127,4262.692383,4232.05127,4250.769043,4244.358887,4244.615234,4251.282227,4213.333496,4204.102539,4230.256348,3
1669513516.442771,175.0,4249.358887,4243.077148,4263.974121,4237.692383,4253.717773,4263.205078,4233.846191,4253.077148,4245.0,4245.128418,4250.128418,4213.974121,4201.922852,4227.820313,3
1669513516.446673,176.0,4251.666504,4240.384766,4263.077148,4239.615234,4252.436035,4264.358887,4233.974121,4252.05127,4246.922852,4244.102539,4248.205078,4213.333496,4199.358887,4225.128418,3
1669513516.450574,177.0,4248.974121,4235.512695,4257.820313,4238.846191,4249.102539,4265.384766,4232.563965,4247.820313,4248.333496,4241.794922,4246.410156,4210.897461,4196.282227,4224.487305,3
1669513516.454476,178.0,4241.410156,4230.769043,4250.512695,4235.512695,4245.769043,4265.512695,4231.153809,4243.333496,4247.692383,4239.743652,4245.384766,4207.307617,4193.333496,4227.05127,3
1669513516.458377,179.0,4232.307617,4228.205078,4244.615234,4231.922852,4244.358887,4263.974121,4230.641113,4242.179688,4246.025879,4239.487305,4245.641113,4203.974121,4191.538574,4231.282227,3
1669513516.462278,180.0,4226.666504,4228.333496,4243.205078,4231.025879,4245.0,4262.05127,4231.538574,4245.641113,4245.128418,4241.025879,4246.922852,4202.307617,4191.794922,4234.230957,3
1669513516.46618,181.0,4227.307617,4229.615234,4246.794922,4234.487305,4247.05127,4261.410156,4232.94873,4251.282227,4246.153809,4242.563965,4246.794922,4202.307617,4193.461426,4232.94873,3
1669513516.470081,182.0,4233.589844,4230.0,4253.333496,4241.282227,4248.974121,4262.563965,4233.717773,4253.974121,4248.461426,4241.922852,4242.563965,4202.436035,4195.512695,4227.436035,3
1669513516.473982,183.0,4241.666504,4228.974121,4259.358887,4247.820313,4250.384766,4264.230957,4233.333496,4250.769043,4249.743652,4238.589844,4235.0,4201.410156,4196.794922,4221.282227,3
1669513516.477884,184.0,4247.307617,4227.820313,4261.410156,4251.153809,4250.384766,4264.230957,4232.563965,4242.820313,4247.94873,4233.846191,4228.461426,4198.974121,4197.307617,4218.205078,3
1669513516.481785,185.0,4248.717773,4228.333496,4258.717773,4250.512695,4249.102539,4262.307617,4232.05127,4235.0,4243.077148,4230.256348,4227.94873,4196.666504,4197.563965,4219.102539,3
1669513516.485687,186.0,4246.922852,4230.769043,4252.94873,4247.820313,4247.307617,4260.897461,4232.05127,4231.922852,4236.794922,4229.358887,4234.230957,4196.282227,4197.692383,4221.794922,3
1669513516.489588,187.0,4244.102539,4233.333496,4247.05127,4244.743652,4246.282227,4262.307617,4231.922852,4234.871582,4231.538574,4230.512695,4242.563965,4198.205078,4197.563965,4222.94873,3
1669513516.493489,188.0,4242.307617,4232.820313,4244.102539,4242.179688,4246.153809,4267.05127,4231.538574,4241.794922,4229.615234,4231.410156,4246.922852,4200.256348,4196.153809,4220.641113,3
1669513516.497391,189.0,4241.794922,4228.333496,4244.871582,4239.871582,4246.538574,4272.820313,4231.025879,4248.077148,4231.025879,4230.641113,4244.358887,4200.128418,4193.205078,4216.282227,3
1669513516.501292,190.0,4241.410156,4221.153809,4248.461426,4237.307617,4246.666504,4275.897461,4230.897461,4250.128418,4233.205078,4228.333496,4237.05127,4196.794922,4189.102539,4212.436035,3
1669513516.505194,191.0,4239.743652,4215.128418,4252.307617,4235.0,4246.282227,4273.846191,4231.282227,4247.563965,4233.974121,4226.153809,4229.615234,4191.282227,4184.871582,4211.282227,3
1669513516.509095,192.0,4236.538574,4213.077148,4253.846191,4232.820313,4245.512695,4267.436035,4231.666504,4243.717773,4233.077148,4225.512695,4226.153809,4186.282227,4181.410156,4212.563965,3
1669513516.512996,193.0,4232.94873,4215.256348,4251.922852,4231.282227,4244.487305,4260.256348,4231.666504,4242.692383,4232.563965,4226.666504,4227.307617,4184.487305,4180.128418,4215.128418,3
1669513516.516898,194.0,4230.384766,4219.871582,4247.94873,4230.769043,4242.94873,4256.025879,4231.538574,4245.384766,4234.102539,4228.589844,4230.769043,4188.333496,4182.563965,4218.589844,3
1669513516.520799,195.0,4229.615234,4224.871582,4243.974121,4231.666504,4241.025879,4256.282227,4231.666504,4248.846191,4237.94873,4230.641113,4233.589844,4197.05127,4188.589844,4223.077148,3
1669513516.524701,196.0,4230.256348,4228.974121,4241.922852,4233.333496,4239.487305,4259.487305,4231.922852,4249.102539,4241.922852,4232.307617,4234.871582,4207.05127,4196.025879,4228.077148,3
1669513516.528602,197.0,4231.666504,4232.179688,4241.922852,4234.487305,4238.846191,4262.563965,4231.282227,4245.128418,4243.974121,4233.077148,4235.384766,4213.461426,4201.794922,4231.666504,3
1669513516.532503,198.0,4233.333496,4234.358887,4243.077148,4234.230957,4239.615234,4263.333496,4229.487305,4239.230957,4242.563965,4232.692383,4235.897461,4212.820313,4202.692383,4231.153809,3
1669513516.536405,199.0,4234.358887,4234.487305,4244.743652,4233.077148,4241.025879,4261.922852,4226.538574,4235.384766,4237.820313,4230.897461,4235.769043,4205.512695,4198.589844,4226.153809,3
1669513516.540306,200.0,4234.358887,4232.179688,4246.153809,4232.307617,4242.563965,4259.871582,4223.846191,4235.0,4231.794922,4227.820313,4234.102539,4195.384766,4192.05127,4218.974121,3
1669513516.544207,201.0,4233.717773,4228.589844,4246.666504,4232.820313,4243.589844,4258.717773,4222.94873,4236.922852,4227.307617,4224.743652,4231.410156,4187.94873,4187.436035,4213.846191,3
1669513516.548109,202.0,4233.717773,4226.282227,4246.282227,4235.384766,4244.102539,4258.974121,4225.0,4240.128418,4228.333496,4223.974121,4229.615234,4187.307617,4188.333496,4214.230957,3
1669513516.55201,203.0,4235.512695,4227.94873,4246.153809,4240.256348,4244.358887,4260.641113,4229.358887,4244.102539,4236.538574,4227.436035,4231.666504,4193.846191,4195.128418,4220.641113,3
1669513516.555912,204.0,4238.846191,4233.717773,4247.179688,4246.410156,4244.743652,4263.333496,4234.230957,4248.974121,4250.0,4235.512695,4238.461426,4204.358887,4205.128418,4229.743652,3
1669513516.559813,205.0,4242.563965,4241.282227,4249.102539,4251.666504,4245.769043,4266.666504,4236.794922,4253.333496,4262.692383,4245.256348,4247.563965,4214.230957,4213.846191,4236.922852,3
1669513516.563714,206.0,4245.384766,4247.436035,4250.641113,4254.358887,4247.692383,4269.358887,4236.025879,4255.0,4267.94873,4251.922852,4254.358887,4219.487305,4218.461426,4239.487305,3
1669513516.567616,207.0,4247.563965,4250.128418,4250.897461,4254.487305,4250.128418,4269.102539,4232.820313,4252.179688,4262.05127,4251.153809,4255.384766,4219.358887,4218.974121,4238.461426,3
1669513516.571517,208.0,4250.256348,4249.743652,4250.128418,4253.717773,4252.692383,4266.153809,4229.743652,4245.128418,4246.922852,4243.077148,4250.384766,4216.282227,4217.692383,4236.666504,3
1669513516.575419,209.0,4254.102539,4248.589844,4249.615234,4253.846191,4254.615234,4262.692383,4228.974121,4237.179688,4230.512695,4232.563965,4242.307617,4213.974121,4217.179688,4236.153809,3
1669513516.57932,210.0,4258.077148,4248.077148,4250.256348,4255.128418,4255.512695,4261.153809,4230.769043,4231.794922,4222.05127,4226.410156,4235.641113,4214.102539,4218.461426,4236.666504,3
1669513516.583221,211.0,4259.743652,4247.820313,4251.666504,4256.282227,4254.871582,4262.820313,4233.589844,4231.282227,4226.025879,4227.94873,4233.717773,4214.871582,4220.128418,4236.538574,3
1669513516.587123,212.0,4257.820313,4244.743652,4252.692383,4256.153809,4252.820313,4266.282227,4235.512695,4234.487305,4237.179688,4234.871582,4236.153809,4212.820313,4219.615234,4233.077148,3
1669513516.591024,213.0,4252.563965,4236.922852,4252.307617,4253.974121,4249.615234,4269.358887,4235.641113,4238.461426,4244.743652,4240.128418,4238.717773,4206.153809,4215.128418,4225.256348,3
1669513516.594926,214.0,4246.666504,4226.538574,4250.0,4250.769043,4246.666504,4270.128418,4234.615234,4239.487305,4241.538574,4238.461426,4237.05127,4196.153809,4208.077148,4215.512695,3
1669513516.598827,215.0,4243.461426,4218.461426,4247.307617,4248.205078,4245.256348,4268.589844,4233.461426,4236.922852,4230.512695,4229.615234,4230.897461,4186.794922,4201.538574,4208.205078,3
1669513516.602728,216.0,4243.974121,4216.922852,4246.282227,4247.307617,4245.641113,4265.897461,4233.205078,4233.205078,4221.666504,4218.717773,4223.333496,4182.179688,4198.589844,4206.153809,3
1669513516.606629,217.0,4246.794922,4222.05127,4248.461426,4247.94873,4246.794922,4263.205078,4233.846191,4231.410156,4221.666504,4211.666504,4217.94873,4183.205078,4199.871582,4208.846191,3
1669513516.610531,218.0,4248.589844,4230.0,4253.205078,4248.717773,4247.436035,4261.410156,4233.974121,4232.05127,4228.077148,4211.025879,4216.025879,4187.820313,4202.692383,4213.077148,3
1669513516.614432,219.0,4247.307617,4235.512695,4257.692383,4248.461426,4246.922852,4260.769043,4233.077148,4233.333496,4232.563965,4214.358887,4216.922852,4192.05127,4203.333496,4216.282227,3
1669513516.618334,220.0,4243.461426,4236.153809,4259.615234,4246.922852,4246.153809,4261.666504,4231.410156,4233.589844,4229.358887,4217.436035,4219.358887,4193.077148,4200.0,4217.05127,3
1669513516.622235,221.0,4240.0,4232.563965,4258.461426,4244.871582,4245.769043,4265.0,4230.512695,4233.205078,4220.897461,4217.820313,4222.179688,4190.897461,4193.974121,4216.282227,3
1669513516.626136,222.0,4239.230957,4226.410156,4256.025879,4243.974121,4246.282227,4270.769043,4231.666504,4233.333496,4214.615234,4216.282227,4223.846191,4186.922852,4188.333496,4214.487305,3
1669513516.630038,223.0,4240.897461,4219.871582,4253.589844,4244.871582,4247.05127,4276.794922,4234.230957,4234.230957,4215.897461,4215.0,4223.717773,4182.820313,4184.615234,4211.922852,3
1669513516.633939,224.0,4243.589844,4214.487305,4251.410156,4246.538574,4247.179688,4279.743652,4236.538574,4234.487305,4223.077148,4214.871582,4222.05127,4179.487305,4182.820313,4208.461426,3
1669513516.637841,225.0,4245.897461,4212.05127,4249.871582,4247.179688,4246.666504,4277.05127,4236.666504,4233.461426,4229.230957,4215.256348,4220.128418,4177.94873,4182.307617,4205.256348,3
1669513516.641742,226.0,4247.179688,4213.846191,4249.743652,4246.538574,4245.512695,4269.871582,4234.743652,4232.179688,4229.487305,4215.256348,4219.615234,4179.102539,4182.94873,4204.615234,3
1669513516.645643,227.0,4247.563965,4219.358887,4251.666504,4245.512695,4244.615234,4262.94873,4232.179688,4232.436035,4224.358887,4216.025879,4221.794922,4183.974121,4185.641113,4208.974121,3
1669513516.649545,228.0,4247.307617,4226.794922,4255.128418,4245.0,4244.487305,4261.282227,4230.512695,4235.128418,4220.512695,4218.974121,4227.307617,4192.05127,4190.897461,4217.94873,3
1669513516.653446,229.0,4247.05127,4232.94873,4258.077148,4245.0,4245.384766,4266.410156,4230.256348,4239.615234,4223.717773,4224.230957,4235.384766,4200.769043,4197.94873,4228.205078,3
1669513516.657348,230.0,4246.922852,4235.512695,4258.077148,4245.256348,4246.666504,4274.487305,4230.897461,4244.102539,4234.487305,4229.871582,4243.333496,4206.538574,4203.589844,4235.384766,3
1669513516.661249,231.0,4247.05127,4234.487305,4254.871582,4245.641113,4247.563965,4280.0,4232.307617,4247.563965,4246.922852,4233.333496,4248.333496,4207.179688,4205.256348,4236.794922,3
1669513516.66515,232.0,4246.922852,4232.436035,4250.384766,4245.769043,4247.692383,4280.0,4235.0,4250.897461,4255.128418,4234.487305,4249.102539,4204.102539,4203.205078,4233.589844,3
1669513516.669052,233.0,4247.05127,4232.820313,4247.692383,4245.897461,4247.179688,4276.410156,4239.102539,4254.615234,4257.94873,4235.128418,4247.820313,4201.282227,4200.512695,4230.0,3
1669513516.672953,234.0,4247.94873,4236.153809,4248.846191,4246.666504,4247.179688,4273.077148,4243.717773,4257.307617,4256.922852,4237.307617,4247.820313,4202.307617,4200.512695,4229.230957,3
1669513516.676854,235.0,4248.974121,4239.487305,4253.461426,4248.077148,4248.205078,4272.436035,4246.666504,4256.025879,4253.846191,4240.384766,4250.128418,4207.563965,4203.333496,4231.153809,3
1669513516.680756,236.0,4249.230957,4239.230957,4259.358887,4249.358887,4249.871582,4273.846191,4245.641113,4249.615234,4248.461426,4241.794922,4252.94873,4213.589844,4206.410156,4232.820313,3
1669513516.684657,237.0,4248.717773,4235.512695,4263.077148,4248.974121,4250.641113,4274.615234,4240.769043,4240.897461,4241.538574,4239.743652,4253.333496,4216.794922,4207.179688,4232.820313,3
1669513516.688559,238.0,4248.205078,4231.538574,4262.563965,4246.410156,4249.871582,4273.333496,4234.871582,4234.487305,4236.538574,4235.384766,4250.512695,4216.922852,4206.153809,4232.307617,3
1669513516.69246,239.0,4248.205078,4231.025879,4258.846191,4243.205078,4247.94873,4270.897461,4231.153809,4233.974121,4237.05127,4231.922852,4247.307617,4216.025879,4205.256348,4233.974121,3
1669513516.696361,240.0,4247.820313,4234.743652,4254.230957,4241.282227,4246.282227,4269.743652,4231.410156,4238.717773,4243.205078,4231.666504,4246.025879,4216.538574,4206.538574,4238.333496,3
1669513516.700263,241.0,4246.153809,4240.128418,4251.538574,4241.538574,4245.641113,4271.666504,4234.102539,4244.102539,4249.230957,4234.102539,4246.922852,4218.461426,4209.230957,4243.333496,3
1669513516.704164,242.0,4242.563965,4243.461426,4250.641113,4242.307617,4245.769043,4275.641113,4236.538574,4244.871582,4247.692383,4236.025879,4248.333496,4220.0,4210.769043,4245.641113,3
1669513516.708066,243.0,4238.461426,4242.307617,4250.0,4241.666504,4246.282227,4279.358887,4236.410156,4238.846191,4236.282227,4234.871582,4248.974121,4218.461426,4208.846191,4243.077148,3
1669513516.711967,244.0,4236.153809,4237.436035,4248.461426,4238.974121,4246.025879,4280.256348,4233.846191,4229.230957,4220.256348,4230.641113,4248.333496,4213.461426,4203.717773,4236.153809,3
1669513516.715868,245.0,4236.666504,4232.05127,4247.05127,4235.641113,4245.128418,4277.94873,4230.897461,4222.179688,4209.230957,4226.282227,4246.410156,4207.820313,4198.077148,4228.589844,3
1669513516.71977,246.0,4239.358887,4229.358887,4247.436035,4234.230957,4244.230957,4275.384766,4229.487305,4222.436035,4209.487305,4225.256348,4244.102539,4206.153809,4195.384766,4225.0,3
1669513516.723671,247.0,4242.692383,4230.897461,4250.384766,4236.410156,4244.487305,4275.512695,4230.256348,4229.743652,4219.358887,4228.077148,4242.307617,4210.897461,4197.307617,4228.077148,3
1669513516.727573,248.0,4244.615234,4235.128418,4254.487305,4241.410156,4246.410156,4278.589844,4232.436035,4239.358887,4231.538574,4231.922852,4242.692383,4220.512695,4202.820313,4236.025879,3
1669513516.731474,249.0,4244.871582,4239.487305,4257.436035,4246.666504,4248.846191,4281.922852,4234.487305,4245.769043,4238.974121,4233.461426,4245.641113,4229.230957,4208.974121,4243.846191,3
1669513516.735375,250.0,4244.230957,4242.436035,4256.922852,4249.871582,4250.256348,4281.922852,4235.256348,4246.538574,4239.871582,4232.563965,4249.871582,4231.025879,4213.205078,4246.794922,3
1669513516.739277,251.0,4244.102539,4243.717773,4252.820313,4250.256348,4249.871582,4277.820313,4235.128418,4243.717773,4238.974121,4232.05127,4254.358887,4225.512695,4214.230957,4243.589844,3
1669513516.743178,252.0,4245.256348,4243.974121,4247.692383,4248.974121,4248.461426,4272.436035,4235.128418,4241.153809,4241.538574,4234.487305,4258.333496,4217.436035,4213.589844,4237.436035,3
1669513516.747079,253.0,4247.179688,4243.717773,4245.384766,4247.94873,4247.563965,4269.615234,4235.897461,4241.410156,4247.820313,4239.615234,4261.410156,4212.94873,4213.333496,4233.333496,3
1669513516.750981,254.0,4248.205078,4243.077148,4247.820313,4248.077148,4248.461426,4271.025879,4237.307617,4243.846191,4252.94873,4244.102539,4262.307617,4215.256348,4214.615234,4234.230957,3
1669513516.754882,255.0,4247.563965,4242.179688,4253.717773,4248.846191,4250.641113,4275.641113,4238.333496,4246.153809,4252.563965,4245.256348,4260.512695,4222.563965,4216.538574,4239.487305,3
1669513516.758784,0.0,4245.512695,4241.922852,4258.974121,4248.846191,4252.05127,4280.128418,4238.461426,4246.666504,4248.205078,4243.205078,4257.05127,4229.871582,4217.05127,4245.641113,3
1669513516.762685,1.0,4243.846191,4242.563965,4259.615234,4247.563965,4251.410156,4282.307617,4238.717773,4245.769043,4245.769043,4240.769043,4254.615234,4232.820313,4214.743652,4249.102539,3
1669513516.766586,2.0,4243.589844,4244.615234,4255.384766,4246.282227,4249.487305,4281.794922,4240.128418,4244.615234,4249.102539,4240.384766,4254.871582,4230.384766,4210.0,4248.589844,3
1669513516.770488,3.0,4244.487305,4246.922852,4249.487305,4246.410156,4247.94873,4280.0,4243.077148,4244.358887,4257.05127,4242.692383,4257.436035,4225.512695,4205.128418,4245.641113,3
1669513516.774389,4.0,4245.641113,4248.461426,4246.153809,4247.94873,4247.692383,4278.589844,4245.769043,4245.512695,4263.589844,4245.897461,4260.128418,4222.05127,4202.820313,4243.461426,3
1669513516.778291,5.0,4246.153809,4248.717773,4246.153809,4249.615234,4247.94873,4278.717773,4246.410156,4247.692383,4263.589844,4247.692383,4261.025879,4222.436035,4204.487305,4243.846191,3
1669513516.782192,6.0,4245.641113,4248.077148,4247.563965,4249.871582,4247.563965,4280.0,4244.102539,4249.102539,4256.794922,4246.922852,4259.615234,4226.025879,4209.230957,4246.282227,3
1669513516.786093,7.0,4244.487305,4247.692383,4248.205078,4248.461426,4246.666504,4281.025879,4240.128418,4249.358887,4247.94873,4244.487305,4257.179688,4230.128418,4213.846191,4248.717773,3
1669513516.789995,8.0,4244.487305,4249.102539,4248.333496,4246.922852,4246.666504,4280.897461,4237.307617,4248.846191,4243.333496,4242.563965,4255.641113,4232.820313,4216.282227,4250.512695,3
1669513516.793896,9.0,4247.307617,4253.461426,4249.743652,4246.922852,4248.461426,4280.384766,4237.94873,4249.230957,4246.025879,4243.461426,4256.410156,4234.871582,4216.538574,4252.692383,3
1669513516.797798,10.0,4253.333496,4259.487305,4253.461426,4248.846191,4251.922852,4280.256348,4242.05127,4250.128418,4253.461426,4246.794922,4259.358887,4237.94873,4216.666504,4256.282227,3
1669513516.801699,11.0,4260.0,4264.230957,4257.94873,4252.05127,4255.384766,4280.897461,4247.307617,4250.256348,4260.0,4250.384766,4262.820313,4242.05127,4217.94873,4260.769043,3
1669513516.8056,12.0,4263.846191,4265.384766,4260.641113,4254.743652,4256.794922,4281.153809,4250.641113,4248.974121,4261.922852,4251.666504,4264.615234,4245.0,4219.743652,4263.846191,3
1669513516.809502,13.0,4262.820313,4263.974121,4259.358887,4254.871582,4254.871582,4280.897461,4250.769043,4247.94873,4260.128418,4250.128418,4264.102539,4244.871582,4220.512695,4263.974121,3
1669513516.813403,14.0,4257.820313,4262.820313,4254.487305,4252.436035,4250.769043,4280.897461,4248.333496,4250.128418,4258.846191,4247.436035,4262.563965,4242.179688,4220.128418,4262.05127,3
1669513516.817304,15.0,4251.410156,4263.461426,4248.717773,4248.717773,4246.794922,4281.666504,4245.769043,4255.384766,4261.410156,4246.025879,4261.922852,4239.358887,4219.358887,4260.512695,3
1669513516.821206,16.0,4246.282227,4264.871582,4245.128418,4245.641113,4244.871582,4282.179688,4245.0,4260.641113,4266.666504,4246.538574,4262.820313,4238.589844,4219.615234,4261.282227,3
1669513516.825107,17.0,4243.974121,4263.974121,4245.641113,4244.615234,4245.0,4281.538574,4246.282227,4261.282227,4269.871582,4248.846191,4264.743652,4239.743652,4221.025879,4263.461426,3
1669513516.829009,18.0,4244.102539,4259.871582,4249.743652,4245.512695,4246.410156,4280.256348,4248.333496,4255.512695,4266.153809,4251.410156,4266.538574,4240.897461,4222.692383,4265.0,3
1669513516.83291,19.0,4245.897461,4254.358887,4255.128418,4247.307617,4247.692383,4280.384766,4249.615234,4245.641113,4255.641113,4252.563965,4267.820313,4240.512695,4223.205078,4263.717773,3
1669513516.836811,20.0,4248.717773,4251.410156,4259.230957,4248.974121,4248.589844,4282.692383,4249.230957,4237.179688,4244.102539,4251.666504,4268.846191,4239.102539,4222.436035,4260.256348,3
1669513516.840713,21.0,4251.538574,4252.94873,4260.512695,4250.128418,4249.102539,4286.025879,4247.820313,4234.743652,4238.846191,4249.615234,4269.871582,4239.102539,4221.282227,4257.436035,3
1669513516.844614,22.0,4253.461426,4257.692383,4258.846191,4250.769043,4249.230957,4287.692383,4246.282227,4239.358887,4243.461426,4248.077148,4270.0,4241.666504,4220.512695,4258.205078,3
1669513516.848516,23.0,4253.846191,4261.666504,4255.256348,4250.897461,4248.589844,4286.410156,4245.897461,4247.820313,4255.0,4247.820313,4268.077148,4245.897461,4220.769043,4262.307617,3
1669513516.852417,24.0,4252.179688,4261.538574,4251.282227,4250.256348,4246.922852,4282.563965,4246.666504,4254.743652,4266.538574,4248.589844,4264.487305,4248.846191,4221.282227,4265.641113,3
1669513516.856318,25.0,4248.846191,4257.179688,4248.077148,4249.230957,4244.871582,4278.974121,4247.05127,4256.153809,4270.769043,4248.717773,4260.897461,4247.563965,4221.025879,4263.846191,3
1669513516.86022,26.0,4245.897461,4251.025879,4246.410156,4248.461426,4243.333496,4277.563965,4245.512695,4251.153809,4264.871582,4246.153809,4259.358887,4241.666504,4220.0,4255.769043,3
1669513516.864121,27.0,4245.256348,4246.282227,4246.666504,4248.205078,4243.205078,4278.333496,4241.538574,4242.05127,4251.666504,4240.512695,4259.615234,4233.717773,4218.333496,4245.0,3
1669513516.868023,28.0,4247.05127,4244.230957,4247.820313,4247.820313,4243.589844,4279.615234,4236.794922,4232.436035,4237.307617,4233.205078,4259.615234,4227.94873,4216.538574,4237.05127,3
1669513516.871924,29.0,4249.615234,4244.358887,4248.717773,4247.179688,4243.846191,4279.743652,4233.846191,4226.538574,4227.94873,4227.563965,4257.05127,4226.922852,4215.256348,4235.384766,3
1669513516.875825,30.0,4250.256348,4245.384766,4248.333496,4246.794922,4243.846191,4278.461426,4234.230957,4226.538574,4226.922852,4227.05127,4252.436035,4230.512695,4214.871582,4240.641113,3
1669513516.879727,31.0,4248.333496,4246.282227,4247.692383,4247.563965,4244.230957,4276.922852,4238.077148,4232.05127,4233.077148,4232.436035,4248.589844,4236.410156,4215.641113,4250.128418,3
1669513516.883628,32.0,4245.641113,4246.794922,4247.820313,4250.0,4245.897461,4277.05127,4243.205078,4239.615234,4242.692383,4240.897461,4247.692383,4241.922852,4217.307617,4259.743652,3
1669513516.887529,33.0,4244.358887,4247.692383,4249.615234,4252.820313,4248.333496,4279.615234,4246.922852,4244.743652,4251.153809,4247.692383,4250.512695,4245.384766,4220.256348,4265.384766,3
1669513516.891431,34.0,4246.025879,4249.487305,4252.94873,4255.0,4250.512695,4282.692383,4247.436035,4245.128418,4255.256348,4249.487305,4254.871582,4246.410156,4223.974121,4265.512695,3
1669513516.895332,35.0,4249.743652,4251.538574,4256.794922,4256.282227,4251.153809,4283.846191,4245.256348,4241.922852,4253.846191,4246.538574,4257.94873,4245.641113,4227.307617,4261.538574,3
1669513516.899233,36.0,4253.333496,4252.820313,4260.128418,4257.05127,4249.871582,4282.05127,4242.692383,4238.717773,4248.846191,4242.05127,4257.94873,4244.230957,4229.358887,4256.538574,3
1669513516.903135,37.0,4253.974121,4252.692383,4261.666504,4257.692383,4248.077148,4279.230957,4242.05127,4238.717773,4244.102539,4239.230957,4254.871582,4243.205078,4229.871582,4252.820313,3
1669513516.907036,38.0,4251.282227,4251.153809,4261.410156,4258.205078,4247.692383,4278.589844,4243.974121,4242.179688,4243.589844,4239.487305,4250.256348,4243.077148,4229.743652,4251.666504,3
1669513516.910938,39.0,4247.436035,4249.743652,4260.256348,4259.102539,4249.871582,4281.538574,4247.179688,4246.666504,4248.461426,4241.410156,4246.794922,4243.717773,4229.871582,4252.94873,3
1669513516.914839,40.0,4245.769043,4250.256348,4259.487305,4260.512695,4253.589844,4286.538574,4250.0,4249.102539,4256.025879,4243.461426,4247.179688,4245.0,4230.512695,4255.897461,3
1669513516.91874,41.0,4248.205078,4253.717773,4259.615234,4262.179688,4256.666504,4290.384766,4251.153809,4248.333496,4261.538574,4244.871582,4251.666504,4246.794922,4231.666504,4259.743652,3
1669513516.922642,42.0,4253.717773,4259.230957,4260.256348,4263.077148,4257.307617,4290.641113,4250.512695,4244.871582,4262.05127,4246.025879,4257.563965,4248.461426,4232.820313,4263.077148,3
1669513516.926543,43.0,4258.846191,4264.358887,4259.743652,4262.563965,4255.512695,4287.563965,4248.333496,4239.871582,4258.461426,4247.307617,4261.025879,4248.846191,4233.077148,4263.717773,3
1669513516.930445,44.0,4260.512695,4266.025879,4257.179688,4259.871582,4252.179688,4282.820313,4245.256348,4235.128418,4253.077148,4247.94873,4260.512695,4246.538574,4231.153809,4259.487305,3
1669513516.934346,45.0,4257.307617,4262.05127,4252.94873,4255.512695,4248.846191,4279.102539,4242.307617,4232.820313,4247.94873,4246.666504,4256.666504,4241.025879,4226.282227,4250.641113,3
1669513516.938247,46.0,4251.025879,4253.205078,4248.461426,4250.128418,4246.025879,4278.077148,4240.769043,4234.102539,4243.589844,4242.307617,4251.538574,4233.717773,4219.743652,4240.256348,3
1669513516.942149,47.0,4244.871582,4243.333496,4245.128418,4245.384766,4244.102539,4279.743652,4241.153809,4237.94873,4239.743652,4235.512695,4246.794922,4227.820313,4213.846191,4232.94873,3
1669513516.94605,48.0,4241.666504,4237.692383,4244.230957,4242.820313,4243.589844,4283.077148,4242.94873,4241.282227,4236.538574,4229.487305,4243.333496,4226.410156,4210.897461,4231.922852,3
1669513516.949952,49.0,4243.717773,4239.358887,4246.410156,4243.846191,4245.128418,4287.05127,4245.256348,4242.05127,4234.358887,4228.077148,4242.307617,4230.641113,4212.436035,4237.692383,3
1669513516.953853,50.0,4250.769043,4247.179688,4251.538574,4249.102539,4249.871582,4290.769043,4247.436035,4240.384766,4235.0,4232.436035,4244.871582,4238.717773,4218.333496,4247.820313,3
1669513516.957754,51.0,4260.0,4256.410156,4258.333496,4256.666504,4257.05127,4293.974121,4248.846191,4238.589844,4240.0,4240.769043,4251.025879,4247.179688,4226.410156,4258.333496,3
1669513516.961656,52.0,4266.922852,4261.922852,4263.846191,4263.333496,4263.974121,4296.410156,4249.615234,4239.230957,4249.230957,4248.333496,4258.461426,4252.820313,4233.717773,4265.256348,3
1669513516.965557,53.0,4267.820313,4261.282227,4265.512695,4266.153809,4267.307617,4297.563965,4249.358887,4243.205078,4259.358887,4251.794922,4264.102539,4254.487305,4237.307617,4267.05127,3
1669513516.969458,54.0,4262.692383,4256.153809,4262.307617,4264.358887,4265.384766,4297.436035,4248.461426,4248.717773,4265.512695,4250.769043,4265.769043,4252.692383,4235.897461,4264.230957,3
1669513516.97336,55.0,4255.256348,4250.512695,4255.897461,4259.871582,4259.487305,4296.410156,4247.307617,4252.307617,4265.128418,4248.077148,4263.589844,4249.487305,4231.410156,4258.974121,3
1669513516.977261,56.0,4250.384766,4247.94873,4249.743652,4255.641113,4253.077148,4295.384766,4246.410156,4251.282227,4259.615234,4245.897461,4259.615234,4246.410156,4226.794922,4252.820313,3
1669513516.981163,57.0,4250.897461,4250.128418,4247.563965,4253.717773,4249.487305,4295.128418,4246.282227,4246.794922,4252.94873,4245.641113,4257.179688,4244.230957,4225.0,4247.179688,3
1669513516.985064,58.0,4255.897461,4255.641113,4250.641113,4254.487305,4249.358887,4295.512695,4246.922852,4242.692383,4250.256348,4247.307617,4258.205078,4243.333496,4226.922852,4244.358887,3
1669513516.988965,59.0,4261.153809,4261.410156,4256.794922,4256.410156,4251.025879,4295.641113,4248.077148,4242.820313,4253.333496,4249.871582,4262.563965,4244.487305,4230.897461,4246.410156,3
1669513516.992867,60.0,4261.922852,4264.487305,4261.666504,4257.820313,4251.794922,4294.871582,4249.230957,4247.05127,4259.871582,4252.179688,4267.179688,4247.563965,4234.358887,4253.589844,3
1669513516.996768,61.0,4256.794922,4264.102539,4262.179688,4257.179688,4250.769043,4293.461426,4249.615234,4251.666504,4265.384766,4252.94873,4267.94873,4251.025879,4234.743652,4262.820313,3
